-16.1107  -21.6988  11.5983  
21.2811  0.722381  19.4618  
-9.77372  -15.6562  -9.73564  
-4.47372  -6.74753  23.9401  
3.1605  -13.0102  10.3118  
20.7852  3.83211  -6.82518  
-16.6238  28.6401  24.773  
-18.1594  -17.6192  17.4632  
-3.96016  3.02353  21.2751  
4.93056  22.9438  -16.8621  
-15.576  12.4708  28.236  
19.5768  -18.6029  -19.3192  
10.4676  18.5237  -1.62082  
18.0884  5.30564  -27.5087  
-20.1699  -25.4536  17.001  
5.45785  -20.4285  21.236  
-3.02925  -9.2945  15.3375  
0.346065  0.94312  18.7622  
19.1945  26.2329  27.7355  
-4.04083  -4.28219  16.4741  
9.22547  -12.7977  -17.6975  
6.92987  11.9595  -25.5767  
15.2699  -17.8069  6.91418  
27.6019  -13.1179  0.673671  
-13.0511  20.0557  -19.7288  
15.228  -1.89293  -7.80563  
16.5547  18.4456  27.5442  
-3.85106  6.06938  3.05917  
1.90833  -24.1756  -1.38837  
17.8086  20.596  -9.12414  
-28.0279  -10.3682  -9.05457  
4.94238  8.20169  5.56965  
-26.9656  5.39994  -25.8548  
10.4939  13.8436  11.1389  
5.82236  -21.4883  3.67001  
-27.877  25.3479  -24.4837  
17.68  -27.9634  3.64647  
-21.5661  -26.9752  -1.69828  
6.68142  20.5065  17.4875  
-26.5702  20.3093  -16.7893  
-11.3975  -25.7242  -25.4632  
-19.7652  9.37148  -22.5234  
23.6415  -15.3742  8.17114  
-12.3187  8.39441  27.1465  
0.485606  -8.62301  24.249  
3.20975  -28.6984  24.4203  
-28.1627  26.2639  -5.53276  
-7.77184  -23.8015  25.4926  
8.52779  -19.725  -22.5338  
-4.37268  -2.23744  21.5822  
-6.06993  28.4937  4.91614  
26.8713  -20.2992  10.1523  
-6.22337  22.2174  22.8206  
5.64635  -14.5159  -4.38575  
-7.2107  4.00272  27.6981  
-24.1554  -15.1005  15.2477  
19.3328  13.3396  4.14111  
10.3345  -14.3959  -26.2814  
-27.6995  -10.5697  26.9394  
17.5275  22.5874  -14.8516  
16.8937  -6.94748  -7.91  
11.7674  -23.3741  -11.6267  
15.7489  -13.9224  -23.9528  
13.2166  25.396  19.356  
-14.3187  16.5835  22.8558  
-19.8713  13.5007  -25.607  
22.6695  -9.78152  -23.5995  
-2.10043  -9.09276  -27.1752  
17.4927  -3.78244  25.8685  
1.77343  -26.5299  -21.6885  
0.313068  24.3605  23.1118  
-15.1304  8.32838  16.6133  
2.81089  11.2965  10.0073  
7.59171  -3.52078  -23.7116  
-0.903947  24.2046  9.52225  
27.9264  27.3388  5.86648  
6.92798  -1.87632  -10.138  
21.9277  26.6604  23.5155  
5.00203  3.75931  24.7769  
-16.1992  -0.303095  11.7317  
-19.1493  18.9194  19.0575  
28.229  15.2004  -3.31843  
9.45756  20.7505  -23.0914  
25.6231  5.5764  4.48964  
9.17048  28.0254  27.7882  
21.1794  -14.5056  14.856  
-19.7474  -23.1189  29.038  
-9.84015  -2.61247  25.8685  
-24.0312  -13.3276  -1.44043  
-2.29658  -28.7103  -24.2662  
24.6887  22.3061  20.1154  
0.624982  8.39389  1.81977  
23.493  18.1619  -14.1166  
7.03976  -14.512  -22.0262  
17.7048  9.53525  -10.5967  
18.8465  -9.83065  28.6416  
13.7705  1.55924  23.8905  
20.292  3.50384  -0.3615  
-18.7242  11.8996  -18.0307  
-4.09477  -16.1525  -13.39  
3.99438  4.5592  -16.303  
21.7562  -8.50518  5.14397  
13.667  -10.9251  -15.9001  
22.0983  -6.55048  -6.8941  
-14.4006  -25.1286  -3.23846  
4.12089  -24.7236  -10.5623  
-16.5487  -5.37966  4.5621  
-9.85732  12.8386  -28.6777  
-25.9797  5.9923  -12.1936  
5.48707  -28.5373  -2.71617  
2.81841  -15.5752  -18.9264  
19.4001  -28.1197  -28.0844  
-16.7042  22.0553  15.5984  
-8.01342  9.10671  3.78509  
0.974493  -24.0604  23.1984  
0.430667  -18.9188  -12.0173  
14.53  -28.7065  14.9596  
11.66  19.0407  -11.3741  
-11.8925  -11.4156  22.6596  
0.608228  -3.9179  9.27553  
-16.6214  22.513  -27.357  
-13.604  -15.8796  25.3286  
-26.0655  -11.2479  -26.9706  
-23.8798  1.78361  -27.9343  
-23.7127  4.81961  -7.52975  
2.47808  -19.1283  -6.00263  
16.2946  -12.635  13.8877  
27.4788  11.5141  -23.4403  
14.322  18.5921  -15.7653  
-15.0779  5.11572  12.5704  
-23.5515  -1.44593  11.7816  
-25.9654  6.86668  24.0424  
-12.6227  -8.26149  -28.0845  
-25.86  -1.4761  26.0811  
-27.1768  6.17228  -0.0795593  
-11.5914  2.79417  7.24763  
25.0034  -15.2014  20.8483  
-17.2699  1.0125  -19.9377  
-11.8215  -12.9031  -25.7496  
-1.47657  -22.7283  2.67939  
12.9433  8.78344  26.5417  
13.5246  8.38608  4.60183  
-5.45724  21.1632  14.9635  
-23.9692  19.4823  16.4245  
8.80004  14.9555  -17.2385  
8.36506  20.6462  22.776  
-14.1233  -19.2959  20.5731  
-28.603  0.672981  -9.8009  
-14.325  19.8954  -12.9763  
-23.4145  -16.797  -19.6733  
20.2214  6.06068  4.06692  
10.5724  -22.4353  21.4844  
24.1746  -26.3462  28.0595  
-10.0268  13.3627  -1.98521  
-11.6775  1.4305  -1.27055  
13.5582  -12.4387  18.3512  
10.4165  27.2787  -15.3899  
-10.3821  -20.4343  -25.7353  
-22.1899  -20.0298  -24.9994  
-9.31179  2.15515  -10.8289  
-16.4032  20.443  -4.583  
2.82622  13.3754  16.7052  
4.50908  17.3828  -26.431  
-19.3414  -10.4476  16.9958  
-3.78194  9.85894  -17.8146  
28.0862  22.9476  3.0008  
1.93311  13.7739  -5.73122  
21.5462  12.6204  -8.40277  
-16.5785  -7.9331  -24.7222  
20.2985  -13.4539  -26.8783  
-26.1975  12.2915  5.55453  
-11.255  -6.39378  3.93099  
5.23011  -9.45372  -18.2159  
-26.5756  0.57935  -19.6228  
-24.6979  -19.0125  -7.26739  
20.9889  15.0208  12.1463  
-23.0222  -8.80904  25.0586  
-17.4767  18.7304  7.99272  
-5.69094  17.0259  23.1359  
-19.3869  -24.3883  8.42898  
-8.98777  -3.48008  15.2299  
18.0284  -10.4786  8.26297  
-9.36289  -3.61483  -21.9161  
22.3379  17.9062  -8.90495  
8.35775  -3.00507  -1.82621  
3.48223  25.29  -12.6757  
-23.0633  10.0686  -6.74839  
20.949  -5.13631  -15.1874  
-4.25756  -18.3493  1.6765  
-28.2728  -27.9031  0.148403  
25.1797  25.0637  -24.9514  
-0.157511  19.3334  -22.9403  
-12.5456  -27.3193  9.43937  
7.53528  -26.0326  -6.74989  
-21.1641  -14.1152  -5.8668  
-22.8457  17.1425  25.4048  
10.2601  14.3197  4.64375  
8.20332  -1.93323  6.13907  
-16.7468  -13.3244  -18.6356  
-21.5058  -9.29021  -15.9523  
3.17107  -7.53336  1.57568  
-16.7589  12.4804  -9.1063  
-23.8041  -4.65221  -29.0963  
2.17899  6.15217  9.56834  
23.0819  9.66728  28.0605  
-27.7726  9.34167  13.1348  
7.86833  -7.35245  -10.827  
7.6576  23.1286  3.23167  
-6.96254  8.71862  -21.7306  
-7.73007  -20.851  -1.56272  
27.8911  -13.8974  14.7595  
-24.6459  29.3432  17.7596  
8.34182  4.34036  -1.1555  
-27.7506  25.5224  16.2277  
28.903  -28.4248  -29.3411  
29.4198  -14.4027  -24.2098  
15.4602  22.3458  13.3234  
9.47878  -9.6953  16.1187  
-0.916196  10.032  18.7683  
20.3632  -3.53892  4.73924  
-18.509  -23.5856  -24.7052  
5.45917  -20.325  13.9362  
-25.8965  -17.6197  22.6739  
26.6975  19.7937  -5.95097  
4.68026  16.4791  20.327  
-28.7306  2.58861  -15.0608  
8.04825  21.9422  -4.48782  
27.6951  -10.6467  -13.1742  
-22.3867  -6.88218  13.6051  
25.9008  21.8775  26.4883  
27.4144  17.9882  21.085  
16.4992  28.4777  -9.41626  
12.9102  25.8407  10.2706  
22.7039  -10.8115  0.721271  
-9.52507  28.5665  -6.62749  
-12.9277  21.7557  20.2695  
18.5747  -17.3195  18.6894  
26.3226  8.81882  -12.9949  
-17.2322  -29.1823  19.5659  
-28.8401  -22.4945  17.5356  
1.76157  -0.291941  -26.9893  
-21.21  0.571791  -9.10909  
-28.0763  14.4983  -20.8085  
17.8009  -23.57  17.9962  
25.3954  -20.2093  18.8913  
12.0643  -6.87614  -1.11369  
-5.37174  -28.8573  -3.88856  
-28.8529  -23.802  12.708  
1.52116  -12.5849  -28.7477  
17.8807  9.80039  28.7136  
-10.1849  -6.42166  -6.01742  
-10.0713  10.4735  13.236  
23.0707  22.705  1.60515  
13.9747  20.1009  -20.639  
-2.60987  5.79153  15.8817  
9.78874  25.756  -10.4727  
-28.1174  3.42415  -5.45402  
-7.76619  -1.9064  -0.472182  
23.9052  -10.6603  -4.24284  
-0.00900549  22.3771  17.1352  
20.3424  3.98193  24.2969  
12.1647  4.31942  8.63597  
27.6324  -2.03932  -1.28676  
-15.3216  7.39755  -8.183  
-3.90731  -11.3016  -15.6936  
23.6054  5.58325  18.9834  
-11.963  -24.0566  -19.2918  
-15.7904  -16.7385  -25.4516  
11.0052  -26.2275  -28.9598  
10.0161  -15.7677  -0.927487  
-16.7532  -18.5387  -17.3206  
-16.7719  -6.93941  23.7201  
19.1899  -18.9008  -24.7563  
11.2743  9.24097  -27.2311  
8.88807  1.3009  21.9982  
-20.8852  26.1056  18.5447  
-21.236  -7.57718  4.81486  
0.174594  26.4646  -21.3758  
14.0141  11.352  22.0772  
-19.7031  11.25  25.5464  
7.97929  5.77042  11.6163  
-8.79582  24.2908  7.64581  
-3.65427  -23.9674  -3.77628  
9.155  15.5079  -22.1974  
-11.6104  17.8579  17.0423  
-23.564  15.6079  -28.5793  
-21.9551  -23.7897  -19.798  
-21.4044  24.6247  5.87769  
14.7339  -24.0832  -4.80536  
21.0104  15.68  -18.1315  
28.2613  23.2674  -18.8153  
-6.16354  13.2582  1.51069  
-14.2281  3.84334  19.2963  
-17.3512  21.49  3.804  
28.9446  16.6918  -13.3785  
21.2819  18.5688  -28.9273  
6.99999  -7.87284  20.272  
-5.45432  -8.40084  -7.8631  
12.9661  -17.6155  18.5501  
29.1076  -16.4679  -16.3941  
-12.5343  1.505  27.5136  
14.597  2.43554  -4.94958  
-12.1278  22.3469  -24.7063  
-4.7119  23.3192  27.9332  
-8.34952  26.3993  -28.5608  
4.66007  -20.4887  -29.1254  
22.4192  -2.79359  23.6904  
-26.2048  28.6753  7.39987  
13.7483  17.7561  -5.77781  
5.2099  9.35762  -12.6575  
14.8927  20.7279  1.09897  
14.1222  18.0578  -26.7287  
27.4638  -19.6623  -12.5096  
15.3292  11.5837  0.971981  
15.2844  24.8552  -2.33652  
22.6355  -0.75359  -22.9273  
-22.1833  17.4501  9.18753  
-19.7611  -28.5501  -23.0416  
-27.5694  -17.1267  -2.73499  
-21.6918  22.4719  -16.1232  
6.73928  -3.50505  26.6822  
-18.0881  -23.466  -11.124  
10.445  14.6765  28.3755  
20.9239  -13.5472  -13.8994  
-11.6559  14.3371  -21.0127  
5.97967  7.90154  -7.60049  
-2.56936  28.0436  0.91607  
-8.9803  -11.2026  -17.3791  
4.81491  -6.0785  6.54694  
26.7888  -4.00466  3.45351  
-24.6525  9.79028  -27.6534  
0.408396  25.2478  -6.41097  
26.4297  6.52409  -22.5761  
21.5296  -9.67524  -17.1887  
1.95711  3.74949  -23.6132  
-0.093515  28.2943  -16.1296  
19.5359  -1.62585  -0.188145  
-1.7638  -26.3629  -28.8166  
21.8432  29.3215  -3.3503  
5.19633  -14.5094  24.8778  
-20.5726  -20.6568  14.0923  
-11.1846  -4.0467  8.76988  
3.61597  2.77527  -11.3981  
-14.6023  21.1043  27.0524  
-26.5931  -9.00783  -0.381307  
8.65271  27.9674  12.7574  
16.5866  22.77  24.7537  
-4.35763  -3.89185  -10.6038  
-2.69121  28.9045  -9.08917  
23.0778  22.6843  -3.65852  
-9.10521  18.4159  -16.8947  
22.5849  -22.242  22.5775  
19.4033  20.15  -19.8201  
-24.9943  -12.7504  9.53035  
26.1936  20.3862  -26.9577  
21.9665  27.8137  -18.3782  
12.2072  -11.4845  -3.64464  
12.5119  24.3304  5.16418  
-27.7311  12.4032  27.9042  
-10.1391  -16.593  -29.2715  
16.9  16.7952  -1.70028  
15.2667  24.9892  -21.5229  
-25.2241  -25.5266  9.25039  
15.7024  27.9247  -15.3689  
-6.17543  25.1316  18.2301  
0.0859808  8.18158  -12.8757  
7.15532  18.9119  -14.4535  
0.23243  18.1349  28.6114  
-9.62763  -16.966  13.9525  
9.90787  -10.4028  -29.3455  
-16.6336  22.6479  -17.0513  
-0.256575  -1.73213  14.0837  
-26.1063  -24.4025  -23.1714  
15.867  -23.0939  -24.0785  
18.436  -13.479  -0.011719  
-24.0651  -27.3091  -15.7162  
9.31113  -18.1836  29.0379  
-0.750674  -5.49719  -13.9887  
0.210513  15.3463  -10.5274  
-7.76792  23.6673  -7.96181  
-3.3091  -14.6904  -19.5382  
16.0977  -2.37489  -13.979  
14.3569  -5.93058  18.7462  
-20.956  18.4061  -5.78544  
4.22297  22.697  -25.6749  
10.0017  10.3052  17.8795  
9.47964  20.6609  -28.2367  
18.4014  10.3721  12.7668  
5.27619  -16.033  -11.1803  
11.1962  28.2207  -21.4522  
-20.2333  6.05071  14.3847  
15.9752  1.20031  28.7211  
17.1303  -5.0832  -22.0794  
15.9502  -16.1764  -8.41552  
-26.5034  23.5532  22.3115  
-22.1471  -12.7186  4.01508  
-13.8611  28.818  -13.6936  
-12.6367  -18.422  -2.62872  
-6.21662  -19.6966  28.0684  
-10.6281  -27.027  -10.8165  
-7.6237  18.6376  -5.82695  
28.9284  -9.87194  -4.32183  
-0.724741  13.9874  13.0325  
-3.34209  14.8928  -15.9101  
-6.26473  26.5543  -23.9347  
-4.17982  23.361  -0.565929  
-9.313  6.90411  9.25711  
15.9406  -15.1305  -13.6327  
-9.33058  -18.2176  19.1254  
19.1337  11.8061  -3.78795  
2.0339  -10.8641  15.4178  
-23.3583  -26.4552  22.1018  
7.60558  -10.1259  8.76485  
-22.315  -0.450266  6.62388  
-12.9874  -29.0424  -18.629  
-15.0087  7.85446  -17.6273  
20.6759  -0.348997  -11.7719  
25.682  4.74394  -9.60692  
-19.3709  13.3095  -4.93406  
-8.95393  -10.6138  -11.3084  
7.12343  12.5815  -4.7954  
-1.21119  -22.6958  -8.24388  
-24.2384  5.81245  11.4335  
-19.5617  7.51323  5.02926  
-10.5225  3.10277  14.1965  
-3.65879  5.0311  -27.2431  
-5.17831  -27.4617  22.6147  
-15.0792  -20.6152  -21.825  
17.0548  22.0335  6.43768  
20.8179  -3.15653  11.3721  
14.731  -16.2837  1.95755  
20.6732  4.04564  -17.2589  
-28.5793  20.2608  -9.88792  
-22.4138  -28.2804  13.0437  
-18.7726  -3.54253  -27.4658  
2.59285  -1.87807  23.3913  
14.8716  -2.86321  -27.1659  
-28.4652  -4.76173  16.0717  
-20.1591  6.27762  -27.3904  
10.1911  -3.80359  21.1129  
25.4295  2.97889  -0.102566  
5.86088  21.8764  27.1766  
0.092156  22.2325  -18.6334  
24.3506  -2.05558  -17.7032  
-24.3963  27.8882  2.25964  
20.9153  24.423  -21.9479  
19.8399  4.78831  -12.1813  
28.4042  25.0457  -11.5618  
2.80894  4.58886  14.4066  
10.6602  -13.3133  12.606  
24.6342  -6.65346  -11.5807  
4.66172  -27.0803  16.5994  
24.8766  12.2687  -18.9334  
-6.18836  -24.9548  4.44788  
-12.5748  3.28598  -19.3904  
-28.3233  7.42372  4.78622  
-1.47511  -23.2489  18.7215  
5.02336  14.5641  -12.1368  
2.90358  -24.7107  -17.1858  
-5.16235  -22.0399  -25.9167  
-5.94429  -19.6169  -8.22438  
26.0299  6.21378  -4.18578  
8.99273  -10.9164  24.0515  
-5.04354  22.9155  -17.1301  
10.1489  -14.7172  -10.4761  
-13.6931  -8.13204  11.2534  
26.9068  -15.499  -28.6527  
-28.5483  -9.37598  20.1948  
-9.62005  -27.9333  19.8531  
-15.3042  -5.40708  -7.32575  
-0.653175  13.6466  3.00591  
-26.7512  -22.0441  -11.1338  
1.8  -12.6036  2.21014  
-8.44877  -5.50343  -26.7447  
1.68078  -6.04638  -20.5407  
-0.103111  -24.4658  11.4356  
-2.8554  -0.604106  -6.42321  
24.8271  -6.60577  10.6895  
25.0064  -0.406831  -8.93889  
-5.28688  4.41404  11.2282  
14.4844  8.28944  -19.8412  
-6.70408  17.0812  17.8068  
-3.5513  -13.365  -8.84274  
-6.25842  -0.276299  6.19983  
0.346083  6.97393  -19.3511  
24.8099  22.0865  14.8606  
-16.1802  5.75549  -13.0074  
1.76999  -0.550984  1.23358  
12.4189  -21.1698  0.210233  
14.2785  7.61302  -14.7114  
11.4521  28.5617  1.3273  
-28.2956  -4.65796  22.6468  
-20.5877  -10.8298  -26.3134  
29.2762  -20.4502  1.13148  
-11.2584  23.9423  -11.6651  
3.15231  9.11296  -23.5147  
-13.1399  26.9782  7.13853  
11.5783  -6.08204  6.22057  
-14.3074  -4.58593  19.9229  
9.30224  7.43013  -20.9671  
-20.9669  23.7513  13.6057  
29.416  -9.43193  -18.0826  
-26.8495  11.8417  22.6612  
15.832  14.0571  -17.6533  
1.19606  -21.4906  7.04001  
24.8531  23.1861  -14.7687  
-8.69802  -0.595959  19.3417  
-0.447276  16.4497  -2.18491  
-24.2114  -25.6016  -28.4157  
-26.1131  -0.435582  -2.28405  
25.8867  -1.73655  17.2112  
-10.0604  -27.496  28.7092  
29.2642  -3.88157  10.881  
5.60736  6.90813  29.2741  
-15.8003  24.6104  -8.97871  
27.3045  10.6022  16.3888  
19.7053  21.6352  20.6136  
26.8407  -28.8544  -24.4706  
18.6112  -20.7329  13.4008  
-10.3985  12.7604  -13.5798  
-10.677  23.4174  24.9752  
-7.848  4.8252  18.3285  
-24.7122  -22.6379  0.0140653  
-18.3146  -7.1827  -3.1961  
-13.2482  -10.5018  -21.0818  
-18.9208  -15.4294  25.3962  
-3.76428  10.7146  27.0018  
12.7905  -24.0369  16.8746  
4.20322  -18.0447  9.54778  
-20.8346  -21.0771  4.74594  
4.75147  -26.8793  -26.2694  
-2.06148  -14.4867  -0.981426  
-27.6943  -6.31793  -26.1965  
17.2487  18.2511  10.8329  
17.1363  -22.1591  28.1301  
1.06136  17.3506  6.5678  
19.8283  23.7564  15.4615  
-4.1185  -6.17345  -19.1311  
-23.5065  -3.35645  17.7197  
25.9478  14.7141  13.137  
-16.0519  3.43772  3.98677  
-18.6514  -27.189  3.03051  
20.6799  -1.09747  -29.0698  
-25.1356  9.75696  -18.1606  
-23.4128  19.4465  -10.4065  
21.7606  14.7316  -25.3585  
-14.5151  28.5679  -5.27767  
-2.56159  20.6797  -4.93095  
13.8855  23.4461  -26.6722  
23.0169  -1.99739  -4.05164  
5.7499  -25.2311  27.6388  
-4.56152  -17.1597  6.79515  
-4.8652  -4.74202  -3.76731  
-10.6212  1.27764  -23.5779  
-27.3774  -9.93354  13.6726  
20.7307  -19.4889  5.19297  
26.7426  -27.3718  18.6754  
3.18406  4.06078  -0.0714969  
-6.98064  -23.3184  -11.675  
-1.28333  14.4245  22.2017  
9.32131  5.67254  3.58662  
1.21782  -11.569  -15.7801  
6.84833  25.0124  -21.2572  
17.2609  -7.96154  23.0102  
-23.2342  -10.8848  20.3889  
-21.1118  6.97827  -14.3936  
-28.1547  0.647682  13.0746  
21.2851  -27.5056  17.6716  
-5.22678  21.2946  -23.8926  
-6.30631  7.36611  -14.0023  
-9.46538  -14.8737  -4.52601  
13.3338  -12.1853  6.73855  
25.9132  -23.1657  -5.21906  
-9.7099  12.6285  -8.36058  
-27.9446  -23.8929  -15.9516  
7.78418  25.8575  -1.20906  
13.4098  13.1069  -23.7477  
15.5449  16.614  16.349  
16.0563  5.82987  21.8379  
-6.31153  -9.37034  -24.0796  
-28.3893  18.0677  -28.6546  
-22.3105  4.48714  1.69101  
4.685  26.2596  21.0238  
-28.9312  20.1  17.1509  
-16.0851  14.8047  17.9029  
-2.79403  19.3009  -11.3694  
9.60877  27.1511  22.768  
29.1222  -4.23903  -17.8246  
-1.03365  -13.6993  22.8548  
26.0279  -12.3744  -20.7433  
13.231  9.51338  -5.11243  
-21.4456  -15.8751  20.9084  
-15.1871  4.8433  24.4423  
8.3868  -16.8607  6.79769  
-14.4893  24.3873  -1.78088  
28.1737  3.54174  17.4699  
-9.39563  17.8591  -24.6064  
-0.960966  10.4721  -2.71362  
0.474517  26.663  13.9786  
19.5712  -26.5583  -22.7753  
-2.24162  3.70126  7.24855  
28.441  0.759254  5.84038  
-5.76574  17.3791  4.63811  
-14.6953  28.0454  2.12468  
12.0881  -19.7532  -7.69584  
-10.4106  10.2609  -18.0123  
13.4292  19.9567  20.088  
19.2093  23.0594  -27.0236  
-22.4148  -0.881403  1.35758  
27.236  -2.43577  -26.4986  
-26.0511  3.30026  7.09207  
23.7564  9.10522  22.8321  
1.43894  0.125463  6.38948  
-25.7928  -21.6082  5.97502  
6.26491  10.3951  -17.8685  
-7.50534  17.6341  -12.1564  
-25.3929  21.2274  7.46884  
-21.5345  22.7825  -21.6028  
-16.2215  -0.571255  -8.62219  
-11.8146  -6.07564  -18.3164  
27.3187  -1.65594  26.8293  
-24.8959  14.5622  -3.25319  
14.1262  -28.5098  7.88433  
-4.11279  -24.4034  -15.9555  
-7.85485  -6.64533  -14.7827  
23.649  -19.2005  14.079  
3.65557  -13.7551  19.6377  
17.9153  -0.455942  -19.0211  
-0.762145  -26.0209  -12.0498  
-29.4324  11.9273  -15.727  
-8.24345  -0.568748  11.0269  
-7.75413  21.8112  3.06279  
-16.9671  1.97713  -1.12027  
-25.774  3.70362  19.9986  
-19.1967  1.01817  -24.9379  
6.7708  -25.0119  12.2947  
16.2077  -25.1504  11.4273  
23.0614  26.9897  7.61071  
15.9448  -0.0555597  8.39827  
19.0489  -24.4838  -13.6329  
13.5984  16.1414  23.9236  
-28.9457  -19.6864  -28.6611  
-8.2708  -23.2212  11.9261  
-25.1289  5.52206  -20.957  
-0.947795  23.501  -27.2544  
8.401  -5.24206  13.023  
7.02029  -5.31958  -15.5277  
9.54294  -27.2225  6.09776  
-16.4872  -13.6373  -12.0452  
19.7048  -6.88257  16.4848  
6.83553  10.9611  13.4048  
-1.13332  1.68568  -16.964  
19.0878  11.8731  22.9797  
-7.31997  -25.5351  -22.2768  
9.06618  -26.4627  -18.8934  
-18.8524  -10.7146  27.5671  
-14.1411  -24.1258  4.43763  
18.083  -21.208  -0.968432  
-1.87955  -27.6735  15.9297  
2.76075  27.8728  3.59727  
-24.5702  -28.8675  -21.0305  
-24.2993  27.5783  -28.1712  
-15.3159  -19.4414  1.92728  
-14.8293  -16.4939  12.4677  
-5.3168  17.104  -20.1086  
-14.0443  19.864  11.7226  
-24.7621  -15.8737  -14.7406  
-15.1551  -4.68546  27.9712  
15.6316  -16.5364  25.3817  
-12.7076  -24.6988  14.172  
5.52296  -0.230282  -5.1415  
-21.6469  11.6838  -11.9674  
-24.6122  -10.6238  -19.7105  
13.0324  4.191  -25.3907  
2.16283  -5.97473  19.8337  
-0.736985  -2.25026  27.811  
22.324  -8.43295  23.8893  
6.93057  -17.2327  -15.8703  
26.5325  -10.4889  6.74748  
13.3314  2.35789  -14.4013  
-18.7995  5.7412  -4.50637  
6.85171  -0.469327  -27.8053  
-27.2617  23.9579  -0.77095  
-11.2692  28.572  24.386  
-26.8869  27.3825  -14.2376  
8.50725  -26.9796  20.6016  
21.834  -14.5327  -6.94233  
-23.1954  0.798228  -14.0438  
5.89639  1.3265  9.33617  
-17.6566  -0.141445  20.1877  
-5.57662  3.0413  -22.8579  
29.4313  18.5997  12.154  
-29.3562  -13.6086  23.1887  
24.6145  2.77077  28.251  
-1.88333  7.32127  23.5633  
12.4926  23.1201  -6.77132  
6.97477  -13.84  2.90054  
-14.166  16.9547  -1.57683  
24.6323  -28.701  -11.3821  
-7.69521  26.7844  -14.6241  
27.9021  6.05063  25.9826  
24.604  17.3232  7.80017  
10.4292  -9.93402  2.9588  
6.37008  25.6114  7.88872  
20.9599  -27.2678  9.50074  
-4.59226  -10.155  0.233981  
5.00905  -8.74232  27.561  
-14.1549  0.928528  -12.9009  
-22.9367  27.3383  -3.99214  
-16.033  -13.7786  0.119037  
10.3317  0.0374459  1.86588  
-19.3634  -28.8937  -13.8234  
-5.56535  12.6798  15.014  
-20.3966  5.85054  26.0673  
4.89114  27.0973  -28.159  
-9.73849  6.36546  -0.827643  
10.3408  13.5621  -0.476302  
18.1639  -24.0636  -8.66381  
-20.0135  25.9167  -25.4928  
-25.6409  -26.6212  -8.78991  
8.40082  4.19786  16.7713  
27.0184  -27.4421  -16.0971  
-14.0287  12.9403  -25.3964  
-22.6216  -4.31187  -14.1354  
-25.0655  -5.94451  8.35072  
-27.4607  13.7852  -7.99021  
-20.1222  16.9126  2.58768  
-16.2745  -15.5538  -7.123  
0.560265  23.0567  4.64107  
-21.8895  13.3255  21.6296  
-5.59154  5.56571  -9.30387  
-28.6238  -7.80418  4.41504  
1.20319  -12.5386  -10.8126  
16.1294  -5.37066  8.35885  
-11.8002  1.16128  -6.49812  
0.973855  -2.82391  -3.81412  
1.37334  -4.58886  -9.06975  
29.2369  28.1975  -19.8205  
13.7856  12.0299  14.8284  
-26.7867  -22.6885  22.4041  
-20.5795  12.7432  5.88193  
20.5262  -16.1177  23.3544  
-18.667  -22.3758  -0.890493  
-2.37103  -17.0571  -5.45243  
12.039  -9.75847  -8.83099  
-22.1037  -2.64721  -19.2169  
2.90966  4.32885  -5.19197  
-3.8487  -20.3132  11.1057  
-14.4133  -10.4956  -3.63085  
13.5804  -28.7151  -3.09003  
-25.0472  -17.3325  28.0232  
-23.5483  16.0281  -22.1714  
25.2678  -23.846  -0.166863  
-19.6557  -22.9682  23.6244  
6.14091  6.86797  20.6368  
-9.64448  27.4438  14.8837  
-10.4273  7.57346  -6.36032  
-3.24214  -6.96566  10.5284  
15.5238  -3.79223  14.0864  
-7.68706  9.88044  18.9992  
17.4245  -11.8153  -5.41821  
12.5547  -6.14632  -13.769  
-9.21209  16.2426  8.18192  
0.724595  5.49518  28.6604  
22.8598  8.10541  14.4828  
-12.6754  18.3867  -8.11673  
-5.47321  -15.0207  -24.991  
-25.5132  -5.69844  -21.5876  
-14.3712  7.48494  -24.1934  
-19.7365  27.2039  9.88088  
21.5827  17.8302  -2.90499  
-9.6738  -3.7225  -10.5796  
17.0981  -26.6984  -17.9853  
20.7918  18.5142  4.35522  
27.0778  12.7915  21.127  
0.637133  -19.9085  -17.0967  
0.301208  26.8555  27.8629  
-18.3662  -16.161  5.24479  
-11.8262  -9.97618  15.6476  
-16.6575  -7.6838  -14.4032  
23.9287  5.40166  9.58274  
-19.764  17.0336  -18.7894  
-5.12432  -0.590097  -19.1159  
28.6827  26.5855  25.8401  
-19.4124  -18.1215  -29.0032  
-0.812164  3.36167  -9.00004  
10.3712  -18.2677  14.071  
1.38493  13.9698  -22.5596  
17.0563  -10.1415  -19.8486  
9.90491  -21.6922  10.1932  
-19.0235  20.3792  24.1948  
19.6513  16.345  19.7763  
-4.78324  13.9686  -6.54824  
18.7941  -16.3465  10.0902  
23.9842  -27.4633  23.0688  
-4.73712  2.50055  -0.446508  
-9.56019  -10.8007  -1.4981  
-12.8481  14.5247  12.4464  
5.13328  -19.6067  -1.30815  
-12.4873  -11.2894  2.89267  
-12.4939  20.843  1.62611  
-21.3134  3.57008  -18.1488  
25.1591  -14.7519  -11.0592  
9.20317  15.0642  -8.96093  
20.2625  1.12999  14.342  
-9.80356  -22.3068  6.94189  
17.473  7.90901  8.06736  
-13.2667  -21.6807  -7.26736  
26.6585  -6.78824  26.9198  
-5.88463  -1.8811  29.2634  
-17.3652  13.0907  -0.214957  
-17.6527  -4.56813  -20.9484  
-23.6698  19.8444  -0.939269  
-15.3646  14.7058  -13.467  
-5.32463  10.0552  -27.0461  
-20.4477  23.7192  -11.1168  
29.4151  -4.54779  -12.4565  
-18.8535  -20.0213  -7.11805  
22.6923  3.95246  -25.5045  
-13.3255  9.83083  0.510283  
26.5545  12.5772  -28.4983  
20.2749  -5.98053  -26.5224  
-21.5722  -18.266  -0.22411  
11.8934  -22.0834  26.7231  
-27.9022  15.4709  1.37239  
7.27655  17.3872  7.5799  
19.4306  -19.5601  -6.48458  
-1.44701  -16.6339  13.9578  
-20.0903  19.2878  -25.5623  
28.3049  5.0853  12.3611  
-14.2071  -4.12912  14.777  
23.6636  -22.0254  -16.0883  
11.6156  -4.99862  -20.8041  
26.6995  -26.8068  3.83596  
-9.82541  22.6932  12.375  
25.4572  -17.9804  -3.99125  
-1.53344  18.7349  10.8894  
-17.6124  27.6574  -18.5249  
11.4941  -28.2506  -9.15531  
1.18113  -16.7485  26.7563  
-15.3543  -2.70192  -16.3454  
10.7902  22.7922  15.3  
-17.1878  -0.90273  6.79521  
-16.8742  -3.05293  -0.14368  
25.8224  11.0679  -5.97102  
22.5914  -22.3912  -28.0364  
5.29423  24.6781  -7.82117  
-19.9996  11.236  16.0359  
25.3761  -7.48115  19.572  
23.5177  -15.6694  -17.8111  
-9.78946  -17.2557  8.31297  
-18.8586  -9.53063  10.598  
25.0076  2.60427  -14.9442  
17.188  -21.3365  22.7743  
-25.9435  24.9716  11.1595  
6.75565  -6.65415  -5.30903  
-23.8639  -18.8086  10.2291  
-8.20932  -17.9677  -21.5627  
22.5617  18.041  24.563  
11.3941  -22.0606  5.26339  
-4.34489  6.86619  -4.2623  
-20.9272  24.2133  -0.247322  
-0.759932  -22.1447  -22.8084  
3.72469  19.3759  12.5213  
-23.1403  16.3269  -14.542  
10.1925  5.56352  -6.18705  
5.74393  -29.1327  -13.3284  
-5.22094  -9.63515  5.78889  
-21.5181  -4.28978  22.7771  
23.6044  -9.65216  14.9697  
14.6242  3.13204  -20.5802  
-26.1638  20.7019  -21.9933  
-6.01118  -8.99291  28.1828  
-1.25798  -29.1426  8.63884  
-29.2513  -27.3986  -4.95077  
-0.943802  -13.1856  6.69252  
15.3635  15.9899  6.61876  
-28.0806  -23.9594  27.453  
29.3442  18.4484  5.37608  
-12.4519  11.7782  19.9103  
-11.2876  27.4003  -22.754  
7.75417  4.61381  -25.4814  
-6.03953  -4.67444  3.6477  
0.140834  -14.7239  -23.908  
-4.20241  -20.3704  -19.4097  
9.69529  2.9504  -18.3023  
-12.5946  10.8554  5.5929  
27.9457  -21.6249  -19.6076  
21.5917  -17.716  -0.307829  
-13.2757  -22.5005  -13.067  
25.6386  22.3331  9.61376  
-7.33496  -13.9428  21.5357  
-8.67256  17.2069  27.5112  
-28.086  -17.3621  17.5489  
-13.725  -13.9637  7.15649  
-17.6974  12.8075  11.0484  
5.4924  0.422275  -20.7422  
19.1694  3.49189  9.99012  
29.1168  -15.3915  9.76002  
3.28568  -5.76585  14.6734  
10.9636  1.35334  -9.95018  
-28.764  8.74203  -8.49815  
-1.64812  19.4716  1.77529  
-2.23862  28  20.0402  
14.9723  -17.9987  -28.3862  
28.8511  -4.69588  -5.4139  
6.92971  -22.2343  -14.128  
-24.4682  28.0226  25.4024  
-26.9891  13.9243  10.8081  
28.5651  1.61122  -23.4124  
1.26102  19.2429  23.4285  
3.32016  -19.1539  -23.9038  
-21.5792  1.87091  17.3128  
-8.06983  8.89907  24.2498  
-14.8077  -25.0424  24.4408  
5.41342  -8.42365  -24.9934  
25.8241  -17.2207  3.15891  
19.6357  25.8922  3.69662  
18.2311  27.2936  19.6455  
-4.3755  18.0965  -27.9247  
21.23  26.6361  -13.3219  
-16.0903  8.4307  8.8285  
-20.435  25.2107  23.7579  
-6.64609  -22.3459  19.744  
-9.91094  -6.27865  22.2721  
-25.289  -6.13546  -10.1062  
-27.8833  18.8702  24.7427  
-27.177  -19.133  -23.8427  
-20.4672  -14.4516  11.4657  
8.7178  -24.6525  -24.0748  
11.5619  12.3764  -13.8723  
7.99083  21.5438  10.8055  
14.4778  -18.5286  -17.387  
-22.008  1.47391  23.7807  
-24.7818  -14.3574  -9.4682  
-5.15637  -28.9971  -18.2491  
7.17084  12.0566  21.8702  
-20.7534  -21.4985  -15.3775  
-21.6494  28.4899  -9.26114  
-6.40051  -28.0019  13.0461  
-14.5518  2.6523  -26.6064  
9.02252  -21.8136  -3.90458  
-13.7055  -10.1208  -9.0174  
4.91406  -10.6264  -7.90787  
5.91308  -26.7448  2.14721  
-23.2472  10.039  -0.787098  
-8.54799  -16.4233  -16.4822  
1.93139  -19.378  17.4217  
15.062  1.46917  15.5695  
11.89  -4.08664  26.0177  
-3.61845  14.2067  -24.3487  
1.49025  12.5809  -17.364  
18.4253  12.1194  -22.3592  
13.9078  -27.983  -25.1312  
2.8565  -1.88999  -16.1041  
-23.5752  -3.2579  -6.25506  
-4.06927  24.6777  -11.4682  
-14.0578  26.1652  17.539  
21.1666  8.60441  -19.2727  
-13.8136  16.112  5.4253  
-6.77704  -12.9314  16.2071  
-12.8252  -17.432  -13.8177  
-22.2841  -6.13443  0.00622741  
0.824399  13.355  26.9409  
-15.0912  -12.8427  18.4838  
21.2637  28.2741  13.6302  
9.73026  10.0584  7.72091  
14.4929  -1.97327  -1.0572  
16.3426  -0.951914  20.1057  
27.843  26.5763  20.3605  
20.4557  -25.6575  -0.0658015  
-10.154  -25.2245  -0.231341  
22.5389  -26.3293  -7.42674  
14.0639  -11.9841  23.4213  
-4.32636  29.1516  27.0582  
24.3465  -24.5304  -23.0477  
18.6659  24.9807  -6.14538  
6.08527  11.7407  26.9602  
-0.129967  -4.8715  -25.2173  
12.7907  -23.6172  -16.714  
4.51986  -28.4173  9.00918  
-1.47796  -21.4998  27.4436  
-3.16992  11.5225  -10.9654  
-21.2191  -24.8449  -6.60167  
-23.0827  14.8213  14.2999  
-1.9044  -5.79948  0.665084  
-19.9369  -14.4552  -22.7514  
-9.11903  28.2774  0.871426  
15.6663  2.12811  3.58768  
-13.5606  -24.4677  19.4843  
22.0527  -17.4301  28.5982  
10.0702  -0.317579  12.8013  
14.0478  -7.36423  -29.3869  
17.9589  6.80977  -3.83181  
13.6574  -18.6037  -22.4762  
-8.63231  2.14153  -16.2433  
5.14429  25.357  15.7791  
14.0251  13.246  -8.90593  
23.7139  -23.5147  7.08035  
14.4643  6.33881  16.9408  
