34.7738  35.5392  26.3693  
36.694  35.044  28.5556  
23.5535  35.5611  18.8301  
25.1969  36.1043  16.3922  
37.0664  0.278264  50.0953  
37.8091  57.7981  52.5812  
2.44369  45.6284  22.8283  
0.947685  43.8201  24.6137  
10.4063  57.5176  54.5534  
8.67373  55.4969  53.2721  
40.7578  53.0586  52.7511  
41.4913  50.7629  54.4464  
41.0294  17.3566  23.1917  
38.8859  19.0891  24.1049  
44.9451  38.1403  32.6631  
42.9893  37.2309  34.5241  
54.3085  5.89948  14.0081  
54.8827  5.39273  11.1622  
58.4914  24.6883  21.4329  
57.1103  27.3311  21.7675  
33.8687  58.215  25.449  
31.0093  57.8015  24.8089  
21.4133  31.8919  49.0418  
23.0784  32.7735  51.2339  
9.37771  12.5966  45.2734  
7.58456  10.9285  43.6127  
16.278  10.7565  33.8658  
16.3884  8.57294  31.6106  
21.3517  34.1698  28.3801  
21.8344  31.4374  29.4476  
7.53888  55.0339  13.3609  
4.81053  55.7165  13.0364  
48.6061  40.3865  14.258  
51.2363  41.1865  13.1736  
49.6256  10.0827  10.5779  
47.4007  9.94381  12.5936  
13.104  23.9389  28.5201  
11.1257  26.218  28.668  
57.1893  49.6384  9.81659  
0.897038  50.0569  11.1152  
58.633  39.1027  47.5762  
58.2627  40.7514  45.1109  
4.07083  12.5842  30.2393  
3.3087  12.1164  27.4833  
12.2031  38.7833  5.02617  
9.81241  40.4801  4.33405  
47.1646  50.9571  22.1007  
44.9681  52.3986  20.8018  
39.1953  15.8081  34.7131  
39.7128  15.9467  37.5426  
1.90742  53.8132  39.0843  
4.47017  55.2365  38.3701  
22.0529  15.5724  25.8538  
20.4936  13.0255  25.9269  
9.84733  53.352  48.6921  
11.8267  55.2764  49.6514  
3.14178  36.4684  5.74504  
3.00933  39.0647  7.04852  
38.9383  18.4916  48.9871  
37.9107  17.0511  46.6438  
36.059  57.4354  2.00979  
35.9988  55.4871  58.6773  
20.9564  0.984877  10.1322  
22.3083  2.78609  8.46834  
37.4583  56.4255  27.4352  
37.3799  0.365029  28.3159  
12.0917  16.573  5.81931  
9.62835  16.4044  7.43858  
8.17364  34.7079  15.1546  
9.58234  36.4326  13.2639  
22.9016  46.707  38.1304  
23.9843  49.089  39.6432  
15.2504  12.9799  16.4152  
17.8073  13.7856  17.5253  
15.5  20.9127  55.1503  
14.6019  19.6705  52.6097  
20.8014  22.3236  16.0055  
18.6192  23.5734  14.5109  
32.3454  16.5459  24.8669  
31.6285  13.6201  25.2592  
50.2016  36.4336  38.2471  
52.5313  35.1359  39.8509  
29.9822  12.7196  45.7075  
28.4164  11.3069  47.5281  
9.6956  48.9198  16.3421  
7.91111  48.0246  14.04  
45.6747  12.3594  17.4324  
47.0796  14.9545  17.9139  
55.6745  8.1745  23.4897  
57.0175  6.39613  25.5417  
4.26816  17.985  25.166  
6.96537  16.6041  25.1951  
30.5345  22.258  45.341  
30.2491  24.6968  46.5739  
54.6423  10.204  31.066  
54.2602  8.57829  28.4953  
11.3519  12.0736  26.1518  
12.4217  9.43226  25.6291  
56.7162  42.6172  31.3334  
54.2344  42.3836  29.5997  
24.74  33.3523  55.771  
21.4408  34.2712  55.4626  
22.6447  33.3078  14.9953  
20.921  31.0396  15.1315  
58.5408  39.0075  25.7403  
57.6495  41.3246  27.1693  
9.38801  53.7137  57.1941  
9.2563  52.0431  0.732153  
12.025  1.22786  38.6112  
9.94584  3.20748  39.1903  
36.9544  41.4839  33.8688  
37.2001  43.4096  31.5559  
21.9414  6.20285  5.93361  
19.374  4.89078  5.89146  
25.8564  40.1328  30.4057  
23.9355  39.1264  32.2848  
45.3702  45.2284  33.3026  
44.5201  45.9286  30.2728  
14.2119  27.1521  45.1228  
13.0124  24.7954  44.1508  
8.26747  44.5379  53.3535  
9.90654  46.8918  52.2594  
10.4194  27.8171  36.6159  
12.3824  29.0362  34.7767  
13.7265  48.1993  46.4814  
14.4553  45.1983  45.9036  
20.9252  33.0662  11.2589  
18.9268  34.7983  9.939  
54.7235  21.3308  28.247  
52.4083  20.7014  29.6636  
36.5203  32.4214  36.9056  
37.8366  29.9235  36.3798  
11.5368  48.5968  29.6592  
14.1565  47.027  29.2624  
49.2081  43.5353  42.7114  
48.1184  46.2669  42.5244  
8.05324  1.63786  26.1352  
7.18409  1.93827  23.4542  
54.2738  55.834  54.9457  
52.3678  53.3766  56.1321  
57.3704  30.4211  13.0648  
58.5555  27.9552  12.2734  
1.66628  10.1034  5.25525  
4.36322  9.57786  5.71923  
2.29826  4.06448  14.467  
2.49148  3.34264  11.564  
30.2654  13.1238  33.5699  
31.0047  10.2196  33.8914  
49.8202  32.7315  53.949  
50.7999  35.1094  55.1172  
0.409549  29.4861  8.21959  
2.92168  28.1589  7.17081  
16.3566  58.2403  47.3239  
13.8386  0.410557  46.1145  
24.3955  12.4484  23.5069  
26.6403  12.8465  21.6522  
54.3314  2.50892  7.96848  
53.0035  4.94172  6.35762  
47.5775  49.9987  5.05364  
45.7522  52.2998  5.23324  
34.7299  22.6568  5.67357  
34.1815  21.5386  3.05879  
29.2103  58.1233  8.52126  
30.8359  57.9157  6.30893  
19.999  18.6891  27.7833  
20.6674  19.2526  24.9503  
36.9263  45.6408  7.0576  
37.051  42.7755  6.51762  
7.10473  28.1094  10.9289  
8.90648  29.3611  13.2241  
14.1903  56.9892  54.5158  
14.9381  54.8179  56.3537  
30.0145  27.6993  28.6041  
29.9766  30.6266  28.5883  
3.301  47.0422  32.7804  
0.720594  48.1184  33.3435  
39.0614  46.369  10.3982  
37.9195  49.0463  9.70244  
47.1913  35.6375  53.2168  
44.7866  35.6557  51.6416  
33.2607  36.6266  20.6455  
31.1492  38.5301  20.2992  
3.77046  3.62327  50.0348  
6.49227  4.16753  49.5684  
43.2773  54.2365  56.301  
45.5326  56.2196  56.7396  
10.2697  34.5073  46.3515  
9.34939  33.3083  43.7234  
42.1566  23.4039  55.7268  
42.4198  25.9412  53.6576  
22.5685  57.833  44.4099  
24.0979  57.5939  46.8969  
21.3421  7.02389  36.9825  
19.9098  8.67361  34.8527  
13.225  49.0373  54.3778  
12.3665  50.8337  52.1707  
34.3501  25.4094  38.9133  
37.2407  24.7971  39.2768  
2.91362  53.1886  52.5901  
0.870393  55.3319  51.202  
0.167371  26.9201  39.5913  
1.10414  25.9545  42.1324  
31.7649  39.9624  13.9789  
32.5989  38.078  16.1122  
17.9542  29.9604  46.5954  
17.632  30.643  49.371  
28.7  41.2084  45.2703  
29.0297  42.7522  47.8054  
54.9724  14.1891  54.6698  
52.6094  13.3321  53.2716  
5.80747  38.3437  41.6177  
7.38379  41.0576  42.2228  
50.2553  32.0283  16.4515  
50.733  31.7639  13.5276  
0.525954  53.0501  31.0617  
0.31263  55.4368  32.5168  
39.4822  24.8449  42.7664  
41.2546  25.453  40.6349  
50.581  24.5887  50.709  
47.8518  25.7078  50.955  
11.7858  46.0466  42.3078  
10.7682  46.5936  39.6702  
5.78151  35.8318  31.0648  
7.52209  37.8966  31.8969  
42.3904  26.6142  11.2159  
41.2996  24.3254  12.6277  
54.451  0.647682  20.9017  
52.5429  1.67655  22.8803  
9.01086  42.743  29.0594  
6.00863  42.8374  28.7747  
0.878734  40.1549  39.3844  
0.496941  40.5528  36.4739  
7.59752  33.9761  5.37829  
9.58058  36.0924  5.19887  
21.7607  3.08549  2.63935  
23.5161  3.67376  0.260683  
44.5719  36.0881  28.4998  
46.0648  38.5831  28.2384  
1.23448  41.6735  32.6669  
0.616915  44.1067  34.0821  
44.9114  32.9624  10.9253  
46.6082  33.0497  8.40746  
48.7021  46.6379  29.6632  
49.3322  49.4781  29.0043  
37.4028  11.6038  36.8266  
35.5487  9.40129  36.41  
17.5007  1.73203  12.1464  
18.4136  57.8634  12.4619  
50.1152  10.3949  51.8889  
52.9291  9.48348  51.9951  
53.9251  30.2537  3.17045  
53.7787  27.9299  4.86689  
55.3372  46.2206  2.57567  
57.3823  48.4  3.09439  
41.2015  18.8197  27.4045  
43.3361  18.2556  29.3421  
17.8241  10.2848  48.7008  
17.0336  7.46394  49.0413  
50.2777  16.3537  16.5801  
47.9622  17.6639  15.3442  
36.0588  50.2826  31.624  
37.3882  50.1769  28.7022  
27.8141  56.4502  16.1408  
25.6683  54.9586  14.8713  
41.5401  7.81035  40.5825  
38.5933  7.96174  40.8505  
43.5404  7.22533  30.953  
42.8189  9.70385  32.3381  
16.9757  43.8214  58.6559  
17.5693  45.7606  2.16128  
53.7123  51.5633  16.8061  
52.5369  53.8804  18.3804  
26.3442  55.813  26.2297  
27.5149  57.8645  28.0523  
43.5254  4.38215  38.0252  
43.3272  1.91862  36.465  
44.9486  51.6089  37.3338  
44.0372  50.9517  39.9316  
10.4055  24.0716  5.57755  
10.6443  26.8983  4.72705  
21.2788  14.2392  19.3224  
19.4075  13.3916  21.5407  
17.8157  57.764  3.9067  
16.7202  55.6587  2.90214  
43.3141  23.2262  19.1606  
45.5144  21.6019  20.2025  
33.0076  5.53665  24.1832  
31.9551  2.89309  23.5885  
10.659  57.4664  41.3644  
11.8506  55.644  43.4267  
53.0641  10.9184  0.974907  
50.0466  12.4102  0.331937  
47.1445  41.9056  24.805  
45.656  43.3356  26.5813  
28.5788  54.8664  55.5673  
26.6025  57.117  55.6917  
50.1992  4.32188  36.2621  
50.3564  1.46275  35.5642  
30.2631  45.1665  44.592  
29.6681  46.4668  42.0787  
20.0571  52.7013  13.5211  
19.0017  49.9565  13.6826  
5.6044  32.486  22.7171  
5.87745  35.2783  23.0474  
23.5552  9.70344  19.6428  
23.4169  6.79901  19.3901  
15.9451  28.1017  33.1838  
13.7604  27.1854  31.3978  
57.7671  11.2538  40.9285  
58.5102  12.5546  43.328  
13.8628  24.6692  20.4106  
12.171  27.1195  20.4424  
17.1162  13.7796  41.9618  
15.1345  15.8012  41.5195  
48.4497  54.0785  29.8056  
46.9931  52.3218  31.7091  
22.7412  26.4246  43.9103  
21.5317  27.5427  41.4163  
39.2799  2.42249  56.848  
38.795  3.44492  0.704153  
44.6829  1.60727  1.12829  
43.992  1.79108  3.65096  
2.66722  5.78514  18.2798  
0.436736  6.82539  16.6828  
14.5182  37.5019  20.2479  
16.5953  38.8083  18.8856  
42.549  44.9307  24.5143  
43.4686  47.4102  26.1568  
42.3496  34.2487  25.3066  
43.9652  31.9542  25.9048  
44.0966  19.1687  53.9334  
43.9445  20.1773  50.9371  
11.8504  15.211  55.4266  
11.0868  14.6542  58.2851  
28.2094  20.5836  55.0772  
28.6814  20.2513  52.1887  
30.935  42.4569  30.6171  
33.2555  43.5966  32.2792  
10.8415  39.6286  18.5259  
10.7362  36.9486  17.3986  
31.0877  13.5722  1.61546  
32.8627  15.1847  3.03633  
5.23051  4.06758  28.2456  
5.13457  6.59424  26.6699  
9.50892  8.01315  35.2916  
10.6624  8.16177  32.6513  
12.2149  56.26  31.3046  
11.9394  57.4983  28.5206  
21.4685  39.0547  55.0422  
21.0671  39.8637  52.2503  
25.7552  55.8588  9.34941  
24.7766  58.5169  8.86355  
30.9411  48.6648  37.3851  
30.9138  49.7191  34.7055  
34.2038  24.3863  53.5294  
32.6763  22.2584  52.606  
43.1802  27.0966  34.843  
42.8929  25.306  32.5634  
40.265  32.5845  28.6021  
37.8832  31.0943  29.5758  
3.5184  53.9492  22.3509  
1.51539  54.8996  20.6567  
16.1139  51.3344  0.77847  
18.8885  52.3269  0.410979  
40.0138  3.77205  42.7991  
41.5913  1.27734  43.0379  
43.3366  15.9645  0.0454551  
44.8931  18.3555  0.980116  
58.6854  52.8729  8.31585  
58.4109  55.161  6.11942  
2.48909  19.0044  53.3595  
2.52269  17.4378  56.2913  
41.5385  16.8651  45.1649  
41.5673  14.1746  44.1353  
31.7003  3.77694  4.09425  
31.2881  1.5543  2.28199  
52.564  27.055  9.5697  
55.2577  28.2456  10.1667  
20.7518  47.7084  3.57559  
18.5399  49.7895  2.76709  
34.4477  20.2536  46.0896  
33.8627  20.0807  43.3425  
11.4951  16.5382  20.7001  
10.8242  14.0404  22.3678  
45.8403  9.59962  2.98061  
46.9583  7.03417  3.29692  
55.2427  22.1939  17.015  
57.5457  22.7454  15.3142  
27.5712  37.8651  5.43209  
25.4806  35.9671  4.69747  
33.4763  18.3464  5.7039  
33.8191  15.8921  7.05254  
54.739  26.1335  55.5788  
57.5574  26.2694  55.3566  
48.5472  54.9229  20.6703  
50.652  56.9011  20.3856  
30.1995  51.004  58.4897  
29.8637  50.635  55.5746  
35.5854  56.7159  43.4915  
37.5393  58.7383  44.1538  
11.4814  46.6785  13.5533  
13.0912  44.4274  12.4893  
40.6211  6.3859  55.4081  
39.7684  7.41834  53.11  
45.0813  4.1288  21.1033  
43.9886  1.72686  19.6926  
9.35875  6.55758  55.782  
8.39582  3.89606  56.3913  
20.3702  51.6028  22.7864  
22.835  52.4565  21.5191  
30.1561  9.76568  1.38804  
27.6273  11.1345  1.60793  
47.8994  55.7799  48.6119  
49.9607  54.7184  50.3141  
12.7938  7.74226  22.307  
14.0502  6.41309  19.8247  
49.4908  7.32066  38.8459  
49.9451  8.3629  36.3713  
1.0386  53.4923  56.7849  
58.1595  55.0536  58.5125  
37.8521  50.8665  21.7309  
35.4077  51.2993  23.3699  
24.7888  27.4011  28.9397  
22.0871  27.1481  27.7723  
13.6956  1.4431  57.5281  
15.5858  1.44722  1.36079  
22.7634  15.1714  4.68013  
25.5285  14.6246  5.42299  
30.364  27.0826  40.5431  
32.666  28.7411  41.3972  
37.4768  38.7321  26.2581  
38.6149  41.3506  26.4965  
11.5478  23.9051  10.9162  
9.6571  23.938  13.3268  
0.445857  47.7497  57.1858  
58.1904  48.3563  54.5857  
43.3498  24.1769  23.3471  
41.3467  25.9408  24.5104  
22.2976  53.7429  56.9337  
21.278  51.4793  55.3261  
46.4174  38.5816  37.3215  
48.8186  39.9112  36.7822  
12.0737  43.836  21.0934  
13.9034  46.049  21.1657  
34.6176  27.8556  55.836  
31.8636  27.0264  56.022  
13.7121  11.3295  56.3158  
16.3061  10.2542  55.8002  
19.2232  27.9117  7.19825  
17.4649  27.735  9.44726  
28.1216  2.29612  42.2761  
26.3603  1.50536  44.6067  
8.77321  12.7294  2.28943  
9.12997  15.4804  3.04531  
10.7302  32.9028  1.07087  
10.7478  34.1736  57.3078  
33.0411  37.9974  0.207846  
31.4641  40.6406  0.423064  
32.7337  19.8409  28.0711  
31.4023  20.6817  25.516  
31.096  5.0661  19.8636  
31.196  4.38267  17.0059  
51.7895  26.7482  1.00003  
49.0064  26.2224  1.51821  
19.9125  13.0639  56.4225  
20.2764  10.099  56.4866  
13.4557  38.5188  54.4882  
12.9369  39.2169  57.1619  
1.25218  13.1806  47.0739  
57.387  13.4568  47.4709  
36.9462  23.1948  23.8496  
35.1588  20.8838  24.652  
17.4167  55.2659  15.0802  
19.8281  56.276  16.382  
44.7641  54.7435  12.2333  
43.2781  55.3118  9.79562  
15.7214  29.9723  29.2628  
18.0042  31.6385  28.3605  
29.6522  29.6318  34.7907  
31.6602  28.812  36.775  
51.7859  55.4891  46.8143  
51.6226  55.9163  43.8614  
50.3753  50.5537  49.746  
52.5047  50.9524  51.767  
41.1726  55.0674  26.1084  
38.8882  53.3911  25.3581  
16.1469  41.3996  37.6857  
15.5354  38.6246  38.4922  
26.488  33.8445  39.6386  
25.8576  35.2568  37.1564  
6.9017  43.4916  3.0367  
9.54064  43.8998  2.22382  
55.0322  23.2062  0.912942  
53.6209  22.677  3.42642  
31.1442  38.2184  4.16893  
31.2778  36.3804  6.46474  
9.08615  36.289  27.8986  
11.1954  38.0999  27.3716  
35.194  10.5655  50.7169  
34.8372  12.8638  48.9662  
48.4959  0.83028  53.4549  
49.726  58.7551  51.0059  
57.2946  2.89041  51.9705  
58.7007  1.71469  49.7988  
19.9048  17.4216  9.75916  
17.1308  18.0184  10.7525  
20.1948  6.38889  55.7376  
22.6878  5.10761  54.6062  
5.95007  6.40623  20.8862  
6.28569  6.65159  18.0107  
3.53067  21.2129  49.2862  
1.15899  19.8669  50.1767  
33.0005  3.83213  46.812  
33.1904  6.762  46.9497  
49.5062  58.2042  9.94151  
49.6939  56.2441  12.0364  
21.7401  30.8359  4.65063  
20.2787  31.8281  6.9485  
3.78029  17.5868  1.23214  
5.19811  15.2952  0.13202  
29.0949  22.4679  21.5248  
27.9068  22.1615  24.286  
5.74733  51.0335  8.51764  
4.82235  53.7823  8.12566  
32.7707  48.6021  43.1702  
35.4058  49.6839  43.9357  
44.7007  26.2285  43.8757  
45.4076  24.4654  46.1492  
56.6264  2.94834  36.886  
57.3574  0.124132  36.8527  
23.9592  12.0079  1.00846  
24.8678  12.0349  57.1718  
43.2328  46.7717  53.6605  
45.0985  48.4678  55.1472  
55.0658  32.3116  45.6606  
52.1574  32.9641  45.1914  
7.70828  41.8562  16.5427  
9.15772  44.2824  17.0722  
6.42054  45.1181  21.2267  
4.48761  46.0112  19.1608  
1.55352  40.9138  0.291224  
1.81676  40.2449  3.12111  
34.2418  57.1566  30.3996  
33.5711  57.189  33.3231  
18.1846  39.0207  23.1824  
17.6312  41.0205  25.2853  
10.5489  12.2901  34.2137  
10.0441  14.6502  35.7947  
9.56844  0.469658  1.6746  
7.03347  57.8048  1.53138  
38.3226  29.8169  4.60918  
36.275  27.7252  4.53064  
40.8478  37.7446  23.4795  
40.6286  35.492  21.5608  
51.3825  52.3417  33.0033  
52.2583  52.664  35.7445  
4.81735  14.0317  19.1399  
3.56772  13.9146  16.6066  
30.659  16.7092  35.2541  
31.9157  17.5615  32.7318  
9.46014  20.0469  31.1941  
9.38348  22.9316  31.0282  
46.792  32.8713  3.92868  
44.9363  32.8265  1.57612  
56.6265  39.8734  55.9824  
54.0669  40.625  54.7864  
13.616  17.9799  30.4256  
11.5484  16.4924  32.1263  
40.7472  19.4246  57.9022  
38.0208  19.6185  58.1985  
41.2175  4.4654  21.2239  
39.2623  6.41178  22.4983  
37.4949  37.7294  45.0677  
35.1857  36.2701  43.7313  
32.0926  19.8315  14.2989  
34.8735  19.7973  13.2852  
56.826  14.5059  1.03634  
0.607111  13.738  0.476047  
16.6675  13.5273  36.6934  
13.8483  13.3089  36.5334  
25.287  20.1426  33.0731  
23.6256  20.2642  35.456  
51.5524  23.7557  54.5305  
54.1041  22.2841  53.9849  
38.8334  0.178503  16.9697  
37.4292  56.9036  18.2708  
39.0342  18.976  12.645  
37.6464  17.0478  14.4098  
11.2916  25.4905  48.224  
10.254  26.6534  50.6874  
42.4233  32.0322  57.4396  
43.9163  34.1697  56.0382  
6.76304  55.1145  17.4903  
8.52278  56.9318  19.0096  
46.0782  0.954747  46.9151  
47.8217  2.34933  48.8469  
13.1195  50.2262  20.6476  
12.369  49.9688  23.4185  
21.0908  47.7798  45.2163  
23.4587  49.7204  45.1282  
45.2872  0.799901  32.9692  
43.2519  57.6088  33.5463  
14.1943  36.4682  48.498  
12.3941  37.5425  46.4355  
57.5276  16.432  21.729  
55.6422  15.9948  23.98  
54.4902  31.6377  15.7318  
56.727  33.0482  16.8419  
1.0851  26.8465  29.8639  
2.13119  24.1793  29.4107  
2.73209  32.397  29.9858  
4.96079  32.0575  31.9108  
24.4724  43.2372  20.385  
26.5082  44.3093  18.6334  
29.2507  30.727  7.69884  
26.9966  29.4628  9.14564  
24.3204  23.2258  0.0576743  
21.2647  22.6497  58.8686  
24.7319  13.9491  48.3085  
25.3318  13.2024  51.1771  
10.8223  58.3162  24.4937  
13.3565  57.1667  23.9572  
22.7625  26.7999  32.129  
23.4804  24.5939  33.9816  
5.08716  11.7933  53.8361  
7.46241  13.3515  53.4525  
3.17996  12.8826  8.41611  
5.22511  14.1912  10.1182  
21.9219  29.6347  58.0478  
21.8344  26.5489  58.3838  
16.1852  51.8468  32.6707  
17.6277  49.6519  31.2629  
28.3018  14.3244  11.8704  
27.4352  16.5534  10.2942  
38.0192  37.6066  35.3317  
39.2013  39.2405  37.326  
36.2298  36.9103  57.0486  
36.9746  36.3975  1.00458  
49.641  32.0529  33.5461  
50.6599  32.6162  36.2001  
8.68931  3.75459  12.4641  
6.35582  2.2756  13.2904  
38.4009  45.2727  47.9727  
36.6147  45.8102  50.3472  
11.19  32.1736  15.1683  
13.2336  29.5808  15.6695  
16.5484  36.1322  43.5589  
18.5471  35.3851  41.6417  
0.630422  36.2793  19.6699  
58.0824  33.8588  20.8335  
18.4139  5.5665  14.9521  
19.4253  2.96768  15.5082  
58.0439  3.06219  30.0527  
57.225  3.98522  32.7413  
38.8303  54.1605  39.117  
36.317  55.0412  38.2583  
13.758  5.51278  0.739542  
14.1252  8.21899  58.571  
42.41  42.5189  18.0139  
44.4174  41.079  16.4339  
12.8756  14.6307  47.652  
14.0504  14.5358  44.9237  
4.89389  20.9787  36.4218  
7.2808  21.3387  34.8059  
20.1777  10.7332  39.0016  
20.5608  10.281  41.896  
24.9111  7.4532  58.0534  
27.2507  5.86618  57.8511  
2.46037  20.2291  29.2564  
4.94235  21.3236  30.6902  
11.2585  31.0042  38.8973  
8.94922  32.6694  39.9203  
25.9716  42.8301  50.5409  
26.9938  45.5311  50.7408  
56.9232  54.9706  36.688  
55.2751  55.9338  34.4203  
16.7205  16.3307  14.611  
17.5999  19.2103  14.4193  
53.8048  5.55469  34.9846  
55.8348  6.61406  36.8602  
25.1404  46.0654  13.8204  
25.0441  44.0587  11.7213  
37.5654  52.3406  11.9448  
34.8022  51.4719  11.4938  
3.75147  8.80217  47.44  
1.30876  6.97234  47.5707  
48.6594  19.9727  22.1288  
48.8405  19.2915  19.1872  
41.3252  47.1506  57.3666  
39.7752  47.7988  0.951005  
47.6215  25.4473  10.2144  
49.1042  24.9932  12.7526  
17.1523  16.0908  28.9017  
17.8603  17.5611  31.2919  
52.482  29.2381  33.8778  
53.4704  26.5149  33.9687  
3.96889  31.3977  53.7199  
5.5114  31.9996  56.2662  
6.05972  39.8889  52.084  
4.58867  42.1635  50.7169  
28.7026  24.9065  31.0443  
27.2551  23.9173  28.6178  
15.0749  32.1971  10.3336  
14.4364  29.5302  11.0347  
25.2701  31.6342  21.477  
27.3295  29.3777  21.8134  
41.7653  45.4823  20.9225  
44.3073  44.0092  21.0825  
33.4977  19.064  39.6326  
35.0129  21.6199  39.531  
22.3694  36.0068  47.4793  
20.6854  36.8419  45.2561  
6.06452  29.0368  42.741  
3.95095  28.7466  40.8656  
49.6082  18.8108  51.5255  
50.8768  17.6815  53.7734  
36.4323  26.0798  35.4809  
38.9056  26.7859  34.0936  
56.5948  1.31543  40.7678  
56.6563  0.750267  43.5081  
23.3067  10.7118  5.80342  
24.966  8.72945  7.15359  
48.315  30.2283  25.145  
50.4958  29.2153  26.9516  
34.0774  17.5175  55.5163  
33.6989  16.8936  58.4148  
9.87862  17.1457  46.6919  
9.21998  18.8391  49.1732  
33.7836  20.537  17.7018  
34.9969  20.2491  20.6336  
3.4976  12.777  37.0091  
2.62598  13.136  39.7801  
20.0876  35.2753  36.4857  
22.0356  34.2637  38.4133  
28.2935  16.5955  44.9473  
31.3073  17.112  44.9592  
1.90292  56.5333  8.90392  
4.34601  58.4269  8.91068  
4.63107  55.1793  31.9561  
6.58905  56.2993  33.8194  
26.0101  29.9762  46.2209  
25.5207  32.2996  47.7701  
53.9762  9.99968  10.5827  
52.7834  12.2111  11.7213  
44.8326  29.4284  50.649  
41.9272  28.6097  51.0356  
19.371  31.5468  39.2378  
18.5731  28.8479  38.287  
15.2166  42.0329  55.4002  
18.0361  41.6435  54.9689  
29.8227  30.8737  0.127337  
28.2023  32.9882  57.7982  
32.8118  32.1944  35.6933  
33.431  34.3812  37.6739  
49.9926  48.0156  39.2492  
47.698  49.8379  40.0906  
20.3178  45.9696  20.5311  
20.1777  48.9336  19.9369  
3.56111  9.92123  58.043  
4.09443  10.9307  1.75506  
0.679107  2.85071  57.4507  
1.07643  5.36563  55.787  
39.2499  15.1004  53.052  
37.4817  12.921  52.4058  
12.1823  47.0979  8.87641  
11.7599  49.8121  7.77394  
27.5514  28.815  55.8221  
28.462  28.0942  53.144  
10.8418  30.7389  22.3481  
9.74292  30.1405  19.735  
1.49388  17.2818  18.5239  
58.2174  19.3078  18.0062  
28.9181  6.58397  24.2055  
26.977  8.77821  24.013  
11.5958  47.1229  4.13553  
13.3156  45.4527  2.383  
2.11717  45.809  53.2111  
4.61816  46.1575  51.5101  
2.58346  22.9892  44.7604  
58.4579  23.395  44.792  
24.7859  3.28412  17.6777  
27.196  4.44682  18.8226  
13.6929  18.643  16.4636  
11.2503  20.2378  17.2317  
27.5504  49.1447  51.5102  
26.0738  48.893  48.9066  
56.784  50.4034  51.1988  
55.2868  47.9214  51.2351  
24.6051  22.295  18.6769  
22.5942  24.0795  19.6973  
36.6395  44.7534  27.3834  
39.5676  44.9043  27.9282  
11.5103  29.2647  54.0139  
9.14087  30.1089  53.2036  
33.2757  31.4744  17.1146  
35.68  30.2708  15.9258  
49.8893  56.1094  26.758  
48.3867  58.1743  28.0254  
54.4935  24.667  45.829  
54.537  21.8506  47.4152  
48.5602  20.904  38.254  
50.6763  22.8276  37.8807  
27.789  48.8257  45.1101  
27.753  51.5538  46.0349  
5.39208  2.39283  53.3685  
6.7389  0.291451  54.7425  
58.6931  26.2063  35.4268  
0.12532  23.6887  36.9621  
48.4419  30.0005  48.1013  
45.8625  28.7799  46.7149  
3.43538  21.7688  3.9594  
6.23539  21.2824  2.63948  
45.8594  9.8806  51.6917  
46.9348  7.67558  53.6323  
19.0552  18.9504  51.893  
20.1431  16.5694  50.6306  
4.3898  48.5581  29.362  
6.45469  46.4919  29.7973  
20.6476  0.169534  47.9551  
19.4869  56.8645  49.358  
54.6638  42.1031  0.00515844  
56.7514  42.2855  1.99201  
20.5196  9.9903  12.1228  
21.6642  10.2309  9.35945  
52.2284  47.8906  15.4105  
53.7004  49.3884  13.3237  
35.5503  2.23695  2.95096  
37.6683  1.63305  4.90207  
33.6003  37.1611  48.0301  
31.5701  39.1816  48.3793  
48.73  56.9511  35.3827  
51.396  57.3646  34.0212  
31.6176  50.9809  51.7499  
31.5852  48.2213  52.3598  
32.0376  3.30876  53.8214  
30.3141  4.61165  51.8206  
45.3166  5.51577  58.3923  
42.9891  3.95073  57.5538  
38.6136  47.4525  36.348  
37.9676  44.8197  35.3742  
33.8527  7.5627  40.991  
33.9814  5.16118  42.5071  
50.1327  29.7232  39.3182  
50.3085  28.6102  41.9517  
53.5918  57.9781  29.635  
54.6892  0.975585  31.5122  
57.0884  10.0889  6.25354  
57.1869  7.79862  4.40593  
1.53726  20.6541  24.8594  
0.0806247  18.17  25.2083  
49.1898  12.0041  21.1535  
50.2856  11.8293  23.7303  
53.5242  34.1953  11.1329  
52.8279  31.6037  10.0634  
54.7508  50.3218  23.3851  
53.7924  50.805  20.6589  
21.0722  25.0497  9.65739  
21.8781  23.1281  11.7273  
41.1001  44.8161  50.9381  
42.6954  42.7547  52.4772  
15.1209  35.7606  8.5494  
14.8226  37.1644  11.04  
22.2485  51.607  6.88464  
22.6898  54.1128  5.83022  
53.3766  21.0155  43.3387  
51.0467  20.7847  41.5304  
39.652  18.085  2.53872  
37.7409  18.941  4.74021  
39.0652  55.9919  32.1031  
39.4512  56.4109  35.265  
24.337  20.7066  26.8393  
26.5659  19.7413  28.2434  
17.44  11.8426  29.3407  
15.9652  12.3374  26.9632  
30.6067  50.9576  11.8861  
32.1949  50.2358  14.1933  
19.1246  7.9639  25.5724  
20.555  5.64041  26.9679  
15.4554  3.44805  17.2345  
12.6416  2.81727  18.3706  
28.723  55.366  37.318  
30.0701  52.7515  37.5263  
52.6355  27.5234  30.2538  
53.4862  26.0789  27.7945  
54.0041  37.021  31.8558  
52.1109  35.5497  30.2335  
28.5971  6.27092  42.7149  
28.3582  9.17825  43.9681  
27.9752  25.2766  57.2524  
29.2971  23.1579  0.143153  
29.9485  16.6771  40.0563  
29.7313  19.1421  38.4771  
17.5888  2.88619  50.1859  
18.3977  4.65314  52.1958  
36.0404  32.3743  53.0354  
34.0805  35.0555  52.8661  
53.0751  12.9973  48.8519  
53.1254  13.7442  46.0152  
45.7013  12.67  9.26191  
43.8341  14.2173  7.60146  
31.8165  56.2384  2.09535  
28.6363  56.0211  2.25817  
0.341471  32.9272  57.0548  
2.02302  33.3378  0.495428  
34.3213  28.5925  28.9411  
36.2559  27.6408  30.9558  
41.0174  43.4883  13.628  
38.292  44.5618  14.2078  
44.4616  9.10679  37.5806  
45.7378  8.5556  40.273  
39.1848  54.9462  15.0062  
40.9968  53.7294  12.9837  
0.359123  55.0822  16.7687  
57.3743  53.3472  18.0695  
6.6693  15.2543  38.5218  
7.55154  17.8435  37.5701  
56.3417  38.1217  36.0877  
53.696  36.8311  36.285  
49.4497  56.5485  55.5765  
48.5773  58.7778  57.2188  
45.9427  28.675  3.59305  
44.6893  25.989  3.09792  
33.2095  23.8685  58.3999  
33.0014  20.8998  58.2221  
22.6655  49.3388  14.8351  
22.237  47.6163  17.0688  
2.82828  32.2892  25.7508  
0.347125  32.9271  27.0988  
27.9443  33.6618  43.9444  
27.6607  36.3726  42.9421  
3.84084  42.4608  9.64088  
5.89952  40.468  10.134  
17.838  51.888  25.8312  
16.5318  50.0959  23.8685  
22.2962  41.3534  13.0084  
23.5554  39.9621  10.8105  
37.8246  32.5979  8.63039  
36.5356  31.4313  11.0002  
36.326  3.22281  16.473  
38.0878  3.64559  18.8458  
1.11328  23.8269  52.6342  
2.40789  25.6088  54.3897  
25.1643  40.7274  56.7795  
23.6727  40.2362  0.32521  
52.3113  44.2464  7.75793  
49.9371  45.1482  9.49795  
6.11768  7.84396  33.0054  
4.22131  7.04275  30.9974  
10.2305  4.41933  46.1568  
10.4662  2.84363  43.6126  
7.35957  35.3908  53.1657  
9.4317  37.4374  53.528  
57.8337  52.0359  45.1979  
55.7141  54.133  44.876  
21.4051  41.1846  4.00631  
24.1383  40.238  4.2329  
21.5759  43.0763  48.8501  
22.3269  40.3423  48.3278  
53.0401  4.01508  17.3727  
50.4479  5.29524  16.713  
25.5715  14.0511  40.4748  
22.6521  13.5946  40.744  
53.2003  9.72576  20.8417  
53.8314  7.43489  19.3054  
47.4401  45.18  46.9236  
45.7711  45.2927  49.6019  
41.6826  52.2157  16.7851  
44.0578  50.569  16.505  
12.3787  19.2889  40.525  
11.0066  17.0055  39.5867  
22.7692  14.1623  15.5618  
24.9974  14.3842  17.5665  
52.2767  13.7719  41.7617  
50.6977  11.6413  42.9027  
11.0155  40.2719  11.4827  
9.87046  39.1804  9.02104  
8.32726  47.9532  9.6878  
5.49887  47.261  10.131  
17.2597  4.56005  26.4543  
15.7516  2.41666  27.2725  
13.3004  29.9728  7.02  
11.1746  31.4034  5.44629  
9.69496  58.4967  12.5803  
11.2671  56.7303  10.889  
37.5436  44.8527  39.4183  
35.5472  46.1335  41.1392  
40.0219  25.5843  3.02152  
40.5192  22.9916  1.79181  
3.4284  38.6304  49.5182  
2.417  36.7331  47.5147  
19.7805  20.4836  42.6625  
20.9954  22.9556  41.5822  
31.8853  25.5703  5.9458  
33.4491  25.8248  8.38796  
18.0393  41.9058  6.6262  
17.5511  42.0574  3.67087  
37.9533  11.3434  23.7936  
37.5285  10.3301  21.0324  
17.6113  7.00483  0.127417  
20.1234  5.67051  0.236833  
48.7334  20.8299  55.0928  
48.8157  22.9984  57.1465  
26.8492  44.4654  56.6313  
27.6185  43.1954  54.3163  
33.4572  57.8783  9.5712  
35.4068  55.9656  10.4391  
41.1625  24.1949  46.4015  
39.4569  21.9451  46.5322  
57.825  27.8918  1.13441  
0.722472  28.7901  3.53537  
21.2272  17.5284  2.28285  
22.2904  19.3744  4.57049  
58.2663  56.1939  47.1314  
1.42071  58.2665  47.2481  
23.2542  20.6714  55.6517  
22.7079  18.9494  53.1997  
47.35  32.5413  44.7739  
47.862  35.271  44.1859  
32.3955  43.9151  51.4234  
34.3814  44.8773  53.5068  
22.5498  53.4214  26.9175  
24.5532  51.564  27.9244  
35.6384  27.639  12.6216  
38.4782  27.9756  12.9994  
35.1634  54.5595  20.6044  
33.7389  57.0057  21.2294  
53.3349  17.6448  27.0336  
51.9541  15.0621  26.3903  
39.4613  29.5198  42.3397  
38.4763  31.4616  40.5177  
33.7963  3.24883  13.138  
32.7854  0.919156  14.6213  
28.7184  9.74072  5.87053  
29.2376  7.31086  7.39698  
17.3861  25.5532  36.5224  
19.7759  26.83  35.2242  
17.4462  34.5017  20.8328  
16.4006  32.4779  22.813  
56.2587  19.2232  32.0243  
55.7183  17.3474  34.1195  
58.4429  30.8078  24.0473  
55.8905  31.3952  22.7906  
51.4288  54.0104  1.23645  
51.8712  54.9802  3.98393  
38.2084  29.5063  55.5743  
37.4191  28.8069  52.8958  
39.0076  37.6273  13.8136  
40.9176  39.0343  15.5389  
0.290593  19.8254  35.8002  
0.944849  19.5391  38.8617  
39.7178  34.1918  32.6452  
39.8243  33.7026  35.4998  
39.5818  18.5821  31.283  
39.646  19.6289  33.9732  
52.091  32.1628  24.4005  
52.2541  33.35  21.7669  
3.80655  26.5395  58.3139  
5.18756  27.6305  56.2737  
40.8259  27.118  56.8221  
39.5815  28.687  0.608373  
5.90224  27.1141  14.7033  
4.67996  26.8258  17.3366  
51.6285  51.5033  45.6088  
49.2868  49.7523  45.4119  
34.3822  54.646  49.9875  
32.3  54.0445  47.959  
17.3731  23.7901  7.15362  
17.649  20.8595  7.34802  
16.0377  39.4197  34.0998  
17.2857  40.7542  31.6457  
0.701506  13.839  54.2317  
58.7305  12.8509  51.4069  
21.3807  13.9797  11.7727  
23.589  15.7591  12.1598  
52.6388  40.6514  41.8225  
50.3024  41.2075  40.1566  
35.6346  52.2733  7.02002  
35.4758  53.8228  4.37909  
23.5795  2.0187  12.9446  
24.0213  0.153974  15.3934  
50.7777  58.7607  1.74348  
48.4109  1.53674  1.79385  
52.0669  34.029  4.34992  
54.8054  35.0046  4.15291  
8.48928  52.1786  4.93974  
9.85748  54.64  3.66406  
28.6302  4.14286  47.7421  
26.3339  4.92748  49.2459  
37.3629  33.3169  49.0966  
37.4393  34.1231  46.3598  
31.5902  26.1524  12.7419  
33.3354  23.9318  12.3402  
42.2064  12.7401  35.7892  
44.8665  12.5509  35.0899  
2.0632  30.4512  49.8283  
1.42644  27.622  50.3698  
23.1036  37.8315  28.2397  
21.0142  37.8853  26.1839  
28.8668  55.5991  47.1357  
30.4319  54.8912  44.5911  
20.8059  34.7961  32.1063  
19.2379  37.1838  32.7797  
55.303  39.4119  13.1966  
55.4763  41.9403  14.6819  
48.2534  15.3671  42.4861  
45.3457  15.9969  42.8989  
50.0483  56.4696  40.1635  
49.65  0.286447  41.3977  
26.0321  32.092  2.53087  
26.1925  31.7456  5.45867  
2.14448  32.1986  11.5939  
4.01452  33.4235  13.2842  
30.6023  8.80291  17.2082  
32.8386  10.6243  16.9381  
56.92  7.22004  58.0742  
56.9278  10.1438  58.78  
56.0333  42.7194  48.1691  
54.3053  44.8117  47.362  
46.8097  2.76984  9.45898  
48.2355  2.33549  6.7075  
7.4008  7.13034  5.36137  
5.87091  4.82701  6.45533  
2.27966  7.32411  53.0058  
1.1201  9.85688  53.7734  
50.0861  18.1441  25.3993  
48.7271  20.5451  26.3784  
8.3177  53.1244  30.8292  
7.82545  50.2333  30.4373  
23.7972  49.813  31.8099  
26.3323  48.7249  31.0926  
43.5968  12.5467  48.9915  
41.5222  11.5408  51.0788  
23.8218  3.512  28.1306  
23.1352  1.85604  25.7891  
14.8053  25.8341  15.0638  
17.0575  27.5722  15.6129  
48.0401  16.1386  34.6564  
48.0132  15.8514  31.7588  
28.189  10.6789  40.3835  
28.9993  12.0826  37.901  
52.9707  42.2186  50.9153  
51.8829  39.5367  50.9457  
17.9344  45.0983  9.55305  
19.7067  42.8426  10.0577  
15.3266  35.0288  3.84286  
16.3221  37.6008  4.78131  
35.6019  30.8931  43.7211  
34.0946  29.0767  45.2057  
22.4816  6.9587  50.6042  
24.1365  8.82018  49.1535  
8.86014  38.5623  45.2069  
9.6317  41.4104  46.188  
19.4468  17.897  21.1755  
20.7272  20.5326  20.7451  
35.7124  6.88436  10.6367  
36.9273  4.34652  9.64753  
48.672  11.2174  33.1501  
50.3102  8.91762  31.9235  
0.210171  2.15091  26.0871  
1.52785  4.606  26.8999  
44.1305  11.5852  21.6243  
41.7537  10.2889  22.6322  
30.9561  2.93173  7.76847  
32.9567  4.98372  8.26176  
55.9383  35.1355  25.2752  
55.7517  36.1509  28.0676  
29.5643  10.4956  10.3497  
30.3128  10.8993  13.2099  
38.7284  8.16936  30.7723  
36.524  7.42427  29.0221  
8.89904  30.4334  33.6548  
8.60553  30.4831  30.766  
3.62804  38.9684  17.7489  
4.57117  38.1616  20.4594  
16.313  48.8988  37.8065  
17.4643  50.6472  39.7992  
8.39143  43.5581  24.7624  
8.24308  41.4929  22.5447  
21.4418  33.7871  21.9607  
23.2913  35.3951  23.6114  
40.7618  12.8147  56.666  
43.3334  11.5007  57.5197  
27.1466  39.3174  35.8365  
24.4893  38.8619  36.8899  
38.1794  18.7125  40.1841  
40.6194  17.3468  41.3639  
3.47258  32.3195  6.47251  
4.39702  33.9956  8.59448  
58.5835  29.9431  46.2013  
58.1709  29.6161  43.3447  
47.242  38.464  18.1563  
46.2688  37.2469  15.7213  
58.6495  10.3702  25.1601  
58.655  13.1664  24.4514  
54.1556  21.8411  35.0724  
55.2377  24.1169  36.5172  
50.8266  4.71162  2.67655  
51.3601  7.59983  3.00896  
24.7516  38.6886  44.6689  
25.2465  39.9155  42.1173  
6.90149  51.1526  55.3122  
4.58529  49.6042  54.5107  
32.7714  46.0569  1.55204  
34.3942  44.2136  3.11269  
47.9764  55.5804  16.2578  
47.4535  53.1027  14.6298  
25.4463  19.4542  48.1624  
27.2286  21.7779  47.7003  
9.09591  24.3077  1.43995  
7.41719  24.6228  57.9732  
17.0351  29.8377  42.3497  
15.7142  31.8543  43.9571  
13.3321  10.7853  10.4207  
12.3535  11.0866  13.0626  
27.2981  21.9334  36.4467  
28.3001  23.3593  38.8593  
42.8498  41.9119  1.75861  
42.0937  44.7274  1.53039  
25.0485  57.3829  35.6309  
27.3224  58.361  33.969  
45.2897  49.0466  8.30506  
42.7549  48.1753  9.41371  
20.8636  8.63175  16.3089  
18.5111  10.0861  15.3936  
5.96456  46.6039  46.9005  
4.67546  47.7676  44.5504  
26.0392  31.208  35.715  
25.3103  28.7076  34.3674  
22.0208  17.2165  46.1035  
23.9871  15.8602  44.3009  
44.5867  11.481  25.7955  
44.3797  10.8408  28.5888  
25.3996  15.3695  54.567  
27.3934  13.3658  54.2961  
35.0555  29.8603  20.4351  
33.1755  28.7815  22.3762  
44.365  3.649  49.5962  
42.613  4.59622  51.9755  
34.9822  39.8469  37.6722  
34.2797  41.8232  39.6098  
20.6486  1.00748  30.2298  
18.176  1.09384  31.7174  
32.5078  32.4596  5.00187  
33.4085  32.7681  7.80905  
58.0759  37.9051  5.69244  
55.2555  38.8613  5.99478  
7.76854  23.9956  16.9774  
10.5106  24.368  17.7821  
14.1416  5.18022  44.3053  
16.2753  7.24931  44.9555  
18.1964  41.7142  16.8174  
15.593  42.7394  18.1816  
16.0258  44.5429  26.5109  
14.783  43.4852  24.0721  
31.5258  58.1981  55.3478  
34.1258  58.5311  53.822  
7.44239  42.7427  57.8686  
8.57772  41.2932  55.7165  
37.0302  12.8135  45.6155  
34.3073  12.936  44.4627  
3.52166  50.8494  4.59797  
2.24739  51.3444  1.92777  
58.1249  11.7536  16.189  
56.2489  10.7815  18.5529  
44.5935  55.6376  45.4635  
43.2998  54.8336  47.9468  
14.0386  53.5527  9.45895  
14.9435  50.796  10.0727  
42.4896  51.227  33.1252  
44.6457  49.223  32.9844  
4.0866  40.4417  13.3675  
3.89376  42.4975  15.394  
3.20457  47.2827  15.2128  
1.19901  45.452  16.229  
29.6933  17.0785  17.2024  
28.5759  17.5311  14.4274  
24.8884  1.76742  21.6663  
22.6975  58.7449  21.7369  
15.0855  16.2657  58.5789  
16.6856  18.4918  0.860081  
4.60148  34.7152  17.7104  
5.24792  31.8919  17.6144  
31.8853  35.1393  41.7492  
33.3656  37.3774  40.5122  
38.0671  39.4515  8.94782  
40.3657  40.9013  7.89647  
33.2905  0.85967  36.6366  
36.0297  0.957183  36.1881  
54.0116  13.5146  16.2683  
53.3956  15.5683  14.3259  
1.52238  58.7197  2.87213  
58.6185  0.352563  5.40283  
3.80797  48.5418  36.242  
4.60805  50.7914  38.0474  
42.7835  26.4693  15.7846  
45.4331  26.2992  17.0408  
48.9076  49.6832  53.6865  
48.8583  47.0286  55.0251  
25.2518  37.219  8.40829  
23.3438  35.9586  10.1206  
45.4552  16.6297  11.416  
47.356  18.728  11.4052  
5.87046  10.5874  39.961  
5.52064  7.9319  41.1403  
9.89946  15.3498  28.525  
7.66363  13.3296  27.8799  
58.0212  51.3004  26.1591  
58.237  53.3094  23.9687  
8.70491  39.4399  35.9615  
10.628  38.286  34.3564  
49.7716  41.7382  28.3309  
51.5149  39.4241  29.2883  
41.5261  19.4586  6.20981  
42.0168  22.286  6.0756  
20.3546  37.2259  0.173633  
18.9212  35.4696  1.54212  
45.1184  28.6951  9.05226  
45.3611  26.6938  6.99104  
49.4011  22.7691  4.33847  
51.2007  22.2698  6.92211  
24.8132  25.1675  52.9127  
24.4096  22.8978  51.0255  
33.1599  36.0963  30.3528  
32.5832  35.5652  33.2089  
45.1646  37.185  21.8313  
47.8326  37.3804  22.9194  
27.0639  35.8495  12.7052  
29.535  36.5752  14.1945  
48.1225  34.8997  30.1671  
49.2978  32.5307  28.9854  
37.584  33.0238  18.4538  
39.4425  35.0943  17.536  
15.2628  35.1843  52.2806  
16.6525  37.7041  52.37  
26.8339  6.1939  27.9283  
25.7948  6.60836  30.6612  
9.5458  51.8791  26.815  
10.4637  53.7853  24.7473  
45.1179  30.5122  21.8635  
44.7993  28.2813  23.682  
6.86342  53.6353  45.8219  
7.04909  50.9325  46.5794  
46.0933  24.5607  39.9123  
45.0399  27.1939  39.3267  
42.3891  36.3885  39.3576  
41.6941  38.8181  40.7558  
27.0027  49.3925  23.8024  
27.5373  51.8406  22.2828  
54.2619  6.25037  44.6766  
54.3095  3.98487  42.8561  
45.3067  56.4084  25.5604  
43.2767  58.4483  25.3172  
10.5746  4.64094  25.1939  
13.3554  4.83562  25.5728  
57.4581  47.7889  46.6924  
1.32297  48.6256  46.4203  
36.4518  40.796  54.9663  
35.8686  38.9279  52.9303  
8.85592  7.48526  39.3277  
11.6745  6.81456  38.4632  
52.5306  1.81057  52.7981  
54.5337  1.39601  54.8695  
3.18597  10.5262  33.6335  
0.863085  12.191  33.8509  
31.807  12.9162  52.6729  
31.6386  12.0193  55.4567  
45.1265  33.1866  41.2504  
42.2774  32.5177  41.0465  
37.8278  44.0158  43.4983  
40.2312  45.0801  44.3548  
32.0565  45.9767  14.7565  
30.7623  47.39  16.9358  
14.0927  31.5378  51.5717  
16.0332  30.7813  53.5165  
48.617  13.8157  56.3791  
46.9056  14.934  57.9068  
49.2996  44.4048  14.8199  
48.6826  45.2949  17.489  
46.4847  5.35139  32.8008  
46.8099  4.16693  30.3527  
1.01905  23.7642  11.9629  
2.28985  24.8994  14.2876  
39.0114  16.4417  18.333  
36.2249  17.2349  18.2313  
41.7832  2.79896  27.767  
41.3401  3.34202  24.9487  
35.474  19.7443  31.8789  
33.2455  21.6617  32.1728  
38.1087  14.7942  25.5311  
35.3985  13.9632  25.1231  
14.0067  2.19926  52.7872  
11.6534  2.71437  54.389  
50.6674  48.7338  2.50339  
50.453  47.0975  4.996  
47.4413  21.533  48.1446  
45.9018  19.2215  46.4733  
17.8165  21.8168  3.07096  
16.5487  22.6257  0.534217  
3.19747  34.9931  43.0826  
0.991538  33.6852  44.3596  
39.5862  3.83252  36.5679  
36.9636  4.64943  38.0221  
29.9052  13.2272  18.4981  
30.4804  15.0005  20.7391  
27.6316  56.6641  51.3742  
27.5999  0.178018  49.501  
51.9185  19.6145  10.4327  
50.0313  21.9515  10.3131  
23.418  28.0399  21.1229  
21.1199  26.8305  22.6387  
32.1755  54.5925  40.357  
33.7969  52.6395  41.7859  
9.15151  1.87281  16.3772  
8.54022  2.72838  18.9365  
50.7602  50.0254  57.1601  
53.3292  49.9576  58.7225  
39.9919  19.9467  52.4128  
37.0526  20.9366  52.1012  
44.3411  33.9705  47.523  
41.502  34.7234  48.6052  
55.9763  46.3041  15.6443  
56.3425  44.6141  17.9672  
44.3766  30.9667  37.3664  
46.7292  30.271  35.7658  
11.0898  13.1501  18.7684  
12.4199  10.5875  18.5932  
22.7873  41.8403  17.251  
21.8499  39.1706  16.7031  
9.33052  17.484  15.2676  
6.63026  16.5576  15.2689  
55.2014  18.8572  1.98336  
53.54  16.2304  1.7439  
7.95793  8.46062  47.1726  
9.79229  7.545  49.3245  
11.8747  37.9567  41.8074  
12.5934  35.1466  40.4264  
41.7932  9.30726  9.80338  
41.0279  7.42549  8.03833  
34.0154  33.1779  0.999389  
34.4569  30.6991  2.0311  
54.8848  5.81216  53.2256  
55.7526  8.29832  54.3537  
21.9858  28.0533  47.5942  
23.8899  25.8979  48.4473  
48.6526  13.4013  6.6702  
49.9953  11.5419  4.40616  
40.0132  3.11368  49.5818  
38.7489  2.8614  47.0467  
45.5733  49.2141  12.5196  
47.2762  48.2789  14.7195  
49.3866  28.5386  56.6038  
47.3287  30.1508  55.7427  
38.2685  50.5598  4.18143  
40.2413  48.6139  5.44512  
53.3266  48.4542  9.54898  
53.1787  51.284  9.23752  
6.12742  23.5379  47.2017  
6.4774  20.6923  46.8783  
49.7238  5.33166  23.9842  
52.558  6.02552  24.5342  
43.8871  24.6375  28.0627  
43.1966  22.264  29.5191  
29.293  37.1369  57.66  
26.4084  37.1439  57.0972  
57.2714  51.2578  39.5358  
57.5246  53.6089  41.2861  
30.6045  48.8871  3.44198  
33.1054  50.4592  3.36284  
39.547  53.0926  48.4236  
38.9812  55.5626  49.6884  
15.1785  9.36806  38.3316  
15.2792  7.30394  40.2224  
13.5225  52.066  47.9675  
15.5017  51.7125  45.7194  
19.363  16.3283  58.3556  
21.9038  16.9954  56.9885  
42.6583  18.632  19.8914  
43.5259  15.7691  19.5205  
31.8065  26.0588  33.7772  
30.569  23.6749  34.9773  
34.1827  12.5414  58.8713  
36.6225  12.0027  56.8004  
18.8438  57.5336  20.5078  
20.6094  55.2054  20.2868  
30.535  35.8594  50.8015  
29.1414  35.1019  53.4956  
17.6255  30.9822  3.0121  
14.9309  31.0222  2.27429  
6.77446  51.4557  23.4431  
5.09592  49.5342  22.0462  
51.7456  45.3097  36.0519  
52.1785  48.1824  35.4811  
58.6626  2.66771  9.10388  
0.463052  4.98123  7.83282  
4.10223  2.33128  20.5813  
3.82297  58.4447  22.2568  
44.4678  33.3712  15.6163  
42.9516  35.5278  14.4122  
10.3392  33.8402  32.7727  
13.0157  34.4017  33.5466  
18.9439  56.0067  28.9541  
18.7614  53.2369  29.7721  
29.8968  9.69041  26.6536  
30.7045  10.8922  29.4873  
23.5372  44.9831  3.88683  
24.4811  47.1874  2.22587  
29.6808  26.071  23.2371  
30.231  28.4802  24.8605  
57.5784  57.976  13.4085  
1.14055  0.330957  14.4063  
47.6272  19.0482  4.39285  
45.3121  20.5479  4.95138  
41.0309  10.5484  46.9575  
40.2359  9.84737  44.1738  
5.05888  14.0596  45.0296  
4.89171  16.6493  46.1873  
33.7427  46.7748  24.9869  
34.5288  44.1678  23.6845  
46.6517  4.68322  14.3336  
46.037  4.30417  17.2421  
1.43153  43.4811  42.0629  
2.57072  40.9696  42.7081  
21.1137  56.617  39.6936  
22.5174  54.6337  41.3021  
41.3925  13.1005  2.79153  
41.7365  11.6771  5.25883  
45.2435  4.84674  25.1307  
45.6265  7.393  23.5596  
23.8027  57.7743  2.82688  
25.2432  56.6701  5.17624  
40.4673  40.8949  45.0763  
41.7274  38.406  46.0913  
3.52634  4.69542  39.2806  
3.14448  4.12676  42.161  
20.7102  51.0539  34.2373  
23.1126  50.2979  35.8441  
32.6635  6.34002  34.532  
34.6753  7.55436  32.6263  
26.8331  46.8503  5.21782  
29.3125  45.6734  6.29885  
32.283  56.1316  17.1343  
31.5772  54.9563  14.6049  
52.8752  37.463  57.5383  
52.614  35.1219  0.432175  
16.9264  22.4227  49.6021  
15.2878  22.4925  47.4579  
28.093  26.8302  5.94514  
28.4482  25.1013  3.44975  
13.2861  53.9475  34.8023  
11.8025  52.5272  32.5332  
57.1422  29.0445  33.0367  
1.04217  30.2936  32.9738  
8.87004  37.7664  21.1666  
8.63717  37.7076  24.0729  
25.6213  56.0532  22.0166  
25.8656  54.9471  19.4299  
52.1584  39.9448  20.7038  
52.9455  42.3245  22.055  
45.8684  57.7329  41.8326  
43.1575  56.2032  41.6579  
37.2579  10.2498  17.0466  
36.5221  12.9332  17.8646  
29.3761  54.1341  27.8547  
31.4412  53.7447  29.8512  
1.25507  56.5825  28.5015  
1.74278  56.529  25.4004  
31.8143  34.5349  24.1547  
33.9712  32.7824  23.1781  
29.9876  42.5392  34.6904  
30.8872  41.1568  37.1471  
52.5367  35.8653  48.6313  
50.8597  35.5174  51.0024  
3.97135  51.6576  13.938  
1.57187  51.3241  15.438  
55.9695  24.3733  24.8165  
57.4621  24.5929  27.2587  
26.6021  53.0666  39.9075  
25.6915  51.9039  42.3906  
1.38054  48.0642  26.2982  
3.0427  50.2942  25.7636  
43.5366  29.5264  18.2835  
42.0211  31.9414  18.9278  
3.04573  12.2413  22.647  
5.37122  14.1656  22.6187  
0.731968  17.0585  44.4372  
58.4952  19.725  44.2318  
1.24116  20.5266  9.16364  
1.29074  22.9391  7.73752  
30.9121  44.0621  25.5558  
29.1782  42.272  27.0743  
58.3112  6.9644  40.1409  
55.4664  7.25909  40.8745  
42.471  39.1792  57.5044  
44.2167  38.2472  0.835111  
57.5905  15.9537  8.14928  
0.981406  16.3149  9.71464  
3.90712  2.56091  46.1947  
4.05183  0.336028  44.3947  
48.1418  45.5942  21.6323  
48.8763  42.8047  21.001  
0.920209  25.2549  3.60237  
58.238  22.8905  3.94862  
51.1059  51.6464  40.2361  
53.6712  53.1138  39.7076  
37.5727  44.7569  56.7972  
34.9883  43.8885  57.7396  
17.4807  22.413  39.1024  
15.8409  21.5561  36.8734  
36.3783  11.2934  10.1577  
33.8289  10.7193  11.3538  
48.6067  37.0695  1.47032  
47.9495  39.6344  2.47969  
26.5064  48.1095  17.4214  
28.0498  48.3172  19.8792  
45.3644  51.349  45.9885  
45.9418  48.6257  46.865  
13.6124  5.25331  31.6828  
12.6459  6.52577  29.0918  
50.0659  3.25812  27.3721  
50.4395  2.09862  29.8885  
42.1089  57.2087  19.0024  
43.7062  57.0707  21.4815  
29.1522  44.6227  38.0775  
27.2783  46.8345  38.6036  
51.1786  54.6675  8.48754  
49.8705  52.5183  7.02017  
53.8138  17.5869  40.9132  
55.9173  15.4741  40.5969  
2.01357  21.028  20.882  
4.26942  22.6735  21.9831  
21.1336  19.4157  38.7232  
22.7716  17.094  38.5577  
35.1584  37.9292  12.3801  
36.5933  35.9056  10.9279  
40.501  52.0931  42.5253  
39.0503  54.513  43.6858  
20.5488  52.5573  50.0938  
18.2711  53.0785  48.4227  
57.5117  19.3473  54.8468  
54.8634  18.3969  54.9189  
15.9641  57.4728  9.38869  
15.1586  56.7102  6.59595  
31.2188  50.1203  23.9625  
32.4896  50.8383  26.5383  
35.2272  46.2286  17.1674  
36.5538  44.0975  18.726  
10.1153  52.614  18.6339  
12.4998  52.3113  17.0187  
24.0188  8.06307  43.4219  
22.0574  7.2487  45.497  
9.67425  13.2911  10.4235  
8.48937  15.7659  11.6628  
22.4026  42.961  31.1933  
22.618  45.8172  31.4235  
18.5057  45.7408  48.4387  
18.5529  43.8576  46.1491  
36.1129  8.24108  24.907  
33.7579  8.76208  26.6095  
18.0462  48.597  7.15622  
18.8537  49.4962  9.79415  
48.9638  47.9286  24.9863  
50.6914  48.7308  22.8365  
18.5684  53.7117  42.602  
19.193  50.9867  43.6523  
22.6482  13.715  29.6539  
23.8301  12.2535  31.9131  
20.0139  24.8685  51.6079  
18.4459  26.7252  50.0065  
10.486  30.1323  26.6689  
8.01392  28.5486  26.5153  
25.3969  3.58986  38.7291  
27.0552  1.45966  37.6186  
42.9361  56.4531  5.9744  
44.5811  58.3628  7.43848  
42.3045  44.2775  35.7605  
43.8148  41.7629  35.3475  
7.25007  28.0533  46.8024  
4.42792  28.2414  47.0131  
13.1363  40.0184  30.3648  
12.9619  41.5948  27.8968  
28.1402  2.34091  30.7388  
30.0897  0.0425255  31.1448  
3.3558  45.6714  6.73972  
1.6812  47.0487  8.81245  
54.8442  54.6837  26.3144  
53.8764  57.1419  25.0504  
47.6045  14.4419  48.0727  
45.7999  15.8908  49.591  
24.0139  49.005  57.8062  
26.8993  49.3955  57.9033  
28.8733  38.325  28.0184  
29.9646  38.4829  30.6445  
12.7563  54.4733  39.2077  
15.1807  53.0019  37.9969  
41.1492  49.4125  19.391  
38.8713  47.4906  19.2771  
18.1224  47.9835  27.4523  
19.0793  45.9485  29.4804  
21.2226  38.7945  39.0794  
21.6385  41.4925  38.4687  
12.2592  50.8871  57.7492  
13.4101  48.5586  0.171372  
31.206  41.2482  7.4644  
33.1013  43.4793  7.47206  
48.8325  39.6601  44.8676  
50.2433  37.9572  46.6078  
3.46859  35.2311  34.5153  
3.2309  37.3581  36.4002  
38.1969  14.9677  7.15297  
37.361  15.6808  9.96632  
2.099  40.7837  28.7095  
4.26227  39.5187  30.3805  
30.0436  49.9194  30.6741  
30.4241  47.056  31.5045  
56.2083  7.75792  48.5053  
57.1143  4.98019  48.5386  
7.64484  6.84395  9.68029  
9.95597  7.96929  11.0666  
27.6245  27.0123  13.7999  
29.4309  28.1934  15.6829  
52.2295  17.4928  48.0071  
51.1486  19.2075  46.0024  
32.3503  27.4073  48.7197  
33.8215  24.9395  49.3711  
56.0133  47.5576  41.5438  
55.5358  47.388  38.7149  
50.5723  4.83371  42.9004  
48.1655  3.65508  44.2163  
38.6042  26.8019  48.6303  
38.6215  29.6587  48.5499  
26.7483  10.1328  33.3111  
24.051  9.09942  34.0636  
7.73096  24.3299  37.9787  
7.51293  26.8666  39.5605  
39.2871  8.36995  13.7249  
39.345  6.54302  15.9326  
44.9053  51.2588  25.0518  
42.8619  51.462  27.0767  
20.0485  48.9641  52.0521  
22.9183  49.5261  51.704  
39.5527  1.52959  31.7777  
38.4471  4.01042  30.655  
27.194  40.4792  20.648  
28.7017  41.0538  23.1972  
53.2047  47.8187  28.3172  
55.5234  46.1592  28.5318  
42.16  20.9963  10.2809  
43.3794  20.2329  12.7892  
12.1548  23.1893  57.6053  
14.2795  24.907  56.612  
56.9076  44.8777  22.2182  
54.6482  46.4533  21.4059  
15.8287  15.643  3.72466  
16.4336  16.2147  6.51612  
19.9262  16.6554  35.5378  
20.0977  14.6372  33.31  
15.2979  6.64144  4.09691  
15.947  7.76733  6.69026  
34.4279  11.0387  40.4059  
31.7956  11.4124  41.2294  
52.6826  40.8925  34.9107  
50.878  41.9687  33.0098  
8.70843  8.09972  24.0392  
6.09723  9.76768  23.3188  
48.5152  40.2265  9.67365  
46.5054  40.5527  7.62712  
4.04326  47.0831  40.0028  
1.5461  47.1952  41.4343  
4.84914  34.8447  38.5783  
5.32709  32.7354  40.7161  
16.2326  17.6109  34.9652  
13.8999  18.33  36.7965  
31.2385  43.1123  11.327  
29.1439  43.722  13.2471  
30.592  31.1388  51.1019  
28.9063  30.4071  48.9131  
27.406  34.854  26.5656  
28.0203  36.8971  24.3059  
42.4057  47.1018  41.365  
43.4181  48.9946  43.3031  
16.1761  21.019  21.5386  
13.6669  20.4092  20.3308  
14.1998  53.19  13.619  
12.9818  55.5836  14.4965  
45.9362  8.1317  15.8483  
43.2884  9.26498  15.3835  
22.9023  44.6333  24.009  
21.152  42.3046  23.3546  
28.2659  49.1054  8.59272  
27.4198  48.0639  11.0981  
26.3376  52.1083  11.346  
23.7016  53.1282  11.6374  
21.1053  3.11999  39.6746  
22.3449  5.52172  40.719  
36.6654  5.99257  50.3815  
34.6258  6.54612  52.3351  
29.0088  32.714  15.8652  
28.463  31.0943  18.2885  
7.4511  0.393277  5.54953  
8.39295  1.8878  7.71468  
7.29291  56.0884  43.0856  
4.63752  55.1949  42.3442  
35.0492  51.1647  56.2013  
37.2616  51.9772  54.1788  
41.2724  57.7391  55.8976  
41.3626  0.790247  53.8129  
10.4985  47.639  35.748  
8.50217  49.1538  37.1134  
56.1681  9.65751  34.3998  
55.2988  12.4927  34.2386  
31.2516  0.848181  46.1587  
34.0324  58.8537  46.5787  
0.643263  32.9105  52.5499  
2.2018  34.7559  50.8839  
37.4609  26.6744  26.4305  
37.0725  27.4323  23.6512  
17.5465  11.1564  8.99602  
15.784  12.4472  7.00106  
21.0391  57.5684  34.3819  
21.9821  54.9158  35.3711  
48.6085  12.0475  27.5161  
51.4378  11.2894  28.1584  
20.8781  44.3527  35.0818  
18.8716  44.7556  37.1845  
17.1425  47.7493  16.3471  
15.3603  47.4789  13.9445  
46.9538  17.4601  27.8195  
45.5946  15.007  28.5671  
47.441  23.0171  29.509  
49.9917  24.3519  28.8451  
15.0207  57.7275  37.4159  
16.3305  1.22624  38.5269  
34.5542  40.6114  20.6014  
36.8248  41.1837  22.4179  
26.7192  18.8211  6.80754  
29.2761  17.3547  6.74295  
25.2007  16.2117  31.131  
27.9475  17.1597  31.7996  
44.0928  5.76223  10.8196  
46.7704  6.86975  10.8109  
13.5779  23.2572  40.2776  
10.7407  24.0168  40.593  
37.4086  0.39538  8.83682  
40.1184  0.771268  7.8532  
28.5208  21.0451  17.3308  
28.4462  23.9175  17.272  
50.0735  25.2336  17.1451  
49.3155  27.7222  15.7894  
56.6582  49.4545  30.3542  
56.0967  50.872  32.8552  
34.5439  7.2153  3.87951  
35.5261  9.65764  2.12895  
26.9346  31.9588  31.2593  
28.9501  33.8822  30.5827  
16.9652  27.1054  54.3151  
17.4605  28.4026  56.9483  
53.7821  38.7608  16.8831  
54.9746  37.093  19.0034  
15.5868  40.4915  44.567  
16.6965  42.2377  42.4273  
19.6231  11.9305  51.9662  
21.3797  12.2071  49.847  
18.2187  30.8114  18.6706  
19.9593  28.5227  18.5389  
14.2984  45.0621  36.0188  
14.0289  45.15  38.8906  
37.3916  51.8889  36.0794  
35.1433  49.9838  35.7528  
40.648  39.0792  53.8784  
43.588  38.4976  53.7264  
43.616  43.6512  39.3149  
44.9335  44.0373  41.8547  
7.3752  20.79  23.43  
8.4676  22.6468  21.4501  
49.0375  43.2802  56.6253  
50.0474  42.7596  53.8686  
53.0749  44.8631  42.9792  
52.7828  47.3826  44.48  
54.6123  13.0951  7.93019  
55.3114  14.2796  5.35552  
46.6663  17.2156  38.9108  
45.2896  18.7244  36.7423  
10.4996  22.2407  51.1778  
9.74322  20.5065  53.4867  
4.08701  46.8519  3.05933  
3.1466  44.0192  2.99552  
54.5533  57.1662  0.282343  
56.7907  58.8676  0.987286  
46.337  43.4316  1.62548  
48.9892  44.3533  2.01413  
31.3384  5.3213  0.246066  
31.0637  6.57697  56.4608  
51.1776  40.6028  6.255  
53.1678  41.7369  4.39351  
56.4158  36.9092  9.45882  
57.8721  35.8821  11.7291  
13.3152  4.11096  7.44786  
13.1033  1.47837  8.4806  
15.4068  0.784689  20.7932  
16.4621  0.774798  23.4453  
50.9699  38.8312  24.5037  
51.4685  35.8431  24.7441  
55.1203  19.2856  13.373  
56.067  17.7798  11.0724  
27.9953  24.772  42.935  
25.7865  25.873  41.3252  
55.7893  37.9726  43.5191  
56.7616  38.0498  40.4599  
5.19194  0.670721  36.5691  
7.5627  58.5813  37.866  
43.8947  44.1351  8.40744  
43.4274  42.9993  5.79824  
42.4778  22.5419  35.7793  
41.5299  20.3916  37.6479  
56.2076  57.208  9.29624  
53.6543  58.0873  10.5831  
19.8912  9.18281  21.5989  
17.1101  9.40217  22.0569  
43.5535  54.5643  1.9133  
42.0416  52.5042  3.47272  
3.7462  4.65335  34.8503  
1.81791  2.82675  36.1936  
37.5982  49.1748  47.7875  
35.786  51.5561  47.6981  
53.042  29.3155  46.5069  
51.3521  26.9265  47.4193  
18.1331  24.8144  25.7597  
18.079  27.6252  26.0721  
24.5695  47.3941  27.6154  
26.3764  45.5891  25.8977  
24.1419  29.4056  12.6447  
24.2807  26.7552  11.3412  
4.9877  24.6711  8.34555  
6.92756  25.9083  6.67611  
9.5683  15.27  50.4133  
11.5166  12.7291  51.2597  
3.50036  10.256  14.8204  
2.17582  11.9338  12.8834  
15.8354  20.7118  27.5977  
14.6788  21.7145  25.0304  
11.1127  20.4299  7.06974  
13.6199  22.0102  7.08708  
41.9582  32.0567  6.91916  
40.1333  33.6085  5.23215  
17.211  45.3312  53.0769  
15.8564  47.589  51.6876  
6.71538  58.6261  29.8706  
4.5233  0.0682496  27.939  
2.07359  29.301  20.3097  
4.5447  28.1305  21.6574  
18.101  17.2048  44.3576  
18.2003  19.378  46.4807  
13.058  8.90449  52.7385  
13.6859  9.11056  49.9969  
7.42849  8.12031  14.0304  
8.27786  9.98306  16.0839  
14.7583  1.96035  34.131  
13.4014  1.09805  31.7198  
1.94834  37.3717  56.9888  
2.72412  39.7082  55.3981  
55.0158  32.5516  54.9119  
56.2675  30.0229  54.9448  
48.1621  7.37938  43.1241  
46.4585  9.75156  44.7898  
53.5966  15.3821  36.6543  
51.9334  15.1512  34.2172  
39.093  37.7028  4.89325  
40.5992  37.1218  2.50125  
39.623  6.65728  4.10907  
42.4149  6.74279  3.80121  
2.65761  57.5555  58.6361  
4.12599  1.03223  57.4272  
32.6163  4.63442  38.2125  
29.8977  3.98193  37.3112  
48.724  36.1044  6.72195  
50.2518  34.1247  8.35605  
8.63377  44.3076  48.9259  
10.0337  45.2831  46.702  
51.2972  35.4638  18.6776  
48.7085  34.497  19.7486  
14.1809  32.1188  26.0328  
12.1423  34.1728  25.4563  
56.7141  0.886592  17.1215  
57.1626  3.42376  18.3584  
17.7383  3.23137  41.9846  
18.4547  0.262667  42.526  
10.5699  8.48147  2.01057  
7.80824  9.14  1.3382  
10.91  43.0999  33.9299  
11.7037  45.1937  32.0142  
6.30939  25.5376  24.4728  
4.15866  26.7993  25.9933  
15.6706  41.6879  11.1735  
14.8412  40.9714  13.9143  
22.1469  58.5863  57.6338  
21.9143  57.8366  54.375  
25.9925  22.7351  5.57854  
23.8844  22.3084  7.57108  
53.7861  24.2923  20.0793  
51.4587  22.4287  19.6723  
