35.4179  36.2735  27.9731  
23.4715  35.9963  16.9744  
36.7622  57.6002  51.0512  
0.932402  45.502  23.9466  
8.6576  56.6046  54.7286  
40.5341  52.3955  54.4493  
40.0103  17.7906  24.6789  
44.4307  38.3538  34.3626  
55.5508  6.19764  12.713  
56.8329  25.4669  21.5415  
32.5431  58.435  24.145  
23.0461  32.8404  49.5579  
7.66285  11.8096  45.2204  
17.5041  9.84869  32.2755  
20.6986  32.8538  29.5117  
5.86683  54.6947  14.0593  
49.4139  41.4819  12.9721  
47.8794  9.54238  10.9581  
12.0212  24.9732  29.65  
0.09486  49.6176  9.50504  
57.2661  39.9709  46.3577  
4.67833  11.7961  28.7087  
10.5503  39.3339  5.54644  
46.114  52.479  22.211  
39.5975  14.73  36.1393  
3.79258  53.8372  39.3573  
22.2636  13.7561  25.617  
11.098  53.7408  50.0477  
2.52282  38.1906  5.49529  
39.3722  18.0139  47.2596  
35.2432  55.8632  1.43476  
22.5737  1.67102  9.85361  
36.2646  57.8139  27.7687  
10.379  17.2588  5.95029  
9.78579  35.3634  14.7046  
24.212  48.0116  38.1535  
16.9926  13.3331  15.9229  
16.1775  19.8855  53.7284  
19.7312  22.1902  14.5152  
32.4359  14.8674  24.0758  
51.7491  35.4561  37.9591  
29.7871  11.0855  46.3935  
8.9536  47.4823  15.5412  
45.9453  13.6788  18.6889  
56.1469  8.03393  25.2999  
5.81288  17.6947  24.2068  
29.2394  23.487  45.7679  
53.3236  9.41592  29.9662  
12.5134  11.2315  25.0574  
55.9865  42.9132  29.581  
22.8077  32.715  56.2134  
22.1101  31.9  13.9853  
0.12771  40.7027  26.1174  
9.43229  51.966  57.7602  
10.3525  1.42795  39.4763  
36.3412  43.0835  33.1825  
21.1455  4.51539  5.8339  
24.0752  40.1387  30.7078  
45.6694  46.5152  31.9307  
13.5294  25.7002  45.7103  
8.75448  45.4072  51.793  
10.9632  29.3776  35.8534  
12.978  46.7024  45.7453  
20.5795  34.0509  9.69915  
53.986  20.043  29.3329  
38.1079  31.5364  37.2966  
12.1543  46.8732  29.2297  
47.6904  44.6353  43.2275  
8.71975  2.13296  24.4726  
52.1337  55.1321  55.3947  
57.8639  29.4469  11.5358  
3.27197  10.8612  5.04871  
3.04076  2.89825  13.3014  
29.6109  11.4349  34.0417  
50.0846  34.467  53.5297  
1.63402  29.4232  6.70207  
15.0251  57.9301  45.9994  
25.5545  11.5742  22.4605  
54.6452  4.12683  6.67926  
46.9308  51.2939  6.19615  
35.0253  21.0988  4.60401  
30.9042  58.5057  7.99066  
21.4311  18.7538  26.5143  
36.0655  44.2677  6.09451  
6.9959  29.0725  12.516  
14.342  55.0778  54.6741  
31.0098  29.1245  28.0379  
1.97862  46.9797  34.0449  
38.9519  47.5441  8.99193  
45.451  36.0215  53.2904  
32.7311  38.1021  19.624  
5.41085  2.85452  50.1521  
43.9043  55.5537  57.436  
8.81089  34.8086  45.0418  
40.9963  24.9683  54.8132  
23.1321  58.7476  45.8739  
21.2571  8.70525  36.2327  
12.7869  48.9613  52.635  
35.7123  24.3509  38.245  
1.07999  53.8066  52.6165  
0.908318  27.5071  41.1814  
32.2165  38.192  14.2907  
18.8511  29.9888  48.2173  
29.9652  42.0621  46.3394  
53.2078  14.6802  54.4585  
5.86026  39.6378  42.9385  
50.6569  30.8255  15.1162  
1.21083  54.7183  31.1723  
39.6077  25.7278  41.2266  
49.2847  25.2233  49.6701  
11.4022  45.2461  40.761  
6.73356  37.1834  30.4303  
41.3572  26.198  12.6445  
53.208  0.106876  22.196  
7.45378  43.7757  28.3356  
0.735319  39.2121  37.7893  
9.28834  34.2835  4.81495  
22.0468  2.61944  0.882291  
45.5952  37.3445  29.4145  
58.8489  42.381  33.8102  
45.1024  32.1921  9.24559  
49.774  47.771  28.4702  
36.36  10.4063  37.678  
17.8821  0.223855  11.1561  
51.8264  10.9849  51.6172  
53.9066  28.4434  3.15466  
55.5003  47.9282  3.40781  
41.7861  19.2829  29.1053  
16.5581  8.86967  48.1852  
48.7552  17.3914  16.9658  
35.42  50.3601  29.9783  
25.9735  56.1169  16.3434  
40.0577  7.90458  41.8456  
42.5983  8.80499  30.7589  
16.491  44.2127  1.55272  
54.0724  52.873  18.0856  
27.5963  57.1594  26.3304  
42.3205  3.03862  37.4887  
45.2346  51.9436  39.0767  
9.54587  25.3801  4.56132  
19.6518  14.6799  20.1899  
16.3942  57.2667  3.62041  
43.6452  21.8883  20.3526  
31.7028  4.66912  23.2022  
10.5628  55.8267  41.9328  
51.6553  12.1718  1.77676  
46.9688  42.0173  26.3982  
28.1292  56.4217  54.7233  
50.0768  3.24211  34.8984  
30.1507  46.8004  43.844  
20.438  50.982  12.9259  
4.58578  33.7132  22.8509  
22.4085  8.35759  19.2887  
14.5641  28.6834  32.1409  
58.4858  12.7853  41.5875  
13.5227  26.2711  19.5146  
16.232  14.9965  42.8341  
48.7357  52.6827  30.9521  
22.499  26.1423  42.0795  
39.2578  4.03456  57.8513  
44.8265  0.792093  2.79715  
0.971754  5.36595  17.2011  
16.3583  37.5934  20.2491  
43.0328  45.5717  26.3272  
42.9846  33.2546  26.7388  
43.069  20.4025  52.8818  
12.5027  14.763  57.0312  
29.6935  20.3718  53.6535  
31.4692  43.9161  31.8809  
11.1795  37.9224  18.9742  
32.6336  14.5154  1.39271  
4.31894  5.76385  27.9497  
9.35734  8.92407  33.6885  
11.5138  57.7367  30.3962  
20.2767  38.9691  53.6388  
26.0948  57.3186  8.2909  
31.6149  50.0599  36.3707  
34.1292  23.3391  52.1982  
42.2181  25.6956  34.2211  
38.743  32.7155  29.6498  
2.2546  55.2819  22.2874  
17.6452  51.9386  1.78928  
39.9118  2.11254  43.4605  
44.5897  17.1731  58.3735  
58.4279  54.7775  8.16411  
1.30403  18.0467  54.9005  
41.9938  15.9416  43.6349  
31.9509  3.1907  2.34079  
53.8308  28.1126  8.89379  
18.9094  48.005  3.63922  
33.1538  19.9289  45.0793  
10.259  14.8581  20.9567  
45.3856  7.91794  2.75523  
56.5401  21.3774  15.9917  
25.7204  37.6851  5.29866  
32.6879  16.7107  5.92014  
56.0913  26.9403  56.409  
49.8078  55.6295  19.4929  
29.0641  51.3362  57.1232  
36.4905  57.3777  44.8378  
12.8775  46.3245  12.4617  
41.2808  7.08329  53.9466  
43.9973  3.63377  19.7582  
9.91788  4.96822  56.6719  
21.1298  52.0964  21.1945  
29.3144  11.075  2.36906  
49.5789  56.1729  49.2961  
13.843  8.09449  20.5733  
50.7749  7.78038  37.9119  
0.625394  53.874  58.5994  
36.804  52.1681  22.5621  
23.145  28.137  28.9256  
15.4203  2.54242  58.7251  
23.987  13.7687  4.72152  
32.0789  27.6267  40.021  
38.5672  39.8674  25.3705  
11.5787  24.6292  12.5667  
0.354235  47.1816  55.3623  
43.1799  25.585  24.4846  
21.526  51.9957  57.0679  
48.0111  39.0369  38.1085  
13.8299  44.2591  20.8755  
33.4278  26.5567  56.5073  
14.541  9.70489  56.0162  
18.6134  26.7367  8.51517  
27.9784  2.55523  44.091  
8.85988  14.3847  1.59541  
10.7074  32.3789  58.1376  
31.3941  38.6979  0.645359  
32.5579  19.5047  26.2652  
30.2647  5.37355  18.2775  
50.2612  26.0143  0.18771  
19.3527  11.4722  55.5762  
12.5481  39.64  55.5691  
58.616  12.2111  47.0103  
36.469  21.4156  23.4136  
19.1608  55.7614  14.7034  
43.5629  54.0212  11.0782  
16.5272  30.6237  27.7152  
31.4938  29.368  35.0466  
52.5655  54.8831  45.281  
50.4783  51.3097  51.2792  
39.7575  54.0906  26.8194  
16.7776  39.6416  37.6197  
25.5716  33.6517  38.0645  
8.32972  42.5532  2.35871  
55.0121  22.009  2.38538  
30.6707  38.0822  5.89825  
10.3275  36.6095  26.6319  
35.0398  12.397  50.6954  
49.4722  1.48568  51.8831  
58.7317  3.24542  50.9122  
18.1589  18.0193  9.15858  
21.0038  6.00835  54.0872  
5.62618  5.57233  19.3289  
2.4675  20.6496  50.8409  
32.7429  5.49687  45.8973  
50.6426  56.9564  10.6005  
20.1899  30.6148  5.57334  
3.65556  16.3216  58.8099  
29.3646  22.7756  23.3573  
5.41873  52.296  7.2132  
34.2671  49.4528  42.5038  
44.6397  26.1097  45.6966  
57.6459  1.62515  37.8302  
24.7433  11.0041  58.7324  
43.295  48.1832  54.8734  
53.1806  32.5338  46.5021  
8.72964  42.6525  17.8522  
4.97507  46.2665  20.9319  
1.24069  41.5536  1.99049  
32.9173  56.6759  31.6481  
18.9881  39.8659  24.6304  
11.3082  13.8795  34.6865  
8.76913  57.5112  1.85384  
37.2283  28.8202  3.43988  
41.7557  36.3414  22.7513  
52.8028  52.0257  34.1647  
4.62457  15.0089  17.606  
30.6589  16.4086  33.4062  
8.31047  21.5478  31.5284  
45.5557  31.8925  3.15086  
54.9217  40.2433  56.3464  
11.5697  17.575  30.679  
39.5478  19.8439  0.195865  
39.6502  4.58805  22.2902  
35.9043  36.8048  45.3929  
33.5472  20.8966  13.8511  
57.8951  12.9808  1.08727  
15.3865  12.7842  37.4965  
24.6553  21.3276  34.3443  
53.1059  23.9835  53.6853  
38.9559  57.2411  17.3437  
37.5641  17.8514  12.7422  
10.0957  25.2238  49.5305  
42.9988  33.6317  57.7097  
7.9218  55.2411  19.071  
46.7268  2.64563  47.4264  
13.7286  49.4904  22.2204  
21.799  49.0696  44.1575  
44.9397  58.6055  34.1785  
13.416  35.9612  46.9806  
57.3873  15.9142  23.5616  
56.3601  31.5637  16.0501  
1.56392  25.6979  28.5621  
3.29302  32.8657  31.67  
25.5259  42.8061  18.9398  
27.7257  29.8316  7.51472  
22.6599  23.2128  57.8135  
25.0003  12.5536  49.3295  
11.9352  57.0191  25.0621  
22.9352  26.3341  33.919  
5.69399  13.6448  53.68  
3.37049  13.7951  10.0641  
21.111  28.2703  0.234183  
17.8704  51.2339  32.1909  
27.2637  15.8739  11.9931  
37.7036  39.214  36.1853  
35.665  36.1148  58.5483  
50.0064  31.218  35.1484  
8.20607  2.16539  13.2448  
38.3907  46.1505  49.5877  
11.11  30.4032  15.6319  
18.1301  35.2977  43.401  
57.8138  35.3272  19.7274  
17.9488  3.77051  15.0834  
57.6063  2.50023  31.766  
37.771  54.4779  37.6173  
14.0466  7.16363  1.2645  
42.7634  41.8946  16.3044  
12.3817  14.3343  46.0973  
6.67824  21.1524  36.5385  
20.1357  11.6001  40.5926  
25.4346  5.75666  57.6366  
3.07552  21.2824  30.741  
10.8654  32.1193  40.3361  
27.5752  43.7179  50.7369  
56.9886  56.2296  35.3695  
16.1861  18.0881  14.0862  
55.5796  5.71702  35.2623  
26.1772  45.3271  12.5539  
36.433  51.6123  10.613  
2.94649  7.16662  48.425  
48.7006  20.7195  20.4307  
40.1598  46.471  58.5977  
49.166  24.649  10.9494  
17.1703  17.8408  29.581  
53.727  28.1052  33.0921  
5.10209  30.6036  55.0837  
5.57639  40.5604  50.4649  
27.7717  25.457  29.5527  
14.7164  30.4007  9.66233  
25.9317  30.0662  20.7165  
42.4776  43.8464  21.301  
34.8159  20.0307  40.4787  
22.1202  37.3826  46.2875  
5.71092  29.3464  40.9505  
49.3231  18.4513  53.2959  
37.1751  27.3121  34.2851  
55.5874  1.2436  42.412  
23.1773  9.06974  6.64854  
49.7138  30.7598  26.2706  
34.5868  18.1623  57.188  
8.42203  17.8948  47.8165  
34.2317  19.2686  19.3718  
4.14669  13.0693  38.7221  
20.2404  34.7626  38.2878  
29.9768  15.7744  44.4331  
3.40828  57.336  9.96608  
6.47648  55.5777  32.1875  
26.8017  31.6517  46.6995  
52.7795  11.2633  10.2464  
43.3993  28.959  52.0361  
19.0914  29.84  39.8288  
16.8361  42.9019  55.4449  
28.1628  31.1653  58.2321  
33.8202  33.7653  35.9958  
49.1611  48.8418  40.737  
19.8029  47.2634  19.2067  
4.72209  10.9345  0.130588  
58.6609  4.16641  56.2437  
39.0434  13.2754  53.4324  
11.3399  47.9105  7.44336  
27.9063  27.4001  54.7426  
9.53381  29.6971  21.4252  
0.190217  18.3646  19.3259  
27.8568  7.70324  25.1357  
11.8049  46.5843  2.37459  
2.92351  45.5715  51.3641  
1.02802  23.2524  43.6944  
25.4401  3.98729  19.2208  
12.405  18.8471  17.7823  
26.0087  48.3267  50.7306  
55.2515  49.5964  51.8372  
22.7765  22.4194  18.8737  
38.1214  44.0501  28.3982  
10.7181  29.6438  52.5809  
35.0377  31.184  17.3999  
48.2583  56.4323  27.583  
55.1364  23.0728  45.5377  
49.2219  22.4777  38.8949  
26.676  50.1367  45.8097  
5.82344  1.83944  55.1038  
58.0427  25.2488  36.8803  
46.4852  30.4575  47.4182  
4.75021  20.5337  4.01713  
47.1521  9.73806  52.8418  
20.5287  18.3931  50.958  
5.59069  47.9084  30.6106  
19.343  58.6929  49.2105  
55.0231  42.825  1.71281  
20.6259  11.1087  10.6493  
53.7555  48.8852  15.1057  
37.1554  1.41192  3.12737  
32.2567  37.7176  49.177  
50.6105  57.2512  35.7104  
30.5524  49.7665  52.5393  
31.6219  4.92589  53.0809  
44.8022  3.88239  57.5737  
39.0056  45.6476  36.6275  
34.4448  5.81905  40.8186  
49.9575  30.0746  41.5346  
53.1279  0.00604145  31.1251  
57.6895  8.49316  6.21577  
1.2404  19.4549  26.0847  
50.1406  10.9989  22.1088  
52.1119  33.0752  10.79  
53.6679  49.5839  22.0666  
22.5173  24.085  10.26  
42.8347  44.3746  51.5498  
15.31  35.5606  10.3829  
22.1028  53.085  7.42117  
52.2294  19.8123  42.6352  
39.1324  17.8034  4.60251  
40.3844  56.8208  33.6211  
26.0731  21.1041  27.0585  
17.2809  12.9507  27.9752  
32.0043  51.5978  12.9832  
19.1804  6.7984  27.1491  
14.3631  3.41517  18.7895  
29.3985  54.173  38.5227  
52.0202  26.9605  28.5359  
53.3853  36.8651  30.1866  
27.5283  8.20921  42.626  
27.6694  23.9775  0.0237451  
30.6069  17.522  38.6789  
17.0628  4.33112  51.1006  
35.8261  33.7046  51.9095  
53.8294  14.1854  47.6919  
44.2441  13.6962  9.37395  
30.3648  56.9801  2.90642  
1.5291  34.2169  58.1506  
36.1216  28.2051  29.2144  
39.2174  44.129  12.7972  
44.9317  7.71229  38.7762  
39.5293  53.4116  14.0925  
0.317558  53.6331  17.8274  
8.16844  16.231  38.1001  
54.7993  37.6559  35.115  
47.9694  57.6465  55.8241  
46.1895  26.8763  3.9406  
32.4911  22.35  0.404925  
23.5469  48.1882  15.8832  
1.56818  31.5349  26.8589  
28.3137  34.7067  42.4622  
4.12825  40.6942  10.0551  
18.0454  50.2983  24.9089  
22.7612  41.5905  11.3124  
36.3797  32.8415  9.81462  
38.0797  3.44672  17.0508  
1.0458  25.5148  53.2373  
23.9912  39.4481  57.5558  
51.6486  45.7694  8.24779  
4.36459  7.34562  32.8027  
11.3678  3.33219  45.1915  
7.60267  36.912  54.1677  
57.5472  53.8176  44.726  
23.1225  41.4697  3.38079  
22.5564  41.7127  49.5256  
52.2534  5.63411  16.8538  
23.9658  14.8725  40.9814  
54.6371  8.6654  20.3436  
47.2095  46.0745  48.8024  
42.9472  51.3387  17.7973  
12.6697  17.7449  39.7909  
23.5249  13.3483  17.2077  
51.3989  13.3596  43.2286  
9.48387  39.4215  10.8127  
6.8708  48.3202  10.7845  
16.0302  3.14198  25.9716  
12.2961  29.9234  5.3698  
10.4445  56.7566  12.4382  
36.4003  44.5163  40.8402  
41.2291  24.2411  2.97189  
1.96653  37.5646  49.0884  
20.1379  21.4491  41.0952  
33.6463  25.7085  6.56139  
18.2938  40.9923  5.004  
38.4341  9.93824  22.6212  
19.3317  7.21506  58.5078  
48.1291  22.6188  55.7438  
27.4123  42.9626  56.0817  
35.1091  57.7141  10.376  
39.4808  23.7082  46.3674  
0.652795  27.692  2.0307  
21.0684  17.9071  4.21595  
58.8318  57.4515  48.2476  
23.8212  19.1352  54.7544  
47.6848  33.7025  43.4252  
33.6098  45.35  51.8052  
24.1729  52.6999  26.4926  
36.881  28.8661  13.1651  
34.457  56.0353  19.8144  
52.6948  16.5997  25.6055  
39.0653  31.2826  42.2536  
33.2605  2.67032  14.7817  
28.2346  8.87943  7.42015  
18.0195  27.1579  35.7687  
17.9247  32.865  21.3925  
56.85  18.7429  33.6762  
57.6054  30.7773  22.4377  
51.8338  55.5656  2.29087  
36.8074  29.5444  54.4853  
40.2529  37.3426  15.1356  
1.30701  20.6414  37.0591  
40.1001  35.0445  34.2457  
38.5418  18.6173  32.8659  
53.2266  33.1163  23.3212  
4.79311  26.0183  57.0031  
40.6533  28.8627  57.6276  
5.2623  25.9015  15.8448  
50.9122  49.8963  46.24  
33.4794  53.3174  49.145  
16.9265  22.2039  6.34438  
16.0396  39.3524  32.143  
58.5155  12.5682  53.3613  
21.8386  15.5996  12.5565  
51.5163  42.0804  41.2694  
35.397  52.0918  5.22645  
23.2818  1.70011  15.0109  
50.1189  1.59664  1.24755  
53.5323  33.9617  3.26559  
9.96186  52.5601  3.90889  
27.9327  3.88405  49.2939  
38.283  32.979  47.5551  
33.0675  25.6636  11.7507  
43.5867  11.5633  35.4839  
2.00122  28.8226  48.9972  
22.349  36.8076  26.9006  
29.6676  54.2677  46.0945  
20.7683  36.29  33.271  
54.3866  40.537  14.3117  
47.0036  16.6308  42.2208  
49.2083  57.5599  41.6838  
25.2654  32.712  4.11006  
3.08691  33.7184  11.7672  
31.0418  10.4622  16.5583  
55.9208  8.59792  58.6661  
55.1797  44.1765  48.8653  
47.5407  1.3558  8.40335  
6.08537  6.69004  6.59668  
2.40011  8.29678  54.3356  
48.4428  19.0468  25.3632  
9.10655  51.5554  30.1085  
24.6375  48.8575  30.4776  
42.8414  10.9743  49.8224  
22.3625  2.76679  27.205  
16.146  26.6231  14.2722  
48.7738  15.1347  33.2337  
28.754  12.3001  39.6668  
52.2723  40.9433  51.984  
18.0202  43.2389  9.62781  
15.0116  36.3888  5.08681  
33.8844  30.3096  44.0862  
23.3767  7.23101  49.0097  
10.4593  39.9551  45.3614  
19.4181  19.6795  21.7771  
35.3843  5.09438  10.3842  
48.6651  9.28435  32.9453  
58.742  3.92062  26.637  
43.6103  10.3975  22.7576  
31.441  4.65241  7.24872  
57.0103  35.7662  26.7057  
30.4115  11.5968  11.5061  
37.2046  7.23798  30.7077  
8.22186  31.4543  32.2353  
3.38027  37.7025  19.144  
17.132  50.4709  38.0144  
8.82995  43.2522  22.9139  
23.189  34.3985  22.0229  
41.7094  12.6277  58.119  
25.7714  38.2034  35.6455  
39.867  18.176  39.7802  
4.40659  33.8739  6.73913  
57.8001  30.7466  44.7684  
47.0293  38.781  16.3864  
0.882173  11.7627  24.8774  
53.6165  23.3688  36.0083  
50.416  6.05933  3.75509  
26.1115  39.3259  43.5883  
5.57844  50.9819  53.9341  
33.2541  44.2818  1.63199  
47.5952  54.9437  14.5148  
26.3335  20.7167  49.0675  
8.82754  23.6914  58.581  
16.0712  30.0365  43.9517  
11.8678  10.6201  11.525  
28.8094  22.2216  37.4769  
43.2656  43.5761  2.46037  
26.885  57.7058  35.6519  
44.5158  47.8102  9.43703  
19.6233  8.67393  14.9324  
4.86724  48.0306  46.3945  
26.4212  30.1914  34.2671  
23.7848  16.41  46.108  
45.2381  11.9551  27.4328  
25.5378  13.6754  54.2567  
34.8357  29.5552  22.2378  
42.9021  3.17495  51.0074  
33.563  40.3863  38.7334  
19.8041  0.213534  31.5549  
31.9429  32.9717  6.69278  
56.3717  37.3645  6.02842  
9.27581  23.0922  17.5489  
15.5728  6.08408  43.5621  
16.3501  41.4676  16.9516  
15.3853  43.0699  25.8107  
33.1484  0.281464  55.3603  
7.28099  42.5787  56.0891  
35.3828  13.6984  45.7734  
2.88608  49.9826  3.10027  
56.619  12.2592  17.3608  
44.8887  54.7661  47.0917  
13.4536  52.0385  10.2567  
44.3759  50.9902  33.4586  
4.416  40.7878  15.1749  
3.03225  45.7337  16.1417  
29.4997  18.3942  15.8146  
24.1262  0.437969  22.7506  
16.5033  16.6149  0.735056  
5.28571  33.3291  16.6004  
33.5267  35.6477  41.0989  
38.7924  40.1109  7.41348  
34.6499  58.6206  36.4131  
52.5947  14.3042  15.3872  
0.281547  57.8016  4.21391  
5.05179  49.0854  37.5227  
43.6519  26.5027  17.4146  
48.355  48.8219  55.2426  
24.8092  37.02  10.1892  
46.1191  18.0435  12.3848  
6.8191  9.26229  40.8746  
9.18654  14.1251  27.1994  
56.9659  52.3502  25.0127  
9.48409  39.7739  34.5828  
51.0808  41.3934  29.4773  
42.7886  20.7123  6.76221  
18.6384  36.8568  0.481605  
45.0217  26.926  8.84254  
51.033  23.4813  5.24405  
23.6737  24.5084  51.5341  
31.8164  36.1105  31.6527  
46.7844  37.946  21.545  
27.9532  35.5604  14.3  
49.3556  33.5981  30.4906  
39.2  33.8129  18.8654  
14.9714  36.9668  52.0882  
26.2853  5.27441  29.5005  
9.84143  52.0449  24.9499  
45.5801  29.9379  23.5584  
8.08084  52.3108  46.0813  
44.6586  25.7217  40.3055  
41.9307  38.2435  39.1435  
28.2224  50.148  22.6126  
53.5497  5.7451  43.0831  
43.6834  56.7232  24.8427  
11.8054  5.84902  25.6814  
58.5327  48.9843  45.7877  
36.5822  38.9571  54.4089  
9.86173  6.31857  38.313  
54.3361  1.75644  53.1395  
2.64534  12.2644  34.0425  
30.9636  13.3566  54.2542  
43.6846  33.1035  40.0315  
38.9452  44.0147  44.9706  
32.3395  47.3688  15.9648  
15.7828  31.9024  52.0171  
47.8573  13.5417  57.7076  
49.3546  45.8676  15.8646  
45.5237  4.58324  31.5229  
0.650681  24.7231  13.4476  
37.4611  16.0624  17.476  
42.5902  2.70931  26.0811  
33.7457  20.0989  31.3658  
37.0637  13.3778  25.7785  
12.5065  1.35217  53.5604  
49.5311  47.5034  3.58972  
45.6897  20.8688  47.9237  
17.9847  21.6502  1.25504  
2.25101  35.0594  44.4755  
37.8361  4.44967  36.1454  
29.2904  14.7365  19.4267  
27.364  57.1777  49.5113  
50.5654  20.3604  9.46966  
22.0283  26.8806  20.9944  
33.529  54.4342  41.5305  
9.62611  1.65629  18.1559  
52.0358  51.0401  58.0765  
38.2543  19.4495  51.771  
43.1472  35.5021  48.5675  
56.8789  44.7956  16.1754  
45.0167  29.6801  36.2497  
11.7959  12.0376  17.5687  
21.3521  40.9516  16.4979  
7.68433  17.4452  14.188  
55.218  16.81  1.69766  
8.5949  6.88309  48.1082  
13.3966  36.803  40.7073  
41.0981  7.91014  9.78575  
33.2139  31.792  1.85839  
55.1901  7.55534  52.8115  
23.5125  26.9091  46.9625  
48.5566  11.3959  5.86334  
38.3649  3.02129  48.8483  
46.255  49.705  14.1915  
48.9121  30.0707  55.6276  
39.8935  49.7166  3.76511  
53.9472  49.9777  10.3086  
5.2316  22.0931  46.7926  
51.395  4.61132  24.3652  
44.1566  23.8558  29.6633  
27.9153  36.0868  56.7943  
57.3481  53.1109  39.5015  
31.9072  49.5233  2.2823  
40.3116  54.3459  49.4709  
14.9839  7.65796  38.5261  
14.9196  51.0114  47.2917  
21.1953  15.9662  58.1941  
42.0814  16.8985  20.0607  
31.3112  24.3321  33.3998  
34.882  11.0471  57.9633  
20.3691  56.9861  19.6592  
29.8139  34.3491  52.1058  
16.5135  31.5191  1.68608  
5.05487  51.1105  23.0005  
52.1181  46.9258  36.8137  
1.2285  3.50627  8.26155  
4.27555  1.24256  22.5579  
44.5941  34.7124  14.37  
11.6509  35.2149  33.3393  
19.1203  54.3061  28.2797  
31.1979  10.7804  27.375  
23.8155  46.7924  3.88431  
29.9001  27.9293  23.1183  
58.6652  58.0346  14.9158  
46.537  20.2477  3.67724  
40.3387  11.2779  45.4413  
3.84373  15.3828  45.4402  
34.0466  44.995  25.2591  
47.2013  5.08032  16.0674  
0.933851  41.75  42.3769  
21.1849  55.9765  41.408  
41.2399  13.2077  4.85595  
46.363  5.70575  23.9153  
24.605  56.1743  3.52748  
40.6557  38.9194  44.8896  
3.23077  5.51354  40.8689  
22.5074  51.3397  34.4018  
33.1177  7.91293  33.6546  
28.5149  47.2573  5.75503  
31.2847  56.4518  15.6818  
51.9302  35.9062  57.7869  
16.1945  21.3599  48.347  
28.7073  25.1578  5.30266  
13.3799  53.5876  32.9727  
0.127206  28.6939  33.037  
7.6517  38.0503  22.4935  
25.8957  54.4482  21.179  
51.6021  41.1205  22.0158  
44.1472  57.8054  42.518  
36.0803  11.1429  18.0909  
30.3069  52.8279  28.6994  
1.73182  57.6767  27.0711  
33.5334  34.5155  23.4946  
29.3669  41.8115  36.2326  
51.0697  36.5486  49.3901  
2.50053  50.588  14.0383  
55.7672  24.215  26.6412  
25.0774  52.4201  40.8459  
1.92697  49.6297  27.061  
43.7307  31.2718  18.8001  
4.74773  12.5972  21.8161  
58.2764  18.2395  45.2205  
2.00166  22.2361  9.20688  
29.1833  43.4174  25.6752  
56.7965  7.98195  39.729  
42.6141  39.0472  0.49754  
58.3672  17.1785  9.24493  
2.99222  1.65577  44.8982  
47.6052  44.1007  20.673  
0.963048  23.6261  4.53908  
51.879  53.2196  39.483  
36.0571  43.8942  56.2322  
16.218  23.0304  37.947  
35.7021  10.1691  11.3396  
47.6614  37.8806  2.76725  
27.9028  47.3422  18.3362  
45.8288  49.6367  45.3976  
13.1579  6.93372  31.0398  
49.1287  2.64869  28.7042  
43.7637  57.5494  19.6583  
29.0183  46.2665  38.9345  
51.5651  53.2517  7.31612  
54.6  16.3627  39.724  
2.39438  22.3831  22.0113  
21.7759  18.2073  37.4802  
36.7445  37.6449  11.501  
40.4313  53.9201  42.3502  
20.0061  53.6752  48.6972  
55.7067  19.8226  54.3464  
14.6669  56.5239  8.39737  
32.808  49.9297  24.9307  
36.8862  45.4508  17.4361  
11.2989  51.3167  18.0454  
22.1915  7.81594  43.7159  
8.57044  14.7205  10.0789  
21.4213  44.498  31.551  
19.4753  45.2158  47.0195  
34.9436  7.44627  26.0521  
17.7254  48.4696  8.97211  
48.9444  48.2146  23.2061  
17.7244  51.9324  43.0155  
23.1061  13.9115  31.4422  
18.2813  25.3621  51.2992  
9.4206  28.9848  27.6211  
27.1805  2.96543  38.6586  
42.883  57.5432  7.39985  
43.9859  43.5858  35.6614  
5.90647  27.8467  45.8796  
11.9487  40.5867  29.063  
28.3407  0.523852  31.0489  
3.0399  45.7979  8.59227  
53.728  56.173  26.5788  
45.7932  14.9441  48.0717  
25.4896  48.0972  58.2407  
28.9631  39.5056  29.448  
14.1024  54.5245  37.8089  
39.9919  48.3843  20.4558  
17.5804  46.8778  28.7978  
22.445  39.9337  39.2193  
13.9157  49.9523  57.8846  
31.4004  43.0232  8.02421  
50.329  38.6828  44.8815  
4.42615  36.138  35.7091  
36.8382  14.6548  8.52861  
3.19981  41.0845  30.1582  
29.5028  48.6796  31.8604  
56.6054  6.35045  47.3509  
8.59248  6.78016  11.2377  
29.1081  26.5853  14.8548  
51.2513  19.1109  47.8248  
33.2641  26.0879  47.8493  
56.7541  48.0055  39.9189  
48.7443  4.35934  42.6531  
38.8172  28.2082  49.6012  
25.0845  9.48982  32.6549  
8.70481  25.7224  38.7087  
39.8316  8.22563  15.4463  
44.2256  50.3949  26.5179  
21.2723  50.2968  52.0911  
39.1464  2.44264  30.1546  
28.2392  39.6203  21.9716  
55.0094  47.8594  28.0773  
41.8887  21.0969  12.1803  
13.9061  23.19  57.0127  
55.3541  44.734  21.2379  
15.3316  15.1895  5.48653  
18.8213  15.7732  34.2806  
15.9743  6.18599  5.82775  
33.3489  10.7187  41.7399  
51.2661  42.1106  34.6938  
6.46999  8.17844  23.8498  
48.2057  39.8748  7.89831  
3.14411  46.3782  41.5028  
5.46426  34.5301  40.4188  
14.9055  19.0473  35.3702  
30.9102  43.1587  13.1578  
29.991  29.6195  50.3162  
28.7978  35.9156  25.5857  
42.0945  48.815  42.0051  
14.3956  21.4515  21.6158  
14.2049  54.3553  15.0428  
45.1083  9.67205  15.2517  
22.0917  43.7381  22.6147  
28.0819  49.6017  10.3493  
25.4007  53.6173  11.9463  
22.2755  4.53189  39.1821  
36.1617  7.27693  51.5381  
29.7246  31.3802  16.9732  
6.8834  1.50857  6.74446  
5.46915  56.2154  43.5863  
35.5598  51.6589  54.0525  
40.2542  0.120727  55.0118  
10.3099  48.9181  36.9896  
56.4154  11.1951  33.4835  
32.588  0.89066  47.3631  
2.29138  33.0904  51.7214  
37.9628  26.2037  24.7214  
15.9004  10.9633  8.12754  
21.872  56.6806  35.8434  
50.4258  12.3833  27.1049  
20.6841  44.3905  36.8829  
16.7265  48.4861  14.8725  
46.0683  16.6789  29.2191  
49.194  22.67  29.0164  
15.0391  0.66749  37.3008  
35.6395  42.0226  21.2676  
27.5319  17.2185  7.11943  
26.362  17.7339  31.0551  
45.7829  5.20968  11.0957  
12.1524  23.1218  41.5226  
38.4588  1.58579  7.96172  
28.0449  22.5072  18.3394  
48.8238  25.9188  15.9265  
57.5017  50.2862  31.8081  
35.9562  8.82162  3.72872  
27.7254  32.8678  29.8421  
16.2192  28.218  55.5171  
53.3922  37.7314  18.4117  
17.078  41.1421  44.2821  
19.7104  12.3256  50.2148  
18.9094  29.5925  17.4529  
15.3224  45.2794  37.5642  
36.954  50.2032  35.266  
42.2942  39.8002  54.2449  
43.2954  44.003  41.0815  
7.53108  22.5594  23.0154  
50.0499  44.0365  55.2826  
53.9923  46.1702  43.9762  
55.9566  13.3873  6.80151  
46.8403  17.863  37.1499  
10.5122  20.4046  51.7705  
4.37594  45.1284  3.79974  
56.0269  57.8733  58.4317  
48.1273  42.9741  1.33427  
30.5982  6.79329  58.1823  
52.8534  41.169  6.11371  
56.2489  36.5104  11.2646  
12.109  2.84396  8.03226  
16.1129  58.5093  22.069  
50.2115  37.2707  25.2292  
54.5727  18.0521  12.1169  
27.561  25.4887  41.2443  
55.2095  37.5152  41.6318  
6.17953  57.9836  36.9133  
43.5521  42.5378  7.56145  
42.376  20.77  36.0099  
55.2659  58.7708  10.0663  
18.622  9.87287  22.7284  
43.2536  53.8888  3.63582  
3.52698  3.48504  36.2736  
37.1833  50.7085  46.8087  
52.8307  27.3868  46.3713  
19.1635  26.2413  25.5595  
24.8968  46.5753  25.7689  
25.2818  28.2033  11.8648  
5.84118  26.1062  8.31735  
11.2713  14.5646  51.6167  
1.88933  10.9866  14.4287  
15.4103  22.2657  26.6256  
11.7929  22.0596  7.50983  
40.2212  32.0991  6.30734  
17.4743  46.6876  51.7428  
6.04693  0.873732  28.5627  
3.88733  28.6967  19.9654  
19.203  18.5734  45.1417  
12.3035  9.20323  51.085  
6.93238  8.89845  15.6287  
14.6596  2.28148  32.3122  
1.58544  39.2945  56.5387  
56.3921  31.7256  54.1376  
48.1041  9.18842  43.1693  
53.6469  14.9594  34.9113  
39.2896  36.4342  3.61078  
41.1449  5.94603  4.63496  
3.17282  0.454946  0.14243  
31.6633  4.00144  36.7358  
49.0888  34.3332  6.88601  
8.63587  44.2131  47.1329  
50.4012  33.9296  19.2817  
13.0614  32.693  24.7683  
55.8871  2.04529  18.2857  
18.6542  1.78898  41.1195  
9.10025  9.03554  2.71654  
11.7401  44.6651  33.8199  
5.51309  27.1697  24.8205  
14.2225  40.9601  12.203  
22.6827  57.2076  56.4976  
24.6672  21.5806  5.98387  
52.6278  23.6028  18.8405  
