-2.346790000000000020e+01 -2.260849999999999937e+01 2.797030000000000172e+01
2.346979999999999933e+01 -2.288530000000000086e+01 1.697329999999999828e+01
-2.211990000000000123e+01 -1.278210000000000068e+00 -7.833450000000000024e+00
9.366219999999999546e-01 -1.337139999999999951e+01 2.394099999999999895e+01
8.663990000000000080e+00 -2.271300000000000097e+00 -4.147590000000000110e+00
-1.833520000000000039e+01 -6.484440000000000204e+00 -4.430500000000000327e+00
-1.886080000000000112e+01 1.778089999999999904e+01 2.468599999999999994e+01
-1.445170000000000066e+01 -2.052329999999999899e+01 -2.451330000000000098e+01
-3.327949999999999964e+00 6.200099999999999945e+00 1.271310000000000073e+01
-2.044449999999999878e+00 2.546869999999999834e+01 2.154009999999999891e+01
-2.633470000000000155e+01 -4.443460000000000187e-01 2.414290000000000092e+01
2.304400000000000048e+01 -2.604269999999999996e+01 -9.309960000000000235e+00
7.660370000000000346e+00 1.180569999999999986e+01 -1.365869999999999962e+01
1.750629999999999953e+01 9.844820000000000348e+00 -2.660900000000000176e+01
2.069819999999999993e+01 -2.601989999999999981e+01 -2.936260000000000048e+01
5.866640000000000299e+00 -4.180369999999999919e+00 1.406840000000000046e+01
-9.461140000000000327e+00 -1.739379999999999882e+01 1.296940000000000026e+01
-1.100150000000000006e+01 9.547700000000000742e+00 1.095889999999999986e+01
1.202510000000000012e+01 2.497250000000000014e+01 -2.922409999999999997e+01
9.359610000000000152e-02 -9.255459999999999354e+00 9.503109999999999502e+00
-1.606449999999999934e+00 -1.891240000000000165e+01 -1.251829999999999998e+01
4.671459999999999724e+00 1.179149999999999920e+01 2.871440000000000126e+01
1.054710000000000036e+01 -1.954339999999999833e+01 5.548610000000000042e+00
-1.276490000000000080e+01 -6.403170000000000250e+00 2.220629999999999882e+01
-1.927680000000000149e+01 1.472819999999999929e+01 -2.273639999999999972e+01
3.796870000000000189e+00 -5.041960000000000441e+00 -1.951859999999999928e+01
2.226020000000000110e+01 1.376179999999999914e+01 2.562209999999999965e+01
1.110200000000000031e+01 -5.135139999999999816e+00 -8.830460000000000420e+00
2.515569999999999862e+00 -2.068390000000000128e+01 5.494259999999999700e+00
-1.950290000000000035e+01 1.801190000000000069e+01 -1.161389999999999922e+01
-2.363810000000000144e+01 -3.021209999999999951e+00 1.436669999999999892e+00
2.257920000000000016e+01 1.677839999999999998e+00 9.862690000000000623e+00
-2.261560000000000059e+01 -1.059020000000000072e+00 2.777029999999999887e+01
1.038250000000000028e+01 1.725760000000000005e+01 5.952910000000000146e+00
9.790480000000000516e+00 -2.351849999999999952e+01 1.470330000000000048e+01
2.421369999999999933e+01 -1.087149999999999928e+01 -2.072009999999999863e+01
1.699170000000000158e+01 1.333600000000000030e+01 1.592120000000000068e+01
1.617409999999999926e+01 1.988200000000000145e+01 -5.138080000000000425e+00
1.973489999999999966e+01 2.218230000000000146e+01 1.451539999999999964e+01
-2.644000000000000128e+01 1.486860000000000070e+01 2.407890000000000086e+01
-7.128140000000000143e+00 -2.341489999999999938e+01 -2.092000000000000171e+01
-2.908810000000000073e+01 1.108280000000000065e+01 -1.248310000000000031e+01
8.950789999999999580e+00 -1.139499999999999957e+01 1.553899999999999970e+01
-1.293900000000000006e+01 1.367489999999999917e+01 1.868819999999999837e+01
-2.731170000000000098e+00 8.040200000000000458e+00 2.529680000000000106e+01
5.812710000000000043e+00 1.769760000000000133e+01 2.420629999999999882e+01
2.923999999999999844e+01 2.348580000000000112e+01 -1.311330000000000062e+01
-5.555869999999999642e+00 9.414630000000000720e+00 -2.890840000000000032e+01
1.251060000000000016e+01 1.122969999999999935e+01 2.506099999999999994e+01
-2.888090000000000046e+00 -1.596320000000000050e+01 -2.929250000000000043e+01
2.280290000000000106e+01 -2.617060000000000031e+01 -2.662900000000000045e+00
2.210610000000000142e+01 -2.698039999999999949e+01 1.397869999999999990e+01
1.243689999999999934e-01 -1.817139999999999844e+01 2.612069999999999936e+01
9.428660000000000707e+00 -6.911550000000000082e+00 -1.119520000000000071e+00
1.034950000000000081e+01 1.430860000000000021e+00 -1.939480000000000004e+01
-2.254159999999999897e+01 -1.579749999999999943e+01 -2.569610000000000127e+01
2.113860000000000028e+01 4.511800000000000033e+00 5.832699999999999996e+00
2.407610000000000028e+01 -1.873959999999999937e+01 -2.817109999999999914e+01
-1.320149999999999935e+01 -1.235539999999999949e+01 -2.694470000000000098e+01
1.352810000000000024e+01 2.569660000000000011e+01 -1.316479999999999961e+01
8.755760000000000431e+00 -1.347519999999999918e+01 -7.090770000000000017e+00
1.096669999999999945e+01 2.937879999999999825e+01 -2.302629999999999910e+01
1.298429999999999929e+01 -1.217820000000000036e+01 -1.313530000000000086e+01
2.057339999999999947e+01 -2.483020000000000138e+01 9.694610000000000838e+00
-4.903769999999999740e+00 2.004250000000000043e+01 2.933719999999999928e+01
-2.077590000000000003e+01 -2.734829999999999828e+01 -2.157689999999999841e+01
1.215629999999999988e+01 -1.201329999999999920e+01 2.922980000000000089e+01
-1.118609999999999971e+01 -1.424639999999999951e+01 -1.564680000000000071e+01
8.724330000000000140e+00 2.129500000000000171e+00 2.447560000000000002e+01
-6.738730000000000331e+00 -3.750789999999999846e+00 -3.485489999999999977e+00
-1.017560000000000020e+00 -2.943029999999999902e+01 1.153780000000000072e+01
3.272959999999999869e+00 1.086810000000000009e+01 5.045390000000000263e+00
3.036290000000000155e+00 2.890400000000000080e+00 1.330310000000000059e+01
-2.926719999999999899e+01 1.143410000000000082e+01 -2.483640000000000114e+01
-8.788479999999999848e+00 -2.441489999999999938e+01 -5.342909999999999826e+00
1.635310000000000041e+00 2.942599999999999838e+01 6.702989999999999782e+00
1.502399999999999913e+01 -9.475829999999999531e-01 -1.287729999999999997e+01
2.555270000000000152e+01 1.157360000000000078e+01 2.245550000000000068e+01
-4.230940000000000367e+00 4.120320000000000427e+00 6.680080000000000240e+00
-1.194940000000000069e+01 -7.582980000000000054e+00 6.189610000000000056e+00
-2.385269999999999868e+01 2.110330000000000084e+01 4.608039999999999914e+00
-2.797500000000000142e+01 -3.732759999999999967e-01 7.992140000000000022e+00
2.143240000000000123e+01 1.874919999999999831e+01 2.651829999999999998e+01
-2.281309999999999860e+01 -1.460859999999999914e+01 6.094820000000000348e+00
6.999290000000000234e+00 2.906719999999999970e+01 1.252410000000000068e+01
1.434670000000000023e+01 -3.798830000000000151e+00 -4.207080000000000375e+00
-2.786659999999999826e+01 2.912259999999999849e+01 2.803610000000000113e+01
1.979200000000000070e+00 -1.190140000000000065e+01 -2.483599999999999852e+01
-1.992419999999999902e+01 -1.133009999999999984e+01 8.997550000000000381e+00
-1.343820000000000014e+01 -2.285579999999999856e+01 -5.585849999999999760e+00
-2.614480000000000004e+01 -2.077400000000000091e+01 1.962460000000000093e+01
5.405660000000000132e+00 2.852959999999999940e+00 -8.724579999999999558e+00
-1.497519999999999918e+01 -3.323570000000000135e+00 -1.442430000000000101e+00
8.808419999999999916e+00 -2.407199999999999918e+01 -1.384190000000000076e+01
-1.788149999999999906e+01 2.497289999999999921e+01 -4.062829999999999941e+00
2.313159999999999883e+01 -1.364740000000000120e-01 -1.300639999999999930e+01
2.125750000000000028e+01 8.704480000000000217e+00 -2.265080000000000027e+01
1.278330000000000055e+01 -9.920569999999999666e+00 -6.243280000000000385e+00
-2.317089999999999961e+01 2.434900000000000020e+01 -2.063479999999999848e+01
1.086710000000000065e+00 -5.066489999999999938e+00 -6.259599999999999831e+00
9.106560000000000210e-01 2.750949999999999918e+01 -1.769440000000000168e+01
-2.665909999999999869e+01 -2.068619999999999948e+01 1.428839999999999932e+01
1.885229999999999961e+01 -2.889499999999999957e+01 -1.066230000000000011e+01
-2.891260000000000119e+01 -1.681830000000000069e+01 -1.253449999999999953e+01
-5.668849999999999945e+00 1.468089999999999939e+01 -4.417519999999999669e+00
5.870339999999999669e+00 -1.924269999999999925e+01 -1.593810000000000038e+01
-8.226179999999999382e+00 -2.804690000000000083e+01 1.511560000000000059e+01
1.215559999999999974e+00 -4.159779999999999589e+00 -2.770499999999999829e+01
-1.926930000000000121e+01 2.572060000000000102e+01 -1.765820000000000078e+01
-9.591329999999999245e+00 2.521499999999999986e+01 -9.210559999999999192e+00
1.140109999999999957e+01 -1.363380000000000081e+01 -1.811680000000000135e+01
6.732599999999999696e+00 -2.169359999999999999e+01 -2.844219999999999970e+01
-1.752309999999999945e+01 2.619699999999999918e+01 1.264680000000000071e+01
-5.668370000000000353e+00 1.051679999999999976e-01 2.219480000000000075e+01
7.451480000000000103e+00 -1.510110000000000063e+01 2.832999999999999829e+01
7.397949999999999804e-01 -1.965950000000000131e+01 -2.109169999999999945e+01
9.288069999999999382e+00 -2.459900000000000020e+01 4.816329999999999778e+00
2.204410000000000025e+01 2.621379999999999821e+00 8.881940000000000390e-01
-1.328359999999999985e+01 -2.153409999999999869e+01 2.941250000000000142e+01
-2.539220000000000019e-02 -1.649660000000000082e+01 -2.506990000000000052e+01
-1.377480000000000082e+01 -2.669290000000000163e+01 9.243230000000000501e+00
-9.101520000000000721e+00 -1.110890000000000022e+01 2.846890000000000143e+01
-2.251480000000000103e+01 1.041029999999999944e+01 -2.118990000000000151e+01
1.787569999999999837e+01 2.255820000000000047e-01 1.115760000000000041e+01
-7.057269999999999932e+00 1.098680000000000057e+01 -7.266020000000000145e+00
-4.966669999999999696e+00 2.844869999999999877e+01 3.155339999999999812e+00
-3.374509999999999899e+00 -1.094749999999999979e+01 3.403160000000000185e+00
-1.709309999999999974e+01 1.928140000000000143e+01 2.910320000000000107e+01
1.655679999999999907e+01 8.872400000000000730e+00 -1.068619999999999948e+01
-1.012310000000000088e+01 1.739199999999999946e+01 1.696649999999999991e+01
-2.346140000000000114e+01 -8.521530000000000271e+00 -2.889659999999999940e+01
2.598189999999999955e+01 -2.765210000000000168e+00 1.634260000000000090e+01
-1.881830000000000069e+01 7.906589999999999563e+00 -1.703150000000000119e+01
-1.627870000000000061e+01 8.808849999999999625e+00 -2.811880000000000024e+01
1.648620000000000019e+01 -1.466200000000000081e+01 1.549930000000000030e+00
-4.808399999999999785e+00 -6.003540000000000099e+00 1.808480000000000132e+01
2.759680000000000177e+01 -1.719149999999999956e+00 2.632979999999999876e+01
-1.655630000000000024e+01 3.032540000000000013e+00 -2.139049999999999940e+01
-1.364129999999999932e+01 -6.934580000000000410e+00 -1.979739999999999966e+01
9.549500000000000099e+00 2.537730000000000175e+01 4.565389999999999837e+00
1.965170000000000172e+01 1.468110000000000070e+01 2.018639999999999901e+01
1.639239999999999853e+01 -1.614729999999999999e+00 3.624200000000000088e+00
-1.522809999999999953e+01 2.188710000000000022e+01 2.035249999999999915e+01
-2.717239999999999966e+01 4.659550000000000303e+00 2.320390000000000086e+01
1.056179999999999986e+01 -3.054629999999999956e+00 -1.694089999999999918e+01
-7.220180000000000042e+00 1.217200000000000060e+01 1.774790000000000090e+00
-1.191060000000000052e+01 -1.685940000000000083e+01 2.639819999999999922e+01
2.812679999999999936e+01 -2.456589999999999829e+00 -4.155409999999999826e+00
-8.800840000000000884e+00 3.236950000000000216e+00 -2.398460000000000036e+01
-2.873039999999999949e+01 -1.207740000000000080e+01 -1.503769999999999918e+01
2.043509999999999849e+01 -7.894149999999999778e+00 1.292719999999999914e+01
4.584290000000000198e+00 -2.516939999999999955e+01 2.284880000000000067e+01
2.240520000000000067e+01 8.358969999999999345e+00 1.928719999999999857e+01
1.456589999999999918e+01 2.867749999999999844e+01 -2.673639999999999972e+01
-3.913690000000000224e-01 1.278529999999999944e+01 -1.728549999999999898e+01
1.351980000000000004e+01 2.627550000000000097e+01 1.952100000000000080e+01
1.623280000000000101e+01 1.500040000000000084e+01 -1.604169999999999874e+01
-1.014530000000000065e+01 -6.193730000000000402e+00 -2.792119999999999891e+01
2.250280000000000058e+01 2.614219999999999899e+01 -1.679759999999999920e+01
-1.961700000000000088e+01 4.033809999999999896e+00 -1.030499999999999972e+00
-1.405119999999999969e+01 7.916710000000000136e-01 2.797810000000000130e+00
9.687299999999999800e-01 5.368249999999999744e+00 1.719660000000000011e+01
1.636189999999999856e+01 -2.127840000000000131e+01 2.024990000000000023e+01
-1.584319999999999951e+01 -1.331119999999999948e+01 2.632890000000000086e+01
-1.589179999999999993e+01 -2.562030000000000030e+01 2.673870000000000147e+01
-1.580780000000000030e+01 2.040520000000000067e+01 -5.999810000000000088e+00
1.250329999999999941e+01 1.476389999999999958e+01 -1.847580000000000000e+00
-2.918209999999999837e+01 2.036809999999999832e+01 -5.226379999999999804e+00
-2.740719999999999956e+01 -1.495620000000000083e+01 -2.700240000000000151e+01
1.118120000000000047e+01 -2.096000000000000085e+01 1.897340000000000160e+01
-2.624299999999999855e+01 1.451179999999999914e+01 1.394460000000000033e+00
4.317960000000000242e+00 5.767179999999999751e+00 2.795279999999999987e+01
9.356419999999999959e+00 8.927740000000000009e+00 -2.518919999999999959e+01
1.151629999999999932e+01 -1.140770000000000062e+00 -2.847469999999999857e+01
2.027779999999999916e+01 -1.990269999999999939e+01 -5.244410000000000238e+00
2.610429999999999851e+01 -1.557099999999999929e+00 8.284169999999999590e+00
-2.726589999999999847e+01 -8.819520000000000692e+00 -2.250529999999999831e+01
-2.474249999999999972e+01 2.333500000000000085e+01 -6.678180000000000227e+00
-1.665990000000000038e+01 2.570039999999999836e+01 -2.465729999999999933e+01
-2.013319999999999865e+01 -2.615879999999999939e+01 -2.923039999999999949e+01
2.252679999999999794e+00 -3.597459999999999880e+00 2.228490000000000038e+01
1.764130000000000109e+01 -6.936550000000000438e+00 1.791299999999999892e+00
-1.896369999999999933e+01 2.113210000000000033e+00 -1.541690000000000005e+01
-1.428819999999999979e+01 1.717109999999999914e+01 -5.032149999999999679e-01
-4.465649999999999897e-01 -4.099120000000000097e+00 8.161960000000000548e+00
1.306370000000000031e+00 1.804380000000000095e+01 -3.977079999999999949e+00
-1.688390000000000057e+01 1.593640000000000079e+01 -1.524269999999999925e+01
-2.692399999999999949e+01 3.186980000000000146e+00 2.340609999999999857e+00
-5.046649999999999636e+00 2.811959999999999837e+01 8.900259999999999394e+00
1.890350000000000108e+01 -1.087149999999999928e+01 3.631359999999999921e+00
-2.573000000000000043e+01 1.993629999999999924e+01 -1.379410000000000025e+01
1.025890000000000057e+01 1.486229999999999940e+01 2.095629999999999882e+01
-1.349619999999999997e+01 7.913100000000000023e+00 2.754109999999999836e+00
-2.331420000000000048e+00 2.137879999999999825e+01 1.599460000000000015e+01
2.572419999999999973e+01 -2.119160000000000110e+01 5.299619999999999997e+00
-2.618909999999999982e+01 1.671010000000000062e+01 5.917010000000000325e+00
-2.783319999999999794e+00 2.694000000000000128e+01 -2.471950000000000092e+00
-9.069679999999999964e+00 -3.253379999999999939e+00 1.949360000000000070e+01
2.906190000000000140e+01 -7.542939999999999756e+00 -1.751719999999999944e+00
-2.238660000000000139e+01 -1.499560000000000004e+00 -1.404320000000000057e+01
1.287850000000000072e+01 -1.256029999999999980e+01 1.245919999999999916e+01
-1.760320000000000107e+01 7.078940000000000232e+00 -4.927740000000000009e+00
-1.488550000000000040e+01 3.630879999999999885e+00 1.975540000000000163e+01
9.920609999999999928e+00 4.970530000000000115e+00 -2.209550000000000125e+00
2.112890000000000157e+01 -6.770100000000000229e+00 2.119249999999999901e+01
2.931400000000000006e+01 1.107429999999999914e+01 2.365019999999999900e+00
-9.295650000000000190e+00 -2.704569999999999919e+00 -9.582229999999999137e+00
1.384120000000000061e+01 8.090630000000000877e+00 2.057250000000000156e+01
-8.101660000000000750e+00 7.779130000000000322e+00 -2.097109999999999985e+01
6.204039999999999555e-01 -5.005880000000000329e+00 -2.779860000000000109e-01
-2.206850000000000023e+01 -6.702009999999999579e+00 2.255890000000000128e+01
2.314839999999999876e+01 2.813530000000000086e+01 2.892320000000000135e+01
1.542309999999999981e+01 2.549700000000000077e+00 -1.483200000000000074e-01
2.399279999999999902e+01 1.376859999999999928e+01 4.722789999999999822e+00
-2.680030000000000001e+01 2.762800000000000011e+01 -1.885989999999999966e+01
-2.030219999999999914e+01 -1.901119999999999877e+01 2.536870000000000047e+01
1.157789999999999964e+01 2.463220000000000098e+01 1.256910000000000061e+01
3.544849999999999945e-01 -1.169400000000000084e+01 -3.514629999999999921e+00
-1.569519999999999982e+01 2.558780000000000143e+01 2.448069999999999879e+01
2.152469999999999928e+01 -6.882279999999999731e+00 -1.808119999999999949e+00
-1.086679999999999957e+01 -1.983970000000000056e+01 -2.077619999999999933e+01
1.383319999999999972e+01 -1.461899999999999977e+01 2.087819999999999965e+01
-2.545149999999999935e+01 2.656180000000000163e+01 -2.373479999999999812e+00
1.454369999999999941e+01 9.706039999999999779e+00 -2.858239999999999892e+00
1.861339999999999861e+01 2.673780000000000001e+01 8.520139999999999603e+00
2.797609999999999886e+01 2.555480000000000196e+00 -1.478780000000000072e+01
8.865940000000000154e+00 1.438760000000000083e+01 1.594209999999999905e+00
1.070860000000000056e+01 -2.650309999999999988e+01 -7.421299999999999564e-01
-2.749190000000000111e+01 -2.017940000000000111e+01 6.460280000000000467e-01
-2.631840000000000046e+01 1.950240000000000151e+01 2.626310000000000144e+01
-2.861179999999999879e+01 5.374209999999999710e+00 1.827469999999999928e+01
-8.612640000000000740e+00 2.601839999999999975e+01 1.821619999999999906e-01
1.935020000000000095e+01 1.147700000000000031e+01 -3.303650000000000198e+00
1.254729999999999990e+01 -1.924210000000000065e+01 -3.308899999999999952e+00
-2.615120000000000222e-01 1.222100000000000009e+01 -1.185999999999999943e+01
-2.241450000000000031e+01 2.141250000000000142e+01 2.341560000000000130e+01
1.915709999999999980e+01 -3.119619999999999838e+00 1.470819999999999972e+01
-1.530719999999999992e+01 -4.857689999999999841e+00 1.107850000000000001e+01
1.652880000000000038e+01 -2.825799999999999912e+01 2.771580000000000155e+01
-2.738660000000000139e+01 2.936909999999999954e+01 -2.382570000000000121e+01
-6.314230000000000231e+00 -3.994120000000000115e+00 -1.359469999999999956e+01
-8.402290000000000703e+00 -7.568089999999999762e+00 -7.598849999999999660e+00
-1.911789999999999878e+01 -4.785960000000000214e+00 2.682229999999999848e+01
1.678030000000000044e+01 -1.923610000000000042e+01 -2.125459999999999994e+01
2.557400000000000162e+01 -2.522159999999999869e+01 -2.080999999999999872e+01
8.324149999999999494e+00 -1.632260000000000133e+01 2.357509999999999994e+00
-3.866810000000000080e+00 2.200580000000000069e+01 2.387729999999999908e+00
-2.820570000000000022e+01 -2.079029999999999845e+01 5.903389999999999915e+00
1.033290000000000042e+01 -2.226450000000000173e+01 2.662890000000000157e+01
-2.384209999999999852e+01 1.239439999999999920e+01 -8.180160000000000764e+00
-9.405730000000000146e+00 1.490369999999999973e+00 -6.988220000000000098e+00
-1.445660000000000001e-01 3.242970000000000130e+00 -7.964380000000000237e+00
1.816049999999999898e+01 1.801569999999999894e+01 9.155730000000000146e+00
2.100690000000000168e+01 5.997650000000000148e+00 -4.791109999999999758e+00
5.623429999999999929e+00 5.564720000000000333e+00 1.932870000000000132e+01
2.463499999999999801e+00 2.065020000000000167e+01 -8.038740000000000663e+00
-2.613200000000000145e+01 5.495219999999999771e+00 -1.298700000000000010e+01
-8.233769999999999811e+00 -1.922060000000000102e+00 1.060289999999999999e+01
2.018629999999999924e+01 -2.825870000000000104e+01 5.573979999999999713e+00
3.659800000000000164e+00 1.631540000000000035e+01 -6.532019999999999493e-02
2.936570000000000036e+01 2.277899999999999991e+01 2.336029999999999873e+01
5.417939999999999756e+00 -6.583409999999999762e+00 7.213599999999999568e+00
-2.461210000000000164e+01 -9.425169999999999604e+00 -1.637150000000000105e+01
-1.423649999999999949e+01 2.611520000000000152e+01 -1.318329999999999913e+01
-1.231300000000000061e+00 1.624239999999999906e+00 -2.105320000000000036e+01
2.474980000000000047e+01 1.100259999999999927e+01 -1.456449999999999967e-01
-1.557949999999999946e+01 -1.069120000000000026e+01 -4.006160000000000387e+00
-5.697049999999999947e+00 -2.634280000000000044e+01 -1.237550000000000061e+01
8.727949999999999875e+00 -1.622419999999999973e+01 1.784550000000000125e+01
4.974879999999999747e+00 -1.260730000000000040e+01 2.093530000000000157e+01
1.237719999999999931e+00 -1.732329999999999970e+01 1.992150000000000087e+00
-2.596059999999999945e+01 -2.204400000000000137e+00 -2.723470000000000013e+01
1.899249999999999972e+01 -1.900760000000000005e+01 2.463109999999999999e+01
1.130749999999999922e+01 1.388240000000000052e+01 -2.418710000000000093e+01
8.765620000000000189e+00 -1.366130000000000067e+00 1.853730000000000100e+00
-2.164600000000000080e+01 2.881960000000000122e+01 3.447740000000000027e+00
-1.711970000000000169e+01 -2.254159999999999897e+01 2.275009999999999977e+01
-6.082200000000000273e+00 -6.854169999999999874e+00 -2.471369999999999933e+01
4.622410000000000352e+00 1.500769999999999982e+01 1.760369999999999990e+01
-2.821519999999999939e+01 1.640419999999999945e+01 -2.546659999999999968e+01
8.308550000000000324e+00 2.154080000000000084e+01 -2.734809999999999874e+01
-1.332429999999999914e+01 -2.698110000000000142e+01 3.150339999999999918e+00
-3.958769999999999900e+00 -1.863289999999999935e+01 -2.531740000000000101e+00
1.157070000000000043e+01 1.757870000000000132e+01 -2.820270000000000010e+01
-1.932999999999999829e+01 1.984469999999999956e+01 1.967379999999999962e-01
-1.922739999999999938e+01 4.578940000000000232e+00 2.228539999999999921e+01
-2.297279999999999944e+01 -2.207539999999999836e+01 -1.348499999999999943e+01
-2.532740000000000080e+01 2.090060000000000073e+01 1.385219999999999985e+01
-9.825270000000000392e-01 1.298220000000000063e+01 1.084770000000000012e+00
1.538749999999999929e+01 1.278180000000000049e+01 -2.137770000000000081e+01
2.466140000000000043e+01 2.132539999999999836e+01 -2.453490000000000038e+01
-5.778699999999999726e+00 2.397919999999999874e+01 -5.195850000000000080e+00
-1.992150000000000176e+01 -1.638710000000000111e+00 1.734600000000000009e+01
-2.132120000000000104e+01 1.785010000000000119e+01 1.274189999999999934e+01
1.009149999999999991e+01 2.522269999999999968e+01 -9.345330000000000581e+00
-1.588560000000000016e+01 -2.524820000000000064e+01 -1.171689999999999898e+00
7.913870000000000182e+00 -3.637309999999999821e+00 1.907130000000000081e+01
-1.215099999999999980e+01 2.645280000000000076e+00 -1.144810000000000016e+01
1.372780000000000022e+01 -9.387320000000000775e+00 2.222889999999999944e+01
2.179749999999999943e+01 -9.811730000000000729e+00 -1.472250000000000014e+01
-1.393779999999999930e+01 -2.691290000000000071e-01 -2.470159999999999911e+01
1.341789999999999949e+01 -2.292030000000000101e+01 -1.188879999999999981e+01
-1.493710000000000093e+00 1.591319999999999979e+01 2.356709999999999994e+01
-2.521570000000000089e+00 -2.731319999999999837e+01 1.605379999999999896e+01
1.563790000000000013e+00 2.569650000000000034e+01 2.856099999999999994e+01
3.289620000000000211e+00 -2.600349999999999895e+01 -2.720799999999999841e+01
2.552560000000000073e+01 -1.607469999999999999e+01 1.894350000000000023e+01
2.772530000000000072e+01 -2.904710000000000036e+01 7.512809999999999988e+00
2.266179999999999950e+01 2.320980000000000132e+01 -1.062449999999999894e+00
2.500369999999999848e+01 1.255869999999999997e+01 -9.546150000000000801e+00
1.193490000000000073e+01 -1.860849999999999893e+00 2.506009999999999849e+01
2.293619999999999948e+01 2.633310000000000173e+01 -2.495459999999999923e+01
5.693150000000000155e+00 1.364150000000000063e+01 -5.192210000000000214e+00
3.371640000000000192e+00 1.379449999999999932e+01 1.006109999999999971e+01
2.111169999999999902e+01 2.827100000000000080e+01 2.387249999999999928e-01
1.786589999999999989e+01 -7.651349999999999874e+00 -2.668339999999999890e+01
2.726450000000000173e+01 1.587620000000000076e+01 1.199109999999999943e+01
-2.117520000000000024e+01 -1.966570000000000107e+01 -2.269129999999999825e+01
-2.321259999999999835e+01 -2.276109999999999900e+01 -3.296609999999999818e-01
-8.868890000000000384e+00 -2.765970000000000084e+01 -2.372690000000000055e+01
8.207649999999999224e+00 2.159569999999999990e+00 1.324050000000000082e+01
-2.049060000000000059e+01 -1.273460000000000036e+01 -9.299250000000000682e+00
1.111389999999999922e+01 -2.847040000000000148e+01 1.562759999999999927e+01
1.813629999999999853e+01 -2.358790000000000120e+01 -1.547530000000000072e+01
-1.065909999999999913e+00 -2.354700000000000060e+01 1.973179999999999978e+01
1.795240000000000080e+01 3.774210000000000065e+00 1.508120000000000083e+01
-1.265859999999999985e+00 2.497009999999999952e+00 -2.710290000000000177e+01
-2.110480000000000089e+01 -4.403030000000000221e+00 -2.125550000000000139e+01
1.404509999999999970e+01 7.164629999999999832e+00 1.274440000000000017e+00
-1.611659999999999826e+01 -1.698549999999999827e+01 1.630509999999999948e+01
1.237349999999999994e+01 1.433820000000000050e+01 -1.277769999999999939e+01
6.685039999999999871e+00 2.115210000000000079e+01 -2.234080000000000155e+01
2.013700000000000045e+01 1.160340000000000060e+01 -1.828620000000000090e+01
2.543720000000000070e+01 5.752080000000000304e+00 -1.236550000000000038e+00
3.071110000000000007e+00 2.128119999999999834e+01 -2.813309999999999889e+01
1.085929999999999929e+01 -2.675690000000000168e+01 -1.854139999999999944e+01
2.757779999999999987e+01 -1.515259999999999962e+01 -8.141880000000000450e+00
-1.889739999999999975e+00 -2.653389999999999915e+00 -2.351239999999999952e+01
1.618819999999999837e+01 1.808520000000000039e+01 1.408600000000000030e+01
-3.299619999999999997e+00 5.718539999999999957e+00 -2.361659999999999826e+01
2.618110000000000070e+01 -1.355410000000000004e+01 1.255610000000000070e+01
-2.244399999999999906e+01 -7.267079999999999984e+00 1.061500000000000021e+01
2.948490000000000055e+00 7.168050000000000033e+00 -1.044699999999999918e+01
-1.017559999999999931e+01 2.071559999999999846e+01 2.043049999999999855e+01
-1.871580000000000155e+01 -1.240879999999999939e+01 -2.798970000000000069e-01
-9.713820000000000121e+00 2.465020000000000167e+01 1.095209999999999972e+01
1.716959999999999908e+01 1.784410000000000096e+01 -2.929919999999999902e+01
-5.151309999999999611e+00 2.810470000000000113e+01 -2.578810000000000002e+01
5.097199999999999953e+00 -2.827250000000000085e+01 -3.789590000000000014e+00
5.578289999999999971e+00 -1.831899999999999906e+01 -8.410859999999999559e+00
2.777520000000000167e+01 2.545489999999999853e+01 -2.932779999999999987e+01
1.471540000000000070e+01 -2.848580000000000112e+01 9.662490000000000023e+00
2.593840000000000146e+01 -2.881619999999999848e+01 2.071780000000000044e+01
-1.639939999999999998e+01 -1.503120000000000012e+01 2.130150000000000077e+01
-2.405420000000000158e+01 2.003920000000000101e+01 -1.839890000000000114e+01
2.212389999999999901e+01 -2.149739999999999895e+01 -1.257929999999999993e+01
5.714129999999999932e+00 2.934700000000000131e+01 -1.792719999999999914e+01
-9.551059999999999661e+00 1.845240000000000080e+01 -5.575759999999999827e+00
-2.169760000000000133e+01 2.731400000000000006e+01 -2.459049999999999869e+01
-3.289960000000000218e+00 1.246469999999999967e+00 -1.646709999999999852e+01
2.317399999999999949e+01 9.071180000000000021e+00 6.651200000000000223e+00
-9.169729999999999492e+00 -2.811329999999999885e+01 2.626510000000000034e+01
-2.428999999999999915e+01 1.816250000000000142e+01 -1.682690000000000019e+00
8.425900000000000389e+00 1.788909999999999911e+01 -1.106540000000000035e+01
-2.464679999999999893e+01 1.927090000000000103e+01 1.936710000000000065e+01
4.142459999999999809e+00 1.307259999999999955e+01 -2.016000000000000014e+01
2.024739999999999895e+01 -2.411670000000000158e+01 -2.059509999999999863e+01
-2.889930000000000021e+01 1.578009999999999913e+01 -1.444229999999999947e+01
3.404049999999999798e+00 -1.538259999999999961e+00 9.965859999999999275e+00
6.478130000000000166e+00 -3.297880000000000145e+00 -2.669579999999999842e+01
2.680140000000000100e+01 -2.722259999999999991e+01 -1.217559999999999931e+01
-6.099079999999999835e+00 1.125960000000000072e+01 1.024189999999999934e+01
-1.547749999999999915e+01 2.895870000000000033e+01 -6.842859999999999943e+00
1.909380000000000166e+01 -2.904040000000000177e+01 -1.904929999999999879e+01
1.683429999999999893e+01 -1.597560000000000002e+01 -3.438149999999999817e+00
2.816240000000000165e+01 -2.771069999999999922e+01 -6.416859999999999786e-01
-2.506330000000000169e+01 -2.511289999999999978e+01 -2.288380000000000081e+01
-9.719530000000000669e+00 -1.004129999999999967e+01 -1.813589999999999947e+01
1.980549999999999855e+01 -1.161069999999999958e+01 1.920639999999999858e+01
4.725069999999999659e+00 1.093529999999999980e+01 1.321110000000000062e-01
-2.145160000000000122e-01 4.168000000000000149e+00 -2.634250000000000203e+00
-1.983170000000000144e+01 1.327669999999999995e+01 -5.448970000000000091e+00
1.133680000000000021e+01 -1.096780000000000044e+01 7.441950000000000287e+00
2.790530000000000044e+01 2.739669999999999916e+01 -4.134909999999999641e+00
9.535420000000000229e+00 -2.917739999999999867e+01 2.142289999999999850e+01
1.934760000000000091e-01 1.837140000000000128e+01 1.933210000000000051e+01
2.786360000000000170e+01 7.702270000000000394e+00 2.513779999999999859e+01
1.180560000000000009e+01 -1.229209999999999958e+01 2.369489999999999874e+00
2.925780000000000047e+00 -1.331140000000000079e+01 -7.513499999999999623e+00
1.028759999999999897e+00 2.324889999999999901e+01 -1.518239999999999945e+01
2.543880000000000052e+01 3.984420000000000073e+00 1.922429999999999950e+01
1.240279999999999916e+01 1.884540000000000148e+01 1.777690000000000126e+01
2.601119999999999877e+01 -1.054340000000000011e+01 -8.155319999999999681e+00
-3.626440000000000108e+00 -9.276410000000000267e+00 -7.038160000000000416e+00
2.277370000000000161e+01 2.242689999999999984e+01 1.887590000000000146e+01
-2.075499999999999901e+01 -1.482259999999999955e+01 2.839829999999999899e+01
1.071749999999999936e+01 -2.924129999999999896e+01 -6.295160000000000089e+00
-2.383909999999999840e+01 -2.769810000000000016e+01 1.739959999999999951e+01
-1.061860000000000070e+01 -2.442190000000000083e+00 2.758470000000000155e+01
-3.739290000000000003e+00 2.307239999999999824e+01 -1.333810000000000073e+01
-9.657080000000000553e+00 2.248219999999999885e+01 -1.997879999999999967e+01
2.667460000000000164e+01 -8.742010000000000502e+00 -1.306620000000000026e+01
5.820739999999999803e+00 1.833970000000000100e+00 -3.773820000000000174e+00
-8.357170000000000432e-01 2.524370000000000047e+01 -2.199769999999999825e+01
-1.239569999999999972e+01 -2.841850000000000165e+01 -1.145170000000000066e+01
4.745560000000000223e+00 2.053419999999999845e+01 4.014569999999999972e+00
-1.172840000000000060e+01 9.737930000000000419e+00 -6.039390000000000036e+00
2.053219999999999956e+01 1.839709999999999823e+01 -7.912910000000000110e+00
5.588020000000000209e+00 -1.096299999999999919e+01 -2.826859999999999928e+01
1.933960000000000079e+01 -1.772060000000000024e-01 -9.664970000000000283e+00
-3.861779999999999990e+00 -1.605049999999999955e+01 1.709870000000000001e+00
2.063260000000000005e+01 1.110759999999999970e+01 1.064780000000000015e+01
-5.125379999999999825e+00 -9.991740000000000066e+00 1.510330000000000084e+01
-2.172609999999999886e+01 1.415939999999999976e+00 3.124740000000000073e+00
-2.662199999999999989e+01 -2.115439999999999898e+01 -9.703310000000000102e+00
-8.264749999999999375e+00 -1.628500000000000059e+00 -2.316489999999999938e+01
-2.832620000000000005e+01 -9.112709999999999866e+00 -6.337979999999999947e+00
-2.724919999999999831e+01 4.930830000000000268e+00 -5.796149999999999913e+00
-1.407039999999999935e+01 3.882499999999999840e+00 -1.304840000000000000e+00
-1.987770000000000081e+01 -1.322949999999999982e+01 -2.225459999999999994e+01
-2.442680000000000007e+01 5.821349999999999802e+00 -1.806129999999999924e+01
-8.923280000000000101e+00 -2.880480000000000018e+01 -1.734130000000000038e+01
-5.746089999999999698e+00 8.995400000000000618e-03 -2.774599999999999866e+01
-1.182879999999999932e+00 8.499700000000000699e+00 6.209209999999999674e+00
1.243389999999999995e+00 1.945840000000000103e+01 2.608230000000000004e+01
-8.737800000000000011e+00 1.099779999999999980e+01 2.211029999999999873e+01
-6.766200000000000436e+00 -2.580369999999999919e+01 1.078759999999999941e+01
-5.209319999999999951e+00 -9.296749999999999403e+00 2.207069999999999865e+01
2.252019999999999911e+01 2.408759999999999835e+01 1.026159999999999961e+01
-1.604309999999999903e+01 -1.450549999999999962e+01 -7.328730000000000189e+00
1.530400000000000027e+01 -2.331439999999999912e+01 1.037759999999999927e+01
2.210600000000000165e+01 -5.794240000000000279e+00 7.416629999999999612e+00
-6.649639999999999773e+00 1.980570000000000164e+01 -1.624239999999999995e+01
-1.974759999999999849e+01 1.779929999999999879e+01 4.608570000000000277e+00
-1.849449999999999861e+01 -2.059730000000000061e+00 -2.525450000000000017e+01
2.606840000000000046e+01 2.109909999999999997e+01 2.706269999999999953e+01
1.728369999999999962e+01 1.294280000000000008e+01 2.797690000000000055e+01
-2.687269999999999825e+01 -7.278789999999999871e+00 1.298150000000000048e+01
1.918280000000000030e+01 6.802240000000000286e+00 2.714760000000000062e+01
1.436739999999999995e+01 3.421320000000000139e+00 1.879400000000000048e+01
2.939539999999999864e+01 -4.708179999999999588e+00 -2.036240000000000094e+01
-6.858749999999999680e+00 2.696470000000000056e+01 2.853600000000000136e+01
-5.490090000000000359e+00 -2.201229999999999976e+01 -2.869089999999999918e+01
2.752890000000000015e+01 8.211370000000000502e+00 -1.624769999999999825e+01
2.766769999999999996e+01 2.398229999999999862e+01 2.217159999999999964e-02
-2.827359999999999829e+01 1.752359999999999829e+01 -2.020039999999999836e+01
1.706439999999999912e+01 4.334620000000000140e+00 -7.782720000000000304e+00
-2.305430000000000135e+01 -2.517439999999999856e+01 -6.965489999999999959e+00
-5.051000000000000156e+00 1.418379999999999974e+01 -1.118890000000000029e+01
-1.464109999999999978e+01 1.369870000000000054e+01 9.374069999999999681e+00
-2.851310000000000144e+01 -1.895440000000000014e+00 2.902789999999999981e+00
1.532049999999999912e+00 -2.465660000000000096e+01 -7.189769999999999772e-01
-2.275769999999999982e+01 2.820660000000000167e+01 2.921330000000000027e+01
-1.965780000000000172e+01 -1.474949999999999939e+01 1.279240000000000066e+01
-1.395509999999999984e+01 7.714999999999999858e+00 -2.010350000000000037e+01
-1.935429999999999851e+01 -5.460630000000000095e+00 1.409900000000000020e+01
3.122949999999999893e-01 -5.241439999999999877e+00 1.783539999999999992e+01
8.167559999999999931e+00 1.622889999999999944e+01 -2.077909999999999968e+01
-4.082469999999999821e+00 -2.122609999999999886e+01 -2.376510000000000034e+01
-1.090970000000000084e+01 -1.232569999999999943e+00 -3.052610000000000046e+00
-1.269519999999999982e+01 2.688739999999999952e+01 3.935909999999999798e+00
-2.638129999999999953e+01 2.234929999999999950e+01 4.025270000000000237e-01
2.354339999999999833e+01 -1.068570000000000064e+01 1.588589999999999947e+01
1.569280000000000008e+00 -2.734090000000000131e+01 2.685010000000000119e+01
2.831340000000000146e+01 -2.417289999999999850e+01 -1.641400000000000148e+01
4.130550000000000388e+00 -1.818080000000000140e+01 1.005739999999999945e+01
1.804420000000000002e+01 -8.582750000000000767e+00 2.490309999999999846e+01
2.276139999999999830e+01 -1.728640000000000043e+01 1.130959999999999965e+01
-2.250029999999999930e+01 -2.603320000000000078e+01 9.805859999999999133e+00
-2.080140000000000100e+01 3.443029999999999813e+00 1.705290000000000106e+01
1.049490000000000034e+00 2.551709999999999923e+01 -5.645649999999999835e+00
2.399210000000000065e+01 -1.942379999999999995e+01 -1.320370000000000044e+00
-7.224319999999999631e+00 -1.310490000000000066e+01 8.250769999999999271e+00
4.362400000000000055e+00 7.344960000000000377e+00 -2.606850000000000023e+01
1.137459999999999916e+01 3.327939999999999898e+00 -1.368379999999999974e+01
7.599890000000000256e+00 -2.196809999999999974e+01 -4.713840000000000252e+00
-1.335369999999999946e+00 -5.055959999999999788e+00 -1.415390000000000015e+01
2.312120000000000175e+01 -1.740690000000000026e+01 3.377429999999999932e+00
2.255849999999999866e+01 -1.716489999999999938e+01 -9.344829999999999970e+00
-6.623829999999999885e+00 5.634759999999999991e+00 1.686469999999999914e+01
2.397030000000000172e+01 1.487160000000000082e+01 -1.789379999999999882e+01
-4.241550000000000153e+00 8.676479999999999748e+00 2.034400000000000119e+01
-1.167309999999999981e+01 -1.280569999999999986e+01 -1.006949999999999967e+01
-1.592759999999999998e+01 -7.542510000000000048e+00 1.779799999999999827e+01
1.266760000000000019e+01 1.774149999999999849e+01 -1.908510000000000062e+01
2.353249999999999886e+01 1.335079999999999956e+01 1.721069999999999922e+01
-7.479300000000000281e+00 1.336200000000000010e+01 -1.564840000000000053e+01
9.482870000000000132e+00 -1.945700000000000074e+01 1.081150000000000055e+01
6.866380000000000372e+00 -1.055310000000000059e+01 1.078250000000000064e+01
1.603310000000000102e+01 3.141039999999999832e+00 2.597009999999999863e+01
1.229609999999999914e+01 -2.895189999999999841e+01 5.370619999999999727e+00
1.044740000000000002e+01 -2.122710000000000097e+00 1.243580000000000041e+01
-2.248450000000000060e+01 -1.436739999999999995e+01 -1.803239999999999910e+01
-1.764519999999999911e+01 2.423949999999999960e+01 2.966410000000000213e+00
1.965260000000000007e+00 -2.131269999999999953e+01 -9.792130000000000223e+00
2.013090000000000046e+01 2.143919999999999959e+01 -1.778529999999999944e+01
-2.522919999999999874e+01 2.570860000000000056e+01 6.553759999999999586e+00
1.829019999999999868e+01 -1.788749999999999929e+01 5.001229999999999620e+00
-2.044040000000000035e+01 9.935290000000000177e+00 2.261850000000000094e+01
1.932870000000000132e+01 7.217559999999999754e+00 -3.673850000000000171e-01
-1.074970000000000070e+01 2.261609999999999943e+01 -3.133570000000000189e+00
2.741349999999999909e+01 -1.591960000000000086e+01 -2.792870000000000186e+00
-2.376940000000000097e+01 -1.160619999999999985e+00 1.037010000000000076e+01
-1.939649999999999963e+01 2.371020000000000039e+01 -1.251309999999999967e+01
6.513780000000000125e-01 2.769269999999999854e+01 2.034139999999999837e+00
2.107010000000000005e+01 1.790690000000000026e+01 4.211030000000000051e+00
-4.366960000000000286e-02 -1.422060000000000102e+00 -1.063400000000000034e+01
2.381790000000000163e+01 1.913410000000000011e+01 -4.123160000000000380e+00
-1.119319999999999915e+01 -2.516819999999999879e+01 -1.544989999999999952e+01
-2.527349999999999852e+01 -1.352399999999999913e+01 -7.066779999999999617e+00
2.416979999999999862e+01 -6.180340000000000167e+00 2.649050000000000082e+01
-2.200009999999999977e+01 2.886860000000000070e+01 1.316890000000000072e+01
-2.442449999999999832e+01 -2.838719999999999910e+00 1.981530000000000058e+01
-6.178350000000000009e+00 1.660379999999999967e+01 2.560770000000000124e+01
-1.982010000000000005e+01 -2.759430000000000049e+01 -1.663009999999999877e+01
-2.561789999999999878e+01 2.669189999999999952e+00 1.477790000000000070e+01
2.823460000000000036e+01 8.875819999999999155e+00 7.421509999999999607e+00
1.802049999999999841e+01 2.715330000000000155e+01 -2.311110000000000042e+01
1.792480000000000118e+01 -2.600919999999999987e+01 2.138830000000000098e+01
-2.027350000000000207e+00 1.874589999999999890e+01 -2.520019999999999882e+01
-1.272459999999999924e+00 -2.810050000000000026e+01 2.244359999999999999e+01
-7.032460000000000377e+00 -3.311150000000000038e+00 2.290280000000000094e+00
-2.206980000000000075e+01 -2.933230000000000004e+01 -4.389439999999999564e+00
-1.862930000000000064e+01 -2.153490000000000038e+01 1.513310000000000066e+01
1.315309999999999979e+00 2.064099999999999824e+01 -2.181820000000000093e+01
-1.877270000000000039e+01 -2.383050000000000068e+01 -2.463240000000000052e+01
-2.033909999999999840e+01 1.861919999999999931e+01 -2.601549999999999940e+01
-5.648799999999999599e+00 -2.576310000000000144e+01 2.331190000000000140e+01
4.794369999999999798e+00 2.601719999999999899e+01 -1.878190000000000026e+00
-1.822820000000000107e+01 2.885519999999999996e+01 -1.255139999999999922e+00
5.261499999999999844e+00 2.589979999999999905e+01 1.585299999999999976e+01
-7.965160000000000018e+00 -8.982720000000000482e+00 -1.264109999999999978e+01
-2.539760000000000062e+01 -5.564799999999999969e+00 -9.731299999999999173e+00
1.693149999999999977e+01 2.220550000000000068e+01 6.339199999999999946e+00
1.604119999999999990e+01 -1.952479999999999905e+01 -2.673689999999999856e+01
-3.607400000000000051e-01 1.256119999999999948e+01 -5.516740000000000421e+00
2.184169999999999945e+01 1.559689999999999976e+01 1.255860000000000021e+01
-7.361629999999999896e+00 -1.679729999999999990e+01 -1.761100000000000065e+01
-2.348250000000000171e+01 -6.780859999999999665e+00 5.224000000000000199e+00
2.328069999999999951e+01 1.697380000000000111e+00 1.501030000000000086e+01
-8.761710000000000775e+00 1.596799999999999997e+00 1.246119999999999894e+00
-5.352059999999999818e+00 -2.491649999999999920e+01 3.267590000000000217e+00
9.962199999999999278e+00 -6.318150000000000155e+00 3.912580000000000169e+00
2.793250000000000099e+01 3.885600000000000165e+00 -9.582839999999999137e+00
-2.059890000000000043e+01 -2.590729999999999933e+01 -1.132600000000000051e+01
-2.580799999999999983e+01 2.566540000000000177e+01 1.175089999999999968e+01
-1.528909999999999947e+01 1.156370000000000076e+01 -2.339440000000000097e+01
2.001230000000000064e+00 2.881980000000000075e+01 -9.878170000000000783e+00
2.235419999999999874e+01 -2.207189999999999941e+01 2.690080000000000027e+01
-2.921620000000000061e+01 -4.612969999999999793e+00 -1.278030000000000044e+01
2.076439999999999841e+01 -2.258920000000000172e+01 -2.560229999999999961e+01
-4.493599999999999817e+00 -1.834240000000000137e+01 1.430840000000000067e+01
-1.187809999999999988e+01 1.663090000000000046e+01 -1.665500000000000114e+01
-9.667180000000000106e+00 -1.316710000000000047e+00 -1.719089999999999918e+01
2.527139999999999986e+01 -2.616519999999999868e+01 4.109469999999999956e+00
3.085109999999999797e+00 -2.515800000000000125e+01 1.176089999999999947e+01
-2.783129999999999882e+01 1.046560000000000024e+01 1.655730000000000146e+01
-2.956430000000000113e+00 8.599199999999999733e+00 -2.056419999999999915e-01
-3.696019999999999861e+00 -1.470149999999999935e+01 -1.001299999999999990e+01
-1.133300000000000018e+01 1.357580000000000009e+00 8.410239999999999938e+00
6.090729999999999755e+00 6.686130000000000351e+00 6.600050000000000416e+00
2.396269999999999900e+00 8.301669999999999661e+00 -4.541089999999999627e+00
-1.043469999999999942e+01 1.903890000000000171e+01 2.536469999999999914e+01
9.103180000000000049e+00 -7.315089999999999648e+00 -2.876829999999999998e+01
2.464689999999999870e+01 -1.001859999999999928e+01 -2.840330000000000155e+01
-1.603229999999999933e+01 1.097499999999999964e+01 -9.060100000000000264e+00
2.236499999999999844e+01 2.769050000000000011e+00 2.720329999999999870e+01
1.614669999999999916e+01 2.662440000000000140e+01 1.427120000000000033e+01
-1.010350000000000037e+01 1.512809999999999988e+01 -2.564099999999999824e+01
2.875359999999999872e+01 1.230369999999999919e+01 -1.921379999999999910e+01
-6.611799999999999677e+00 -1.793179999999999907e+01 -6.893869999999999720e+00
1.802090000000000103e+01 -1.563899999999999935e+01 9.628769999999999385e+00
1.500699999999999967e+01 -2.248920000000000030e+01 5.086479999999999890e+00
-2.499439999999999884e+01 -2.856960000000000122e+01 -1.479509999999999970e+01
2.337969999999999970e+01 7.233139999999999681e+00 -9.865479999999999805e+00
1.045790000000000042e+01 -1.892190000000000083e+01 -1.351319999999999943e+01
1.941489999999999938e+01 1.968240000000000123e+01 2.177690000000000126e+01
-2.349500000000000099e+01 5.089520000000000266e+00 1.038129999999999953e+01
-1.020770000000000088e+01 9.284010000000000318e+00 -2.592709999999999937e+01
-1.295570000000000055e-01 3.920650000000000190e+00 2.663139999999999930e+01
-1.526609999999999978e+01 1.039959999999999951e+01 2.275609999999999999e+01
-2.743990000000000151e+01 4.649169999999999803e+00 7.247729999999999784e+00
-1.867110000000000047e+00 -2.310989999999999966e+01 2.670410000000000039e+01
-2.846709999999999852e+01 1.159750000000000014e+01 1.150489999999999924e+01
-2.166880000000000095e+01 7.237659999999999982e+00 -2.817439999999999856e+01
8.224030000000000840e+00 -2.742249999999999943e+01 -2.664020000000000010e+01
3.379690000000000083e+00 -2.118110000000000070e+01 1.914730000000000132e+01
1.713100000000000023e+01 -8.399580000000000268e+00 -2.086609999999999943e+01
8.833709999999999951e+00 -1.562240000000000073e+01 2.291649999999999920e+01
2.319079999999999941e+01 -2.447950000000000159e+01 2.202280000000000015e+01
-1.716969999999999885e+01 1.262679999999999936e+01 -7.606319999999999748e-01
2.577130000000000010e+01 -2.067490000000000094e+01 -2.322980000000000089e+01
-1.900169999999999959e+01 1.818209999999999837e+01 -1.909519999999999840e+01
4.416669999999999874e+00 -2.500450000000000017e+01 6.739580000000000126e+00
-1.072799999999999976e+00 -2.812989999999999924e+01 -1.410469999999999935e+01
-1.184319999999999951e+01 -2.009840000000000160e+01 1.639010000000000034e+01
8.759259999999999824e-01 1.176440000000000019e+01 2.487590000000000146e+01
-5.261389999999999567e+00 2.336909999999999954e+01 -2.286880000000000024e+01
-8.459740000000000038e+00 6.055950000000000166e+00 3.753950000000000120e+00
2.611139999999999972e+01 -1.955349999999999966e+01 -1.529279999999999973e+01
5.579030000000000378e+00 -7.895120000000000360e+00 -4.941399999999999793e+00
-2.562450000000000117e+01 -1.459050000000000047e+01 1.629459999999999908e+00
-1.128149999999999942e+01 -3.930829999999999824e+00 1.450949999999999918e+01
2.633180000000000121e+01 2.071809999999999974e+01 -9.805600000000000094e+00
8.824939999999999785e+00 2.369249999999999901e+01 -3.005900000000000238e-01
1.606439999999999912e+01 -2.883790000000000120e+01 -1.492300000000000004e+01
1.186919999999999931e+01 1.061400000000000077e+01 1.152849999999999930e+01
2.881550000000000011e+01 2.221689999999999898e+01 -2.139920000000000044e+01
-1.561219999999999963e+01 -1.529620000000000068e+01 2.464459999999999873e+00
2.688070000000000093e+01 -1.167880000000000029e+00 -2.322469999999999857e+01
-1.435870000000000068e+01 -1.106470000000000020e+01 9.442529999999999646e+00
1.962320000000000064e+01 8.669150000000000134e+00 1.493580000000000041e+01
4.863669999999999938e+00 -1.084999999999999964e+01 -1.248310000000000031e+01
2.642190000000000083e+01 -2.868270000000000053e+01 -2.461220000000000141e+01
2.378239999999999910e+01 1.641450000000000031e+01 -1.276670000000000016e+01
-1.363540000000000063e+01 1.195710000000000051e+01 2.743220000000000169e+01
2.553630000000000067e+01 1.367450000000000010e+01 -4.627919999999999590e+00
-2.403689999999999927e+01 -2.932160000000000011e+01 2.223489999999999966e+01
-1.598090000000000011e+01 3.173179999999999890e+00 -7.874679999999999680e+00
-2.531400000000000006e+01 -1.848959999999999937e+01 -2.014870000000000161e+01
1.980450000000000088e+01 2.128190000000000082e-01 -2.732270000000000110e+01
-2.692810000000000059e+01 -2.590230000000000032e+01 6.694020000000000081e+00
-2.514810000000000212e+00 -2.151229999999999976e+01 6.022859999999999658e+00
9.273759999999999337e+00 2.309069999999999823e+01 1.754820000000000135e+01
1.556739999999999924e+01 6.089909999999999712e+00 -1.531799999999999962e+01
1.635559999999999903e+01 -1.741169999999999973e+01 1.695400000000000063e+01
1.538879999999999981e+01 -1.581140000000000079e+01 2.580819999999999936e+01
-2.573039999999999949e+01 2.763229999999999853e-01 -3.516099999999999781e+00
7.279429999999999623e+00 -1.629779999999999873e+01 -2.792390000000000150e+00
-2.349370000000000047e+01 1.370199999999999996e+01 -1.310740000000000016e+01
2.882309999999999928e+00 -8.896950000000000358e+00 3.099619999999999820e+00
-2.260110000000000063e+00 1.226060000000000016e+01 1.735790000000000077e+01
-1.399109999999999943e+01 -4.115370000000000417e+00 -1.178710000000000058e+01
1.345139999999999958e+01 -6.842410000000000103e+00 1.025900000000000034e+01
-1.450740000000000052e+01 -7.883099999999999774e+00 -2.542610000000000170e+01
4.413610000000000255e+00 -1.809299999999999997e+01 1.516840000000000011e+01
3.028830000000000133e+00 -1.314150000000000063e+01 1.614750000000000085e+01
-2.937519999999999953e+01 1.839029999999999987e+01 1.581750000000000078e+01
2.412679999999999936e+01 4.362550000000000039e-01 2.274970000000000070e+01
1.650000000000000000e+01 1.661370000000000147e+01 7.314749999999999863e-01
5.290460000000000385e+00 -2.555229999999999890e+01 1.660229999999999961e+01
-2.534369999999999834e+01 -2.323699999999999832e+01 -1.778079999999999927e+01
-2.008739999999999881e+01 -1.876930000000000121e+01 7.412499999999999645e+00
-2.422530000000000072e+01 -2.555560000000000054e-01 -2.246920000000000073e+01
-6.287670000000000314e+00 1.430219999999999914e+01 1.538979999999999926e+01
2.815320000000000045e-01 -1.078389999999999960e+00 4.213580000000000325e+00
5.051750000000000185e+00 -9.793770000000000309e+00 -2.135519999999999996e+01
-1.522680000000000078e+01 2.650369999999999848e+01 1.741789999999999949e+01
-1.051989999999999981e+01 -1.005279999999999951e+01 -3.627200000000000202e+00
2.481550000000000011e+01 -2.185660000000000025e+01 1.018839999999999968e+01
-1.275990000000000002e+01 1.804439999999999955e+01 1.238669999999999938e+01
6.818830000000000169e+00 9.260249999999999204e+00 -1.800090000000000146e+01
9.187649999999999650e+00 1.412710000000000043e+01 2.719440000000000168e+01
-1.908430000000000071e+00 -6.525900000000000034e+00 2.501300000000000168e+01
9.487999999999999545e+00 -1.910970000000000013e+01 -2.429939999999999856e+01
-7.789399999999999658e+00 -1.748359999999999914e+01 -2.939809999999999945e+01
-1.608990000000000009e+01 2.071440000000000126e+01 6.763279999999999959e+00
1.864480000000000004e+01 -2.202270000000000039e+01 4.853640000000000176e-01
-1.385650000000000048e+01 2.692449999999999832e+01 8.843909999999999272e+00
-7.843230000000000146e+00 2.348339999999999961e+01 5.240179999999999616e+00
2.367980000000000018e+01 2.450570000000000093e+01 -7.344940000000000246e+00
-2.706159999999999854e+01 -2.276139999999999830e+01 -2.722540000000000049e+01
-1.209149999999999991e+01 -2.093130000000000024e+01 2.154919999999999902e+01
2.794359999999999999e+01 -2.331589999999999918e+01 1.429969999999999963e+01
-9.523110000000000852e+00 -2.527870000000000061e+01 -2.839029999999999987e+01
-1.967719999999999914e+01 -2.506749999999999901e+01 1.886230000000000118e+01
1.497530000000000072e+01 -2.191430000000000078e+01 -6.786839999999999762e+00
2.628750000000000142e+01 5.274399999999999977e+00 -2.936589999999999989e+01
9.840970000000000439e+00 -6.834249999999999936e+00 2.494859999999999900e+01
-1.330109999999999992e+01 -2.893530000000000157e+01 2.356099999999999994e+01
8.082050000000000622e+00 -6.569589999999999819e+00 -1.279930000000000057e+01
-1.422020000000000017e+01 2.571890000000000143e+01 -1.857189999999999941e+01
-1.694750000000000156e+01 -2.063309999999999889e+01 -1.973329999999999984e+01
2.822169999999999845e+01 -8.723660000000000636e+00 2.261250000000000071e+01
-5.326019999999999754e+00 5.743249999999999744e+00 -1.579720000000000013e+01
-1.519950000000000045e+01 -2.152930000000000010e+00 2.484120000000000061e+01
1.180729999999999968e+01 5.855500000000000149e+00 2.568049999999999855e+01
-3.501110000000000055e-01 -9.888040000000000163e+00 -1.309110000000000085e+01
-2.229009999999999891e+01 -1.992020000000000124e+01 -4.464680000000000426e+00
9.858539999999999637e+00 6.318030000000000257e+00 -2.056149999999999878e+01
-4.539299999999999891e+00 1.757819999999999938e+00 -5.734359999999999680e+00
2.650700000000000056e+00 1.226490000000000080e+01 -2.483370000000000033e+01
-2.791290000000000049e+01 1.336400000000000077e+01 -4.620250000000000412e+00
-1.518740000000000023e+01 -2.577380000000000138e+01 -1.884789999999999921e+01
-1.993120000000000047e+01 -1.486679999999999957e+01 -1.391080000000000005e+01
-2.653719999999999857e+01 -1.151019999999999932e+01 1.596439999999999948e+01
1.578170000000000073e+01 -2.697419999999999973e+01 -6.859930000000000305e+00
-1.101919999999999966e+01 1.354030000000000022e+01 -1.173040000000000083e+00
-9.519450000000000855e+00 -1.300960000000000072e+01 1.586219999999999963e+01
-1.335699999999999932e+01 4.587310000000000443e+00 -2.735780000000000101e+01
6.506210000000000049e-01 2.472050000000000125e+01 1.345260000000000034e+01
-2.141920000000000002e+01 1.606139999999999901e+01 1.747869999999999990e+01
-1.628890000000000171e+01 2.706749999999999989e+00 2.607959999999999923e+01
-2.513860000000000028e+01 2.009829999999999828e+01 -2.751030000000000086e+01
-2.181889999999999930e+01 1.338480000000000025e+01 2.578040000000000020e+01
1.250929999999999964e+01 1.354060000000000041e+00 -5.319619999999999571e+00
-9.343769999999999243e+00 -1.137609999999999921e+01 3.588589999999999947e+00
-1.318979999999999997e+01 2.086779999999999902e+01 -1.095960000000000001e+01
1.798470000000000013e+01 2.164949999999999974e+01 1.260659999999999892e+00
2.246360000000000134e+00 -2.382150000000000034e+01 -1.440099999999999980e+01
-2.103999999999999915e+01 4.447720000000000340e+00 -2.273170000000000002e+01
2.928659999999999997e+01 1.473610000000000042e+01 1.942549999999999955e+01
2.736370000000000147e+01 -1.697519999999999918e+00 -9.365610000000000213e+00
-8.314590000000000813e+00 2.035679999999999978e+01 9.472099999999999298e+00
2.203269999999999840e+01 2.687979999999999947e+01 2.099320000000000164e+01
-2.533980000000000032e+01 -4.439519999999999911e+00 -1.734979999999999833e+01
9.631180000000000518e+00 1.658169999999999922e+00 1.815540000000000020e+01
-6.847739999999999938e+00 -7.837060000000000137e+00 -8.135980000000000434e-01
-2.062359999999999971e+01 1.945589999999999975e+01 -7.104000000000000092e+00
-1.572840000000000060e+01 -2.337409999999999854e+01 -1.031049999999999933e+01
-1.997139999999999915e+00 -1.408309999999999995e+01 1.617579999999999885e+01
-1.386330000000000062e+01 -2.919839999999999947e+01 -2.263510000000000133e+01
1.179359999999999964e+01 1.203330000000000055e+01 1.756909999999999883e+01
2.135670000000000002e+01 -1.793159999999999954e+01 1.650219999999999843e+01
7.680970000000000297e+00 1.744750000000000156e+01 1.418479999999999919e+01
-3.654279999999999973e+00 1.680539999999999878e+01 1.700250000000000039e+00
8.596579999999999444e+00 6.878809999999999647e+00 -1.077630000000000088e+01
1.339150000000000063e+01 -2.207460000000000022e+01 -1.816769999999999996e+01
-1.778049999999999997e+01 7.911489999999999689e+00 9.788569999999999993e+00
-2.566300000000000026e+01 -2.708429999999999893e+01 1.857299999999999951e+00
-3.691159999999999997e+00 7.553259999999999863e+00 -6.064169999999999838e+00
2.351139999999999830e+01 2.690549999999999997e+01 -1.191169999999999973e+01
-1.032600000000000051e+01 1.138620000000000054e+01 5.859740000000000393e+00
-2.051330000000000098e+01 3.019039999999999946e+00 -1.003100000000000058e+01
-1.262599999999999945e+01 -9.170489999999999142e+00 1.418919999999999959e+01
-9.968130000000000379e+00 -2.881009999999999849e+01 -3.256990000000000052e+00
-1.899020000000000152e+01 -9.163259999999999295e+00 3.765960000000000196e+00
-4.936110000000000220e+00 -8.900460000000000704e+00 1.030840000000000067e+01
5.241220000000000212e+00 2.208520000000000039e+01 -1.208239999999999981e+01
-7.480879999999999974e+00 4.611559999999999881e+00 2.436680000000000135e+01
-1.472059999999999924e+01 2.385210000000000008e+01 -2.921959999999999980e+01
2.792429999999999879e+01 -2.277890000000000015e+01 -2.084579999999999878e+00
-1.536470000000000002e+00 -5.768290000000000362e+00 -1.937849999999999895e+01
-2.697820000000000107e+01 -9.356519999999999726e+00 2.289719999999999978e+00
-1.856729999999999947e+01 -4.529359999999999609e+00 -9.407849999999999824e+00
1.499109999999999943e+01 7.653150000000000119e+00 -2.035259999999999891e+01
1.492379999999999995e+01 -7.862910000000000288e+00 -1.158649999999999913e+01
2.119419999999999860e+01 1.596129999999999960e+01 -6.859800000000000342e-01
-1.679090000000000060e+01 1.689499999999999957e+01 2.005959999999999965e+01
-2.756950000000000145e+01 2.433470000000000155e+01 -2.548229999999999862e+01
-2.399340000000000117e+01 1.105359999999999943e+01 -9.181629999999999514e-01
2.037049999999999983e+01 -1.897029999999999994e+00 1.965940000000000154e+01
-2.906400000000000006e+01 -2.453190000000000026e+01 -6.771740000000000315e+00
1.651470000000000127e+01 -2.735500000000000043e+01 1.685710000000000042e+00
5.059219999999999828e+00 -7.771139999999999937e+00 2.300529999999999831e+01
-6.762669999999999959e+00 -1.195320000000000071e+01 -2.206259999999999977e+01
1.227780000000000094e+00 3.512379999999999836e+00 8.262900000000000134e+00
4.276709999999999567e+00 1.241230000000000055e+00 2.255730000000000146e+01
-1.428190000000000026e+01 -2.416469999999999985e+01 1.436700000000000088e+01
1.165380000000000038e+01 -2.366090000000000160e+01 -2.554390000000000072e+01
1.911370000000000147e+01 -4.572759999999999714e+00 2.827929999999999922e+01
-2.768230000000000146e+01 1.078430000000000000e+01 2.737620000000000076e+01
2.381449999999999889e+01 -1.208239999999999981e+01 3.878029999999999866e+00
-2.897409999999999997e+01 2.792839999999999989e+01 2.311870000000000047e+01
-2.014430000000000109e-01 -8.415000000000000258e-01 1.491520000000000046e+01
-1.234859999999999935e+01 2.024449999999999861e+01 3.677540000000000031e+00
-1.853790000000000049e+01 1.127590000000000003e+01 -1.343800000000000061e+01
3.843039999999999790e+00 1.539119999999999955e+01 -1.343699999999999939e+01
-2.483249999999999957e+01 -1.388109999999999999e+01 2.526510000000000034e+01
-1.167270000000000074e+01 5.083840000000000359e+00 1.606480000000000175e+01
9.374160000000000270e-01 -1.712379999999999924e+01 -1.650100000000000122e+01
2.118840000000000146e+01 -2.900869999999999838e+00 -1.747050000000000125e+01
-1.764160000000000039e+01 1.320439999999999969e+01 4.858430000000000248e+00
-1.251549999999999940e+01 5.704819999999999780e+00 2.391019999999999968e+01
2.460399999999999920e+01 -2.707840000000000025e+00 3.534650000000000070e+00
-1.822149999999999892e+01 -1.995850000000000080e+01 -1.399130000000000074e+01
3.231559999999999988e+00 5.513959999999999972e+00 -1.801279999999999859e+01
2.250619999999999976e+01 -7.540460000000000385e+00 -2.447619999999999862e+01
-2.575400000000000134e+01 7.911940000000000417e+00 -2.521930000000000049e+01
2.851849999999999952e+01 -1.162410000000000032e+01 5.755399999999999849e+00
-2.759499999999999886e+01 -2.428160000000000096e+00 1.568449999999999989e+01
-6.951369999999999827e+00 -2.297569999999999979e+01 -1.095900000000000096e+00
1.619239999999999924e+01 2.136210000000000164e+01 -1.053509999999999991e+01
2.870439999999999969e+01 2.515660000000000096e+01 5.298700000000000188e+00
1.337599999999999945e+01 -5.296809999999999796e+00 -2.590080000000000027e+01
1.279220000000000079e-01 2.869739999999999824e+01 -2.583500000000000085e+01
7.656049999999999578e+00 -2.082720000000000127e+01 2.249780000000000157e+01
2.589549999999999841e+01 -4.429389999999999716e+00 2.118309999999999960e+01
-7.272710000000000008e+00 -1.775939999999999941e+01 2.201739999999999853e+01
-1.473240000000000016e+01 -1.072850000000000081e+00 -1.635750000000000171e+01
-2.279619999999999891e+01 1.114939999999999998e+01 1.809110000000000085e+01
-2.857310000000000016e+01 -6.045449999999999768e+00 2.869549999999999912e+01
1.731449999999999934e+00 -1.202409999999999979e+00 2.707679999999999865e+01
-2.535470000000000113e+01 -2.435739999999999839e+01 2.349699999999999989e+01
2.936199999999999832e+01 -1.706220000000000070e+01 -2.264730000000000132e+01
-7.808950000000000280e+00 -2.232450000000000045e+01 -9.485060000000000713e+00
2.499480000000000146e+00 -8.291779999999999262e+00 1.403839999999999932e+01
-3.111279999999999824e+00 2.421600000000000108e+01 2.664199999999999946e+01
2.507469999999999999e+01 -6.454119999999999635e+00 -1.802469999999999928e+01
1.929459999999999953e+00 -9.246750000000000469e+00 2.705949999999999989e+01
-1.514530000000000065e+01 -2.760119999999999862e+01 1.879830000000000112e+01
4.747749999999999915e+00 1.259779999999999944e+01 2.181589999999999918e+01
-6.035580000000000389e-01 1.823740000000000094e+01 -1.366200000000000081e+01
2.000910000000000188e+00 2.223610000000000042e+01 9.205450000000000799e+00
2.918149999999999977e+01 -1.546080000000000076e+01 2.567470000000000141e+01
-2.079680000000000195e+00 7.980540000000000411e+00 -1.914420000000000144e+01
-1.626800000000000068e+01 -1.982939999999999969e+01 4.999739999999999740e-01
-5.128000000000000336e-01 1.718440000000000012e+01 9.247339999999999449e+00
2.993840000000000057e+00 1.649370000000000003e+00 -1.397830000000000084e+01
-1.127360000000000007e+01 -1.478009999999999913e+01 2.067449999999999832e+01
9.586710000000000509e-01 2.362369999999999948e+01 4.538800000000000168e+00
-7.009549999999999947e+00 -5.656229999999999869e+00 -1.939610000000000056e+01
-2.281800000000000139e+01 -1.498690000000000033e+01 -2.647209999999999841e+00
1.621999999999999886e+01 2.302499999999999858e+01 -2.093199999999999861e+01
-2.318130000000000024e+01 1.017070000000000007e+01 1.134019999999999939e+01
-1.121909999999999918e+01 -2.099859999999999971e+01 2.764619999999999855e+00
2.789750000000000085e+01 -1.153550000000000075e+01 1.833320000000000149e+01
-1.305109999999999992e+01 -9.238640000000000185e+00 -1.348540000000000028e+01
1.315840000000000032e+01 6.928609999999999935e+00 -2.783429999999999893e+01
-9.746679999999999566e+00 2.635209999999999830e+00 2.870560000000000045e+01
-1.511769999999999925e+01 -1.333390000000000075e+00 1.965980000000000061e+01
2.902130000000000010e+01 -1.261100000000000065e+01 -1.994310000000000116e+01
-7.302609999999999602e+00 -5.621629999999999683e+00 7.316539999999999822e+00
-4.270979999999999777e+00 1.636129999999999995e+01 -1.915569999999999951e+01
2.396999999999999797e+00 2.238260000000000005e+01 2.200649999999999906e+01
2.178020000000000067e+01 1.820779999999999887e+01 -2.139809999999999945e+01
-2.213550000000000040e+01 -2.123659999999999926e+01 1.150029999999999930e+01
-1.844729999999999848e+01 -4.953509999999999636e+00 -1.651940000000000097e+01
2.000730000000000075e+01 -5.200899999999999856e+00 -1.018239999999999945e+01
-3.173410000000000064e+00 1.981800000000000139e+01 -4.526290000000000369e+00
1.467159999999999975e+01 -2.359379999999999811e+00 8.397500000000000853e+00
-2.607700000000000173e+01 -8.938240000000000407e+00 2.492289999999999850e+01
-2.198649999999999949e+01 -1.343660000000000032e+01 1.743890000000000029e+01
1.130579999999999963e+01 -7.560389999999999944e+00 1.804700000000000060e+01
2.218649999999999878e+01 7.820210000000000328e+00 -1.516709999999999958e+01
8.571590000000000487e+00 1.471889999999999965e+01 1.006959999999999944e+01
2.142429999999999879e+01 -1.438490000000000002e+01 -2.732310000000000016e+01
1.948059999999999903e+01 -1.365770000000000017e+01 -1.185510000000000019e+01
-2.393440000000000012e+01 7.447619999999999685e+00 2.604899999999999949e+01
1.772240000000000038e+01 -1.041280000000000072e+01 8.970060000000000144e+00
-9.931469999999999132e+00 -1.066820000000000057e+01 2.320339999999999847e+01
1.772139999999999915e+01 -6.944239999999999746e+00 -1.586609999999999943e+01
2.310960000000000036e+01 1.390740000000000087e+01 -2.743420000000000059e+01
1.828099999999999881e+01 2.536739999999999995e+01 -7.580470000000000041e+00
9.421359999999999957e+00 2.898860000000000170e+01 2.761809999999999832e+01
2.717610000000000170e+01 2.966509999999999980e+00 -2.022019999999999840e+01
-1.598949999999999960e+01 -1.330310000000000104e+00 7.399359999999999715e+00
-1.488690000000000069e+01 -1.529289999999999949e+01 -2.321349999999999980e+01
5.909530000000000172e+00 2.784339999999999904e+01 -1.299220000000000041e+01
1.194989999999999952e+01 -1.829029999999999845e+01 2.906060000000000088e+01
2.834519999999999840e+01 5.250810000000000199e-01 -2.782900000000000063e+01
3.046910000000000007e+00 -1.307990000000000030e+01 8.591720000000000468e+00
-5.151220000000000354e+00 -2.700079999999999814e+00 2.657509999999999906e+01
-1.309089999999999954e+01 1.493939999999999912e+01 -1.080940000000000012e+01
2.548780000000000001e+01 -1.078279999999999994e+01 -6.412430000000000074e-01
2.895990000000000109e+01 -1.936830000000000140e+01 -2.942889999999999873e+01
1.410549999999999926e+01 -4.345469999999999722e+00 -2.106340000000000146e+01
-1.888019999999999854e+01 -1.048719999999999963e+01 2.045080000000000098e+01
1.758180000000000121e+01 -1.199869999999999948e+01 2.879660000000000153e+01
2.244739999999999824e+01 -1.894200000000000017e+01 -1.965609999999999857e+01
1.391220000000000034e+01 -8.924039999999999750e+00 -1.002289999999999903e+00
-2.747800000000000153e+01 -1.585950000000000060e+01 8.021739999999999426e+00
-8.545709999999999695e+00 -2.019770000000000110e+01 -1.399740000000000073e+01
4.424489999999999590e+00 -2.274170000000000158e+01 -2.317599999999999838e+01
-2.203719999999999857e+01 1.465080000000000027e+01 8.525750000000000384e+00
3.205839999999999801e+00 -1.779570000000000007e+01 -2.871399999999999864e+01
-2.938289999999999935e+01 -1.019100000000000072e+01 -2.701320000000000121e+01
-2.278750000000000053e+00 6.352610000000000312e+00 -1.152779999999999916e+01
8.588580000000000325e+00 6.788660000000000139e+00 1.123530000000000051e+01
2.910800000000000054e+01 2.659179999999999922e+01 1.486299999999999955e+01
-7.625770000000000159e+00 1.911029999999999873e+01 -1.105219999999999914e+01
-2.561880000000000024e+01 2.608569999999999922e+01 -1.103219999999999956e+01
-2.123219999999999885e+00 -1.086989999999999945e+01 -1.896049999999999969e+01
-1.013010000000000055e+01 4.357099999999999973e+00 -1.622210000000000107e+01
-2.005920000000000059e+01 2.820810000000000173e+01 -9.280310000000000059e+00
2.507870000000000132e+01 9.487389999999999546e+00 -2.622279999999999944e+01
8.707670000000000243e+00 2.572540000000000049e+01 -2.017119999999999891e+01
-1.904779999999999873e+01 8.232910000000000394e+00 1.544280000000000008e+01
-1.465930000000000000e+01 -8.481149999999999523e+00 2.651510000000000034e+01
2.127169999999999916e+01 -8.577890000000000015e+00 -6.786179999999999879e+00
-1.972860000000000014e+01 2.432380000000000209e+00 -2.872830000000000084e+01
2.824070000000000036e+01 -1.926360000000000028e+01 2.197569999999999979e+01
-3.865749999999999797e+00 -1.101980000000000004e+01 2.807590000000000074e+01
-1.698509999999999920e+01 2.109499999999999886e+01 1.217530000000000001e+01
1.390300000000000047e+01 2.319209999999999994e+01 -1.865019999999999900e+00
-3.528630000000000155e+00 -1.414879999999999960e+01 2.123150000000000048e+01
1.533019999999999960e+01 1.519469999999999921e+01 5.493640000000000079e+00
1.882560000000000144e+01 1.577609999999999957e+01 -2.460369999999999990e+01
1.597480000000000011e+01 6.185509999999999842e+00 5.830330000000000013e+00
-2.552430000000000021e+01 1.072300000000000075e+01 -1.713520000000000110e+01
-7.612549999999999706e+00 -1.676239999999999952e+01 -2.417409999999999926e+01
6.467410000000000103e+00 8.177599999999999980e+00 2.384680000000000177e+01
-1.067109999999999914e+01 -1.899990000000000023e+01 7.896560000000000024e+00
3.146329999999999849e+00 -1.249579999999999913e+01 -1.737800000000000011e+01
5.467649999999999899e+00 -2.434829999999999828e+01 -1.845840000000000103e+01
1.491530000000000022e+01 1.904570000000000007e+01 -2.351370000000000005e+01
-2.796699999999999875e+01 -1.572000000000000064e+01 1.315680000000000049e+01
-2.889229999999999876e+01 -2.926000000000000156e+01 -8.564379999999999882e+00
2.879319999999999879e+01 -2.296249999999999858e+01 2.558160000000000167e+01
-1.678229999999999933e+01 -1.006070000000000064e+01 -1.686799999999999855e+01
1.439419999999999966e+01 2.145210000000000150e+01 2.161949999999999861e+01
1.420909999999999940e+01 -4.526659999999999684e+00 1.504889999999999972e+01
-1.376849999999999952e+01 9.676130000000000564e+00 1.525000000000000000e+01
2.209319999999999951e+01 -1.514029999999999987e+01 2.262079999999999913e+01
2.808099999999999952e+01 -9.279469999999999885e+00 1.035130000000000017e+01
2.540500000000000114e+01 -5.258619999999999628e+00 1.194459999999999944e+01
2.227439999999999998e+01 4.527120000000000033e+00 -1.969610000000000127e+01
-2.271890000000000143e+01 7.275299999999999656e+00 -7.340779999999999639e+00
-2.914969999999999928e+01 -2.749470000000000169e+01 1.697210000000000107e+01
6.884439999999999671e+00 1.513190000000000035e+00 6.744720000000000049e+00
5.469999999999999751e+00 -2.659190000000000165e+00 -1.528969999999999985e+01
-2.331109999999999971e+01 -7.212349999999999817e+00 -4.822580000000000311e+00
-1.862340000000000018e+01 1.221280000000000004e-01 -3.860390000000000210e+00
1.031320000000000014e+01 -9.959929999999999950e+00 -2.188500000000000156e+01
-2.460370000000000168e+00 1.119510000000000005e+01 -2.539560000000000173e+01
-2.629420000000000002e+01 8.919599999999999751e-01 -1.151590000000000025e+01
2.285340000000000149e+00 -2.579159999999999897e+01 -7.153590000000000337e+00
-2.091829999999999856e+01 2.620270000000000010e+01 2.471999999999999886e+01
1.589930000000000021e+01 1.096599999999999930e+01 8.127459999999999241e+00
2.187280000000000157e+01 -2.196219999999999839e+00 -2.302959999999999852e+01
-8.449199999999999378e+00 1.238530000000000086e+01 2.710630000000000095e+01
2.068380000000000152e+01 -1.448830000000000062e+01 -2.198629999999999995e+01
1.672599999999999909e+01 -1.039860000000000007e+01 1.487100000000000044e+01
-1.280589999999999939e+01 1.668270000000000053e+01 2.922419999999999973e+01
-9.683640000000000470e+00 2.266629999999999967e+01 2.901660000000000039e+01
1.503700000000000081e+01 6.651049999999999462e-01 -2.157349999999999923e+01
-2.323849999999999838e+01 -1.686060000000000159e+01 2.127049999999999841e+01
2.753689999999999927e+01 1.721910000000000096e+01 7.118699999999999584e+00
2.636609999999999943e+01 1.773140000000000072e+01 -2.782349999999999923e+01
-1.309229999999999983e+01 5.205890000000000128e+00 1.109149999999999991e+01
1.215820000000000078e+01 2.312020000000000053e+01 -1.736080000000000112e+01
-2.041860000000000142e+01 1.580310000000000104e+00 7.957449999999999690e+00
2.805359999999999943e+01 2.250469999999999970e+01 1.833269999999999911e+01
-1.005310000000000059e+01 2.592170000000000130e+01 1.592309999999999981e+01
-1.374179999999999957e+00 -8.588419999999999277e+00 -2.706850000000000023e+01
-2.291740000000000066e+01 8.828400000000000247e+00 3.734780000000000211e+00
2.772340000000000160e+01 -2.600319999999999965e+01 -2.903509999999999991e+01
1.622169999999999845e+01 2.821750000000000114e+01 -3.361200000000000188e+00
-5.487879999999999647e+00 -2.115099999999999980e+01 1.840859999999999985e+01
1.707770000000000010e+01 -1.773560000000000159e+01 -1.459619999999999962e+01
1.970759999999999934e+01 1.232210000000000072e+01 -8.666199999999999903e+00
1.891219999999999857e+01 -2.928940000000000055e+01 1.745970000000000155e+01
1.532099999999999973e+01 -1.359740000000000038e+01 -2.131309999999999860e+01
-2.192429999999999879e+01 -8.676019999999999399e+00 -2.361009999999999920e+01
-1.658520000000000039e+01 -1.908119999999999905e+01 -4.636389999999999567e+00
-1.558409999999999940e+01 -1.487429999999999986e+01 -1.780130000000000123e+01
7.529659999999999798e+00 2.255900000000000105e+01 2.301340000000000074e+01
-8.829349999999999810e+00 -1.484040000000000070e+01 -3.595390000000000086e+00
-4.882130000000000081e+00 -1.270449999999999946e+01 -1.490930000000000000e+01
-2.923970000000000180e+00 1.338870000000000005e+01 6.808080000000000354e+00
-1.203790000000000049e+01 1.786159999999999926e+01 -2.172950000000000159e+01
1.051740000000000030e+01 2.040249999999999986e+01 -7.100369999999999848e+00
4.365429999999999922e+00 -1.374990000000000023e+01 3.799459999999999837e+00
-2.849479999999999791e+00 -9.993199999999999861e-01 -4.472720000000000029e-01
-1.075189999999999912e+01 -1.590649999999999942e+01 1.331870000000000109e+00
-2.828030000000000044e+01 6.791859999999999786e+00 -6.969610000000000527e-01
-6.025890000000000413e+00 -1.770919999999999916e+01 6.112070000000000114e+00
-2.628859999999999975e+00 -2.236739999999999995e+01 1.126570000000000071e+01
1.210319999999999929e+01 2.839080000000000048e+00 8.034129999999999328e+00
1.611090000000000089e+01 -3.662639999999999785e-01 2.207620000000000005e+01
-8.664680000000000604e+00 -2.160480000000000089e+01 2.522739999999999938e+01
-4.306610000000000049e+00 1.805260000000000176e+01 1.211630000000000074e+01
2.756429999999999936e+01 2.548819999999999908e+01 -1.763360000000000127e+01
-3.664890000000000203e+00 -2.136690000000000111e+01 -1.724579999999999913e+01
6.181799999999999962e+00 -8.876450000000000173e-01 -2.195830000000000126e+01
-1.532610000000000028e+01 -1.634250000000000114e+01 7.562739999999999796e+00
-1.650189999999999912e+01 2.076559999999999917e+01 -2.287190000000000012e+01
-3.607270000000000199e+00 -1.047730000000000050e-01 1.006579999999999941e+01
1.862879999999999825e+01 9.875859999999999417e+00 2.272919999999999874e+01
-1.562710000000000043e+01 -4.989169999999999661e+00 3.640769999999999840e+00
3.524030000000000218e+00 3.483359999999999790e+00 -2.260259999999999891e+01
-2.169310000000000116e+01 -8.165879999999999583e+00 -1.207450000000000045e+01
-6.047369999999999912e+00 2.738129999999999953e+01 -1.251549999999999940e+01
1.916430000000000078e+01 2.624500000000000099e+01 2.555829999999999913e+01
2.489430000000000121e+01 -1.229899999999999949e+01 2.576529999999999987e+01
2.528200000000000003e+01 2.820420000000000016e+01 1.186609999999999943e+01
5.839599999999999902e+00 2.611329999999999885e+01 8.310040000000000759e+00
1.127410000000000068e+01 1.456259999999999977e+01 -7.258860000000000312e+00
1.888600000000000056e+00 1.099579999999999913e+01 1.443190000000000062e+01
1.540939999999999976e+01 2.226559999999999917e+01 2.662320000000000064e+01
1.179149999999999920e+01 2.206159999999999854e+01 7.510650000000000048e+00
-1.865429999999999922e+01 -2.677570000000000050e+01 6.307479999999999976e+00
1.747860000000000014e+01 -1.218970000000000020e+01 -7.130760000000000431e+00
6.049330000000000318e+00 8.810259999999999758e-01 2.857000000000000028e+01
3.886159999999999837e+00 2.869519999999999982e+01 1.996499999999999986e+01
1.920210000000000150e+01 1.856409999999999982e+01 -1.373809999999999931e+01
1.230630000000000024e+01 9.194910000000000139e+00 -7.795230000000000103e+00
6.933250000000000135e+00 8.900510000000000588e+00 1.563260000000000005e+01
1.466530000000000022e+01 2.288190000000000168e+00 -2.655679999999999907e+01
1.583479999999999999e+00 -1.958370000000000033e+01 -2.337239999999999984e+00
-2.490790000000000060e+00 -2.715409999999999968e+01 -4.742350000000000065e+00
-1.077200000000000024e+01 9.186830000000000496e+00 -1.571039999999999992e+01
-5.232210000000000250e+00 1.495989999999999931e+01 -2.396719999999999828e+01
-1.958990000000000009e+01 -2.244259999999999877e+01 3.614539999999999864e+00
-1.773150000000000048e+01 5.943080000000000140e+00 4.636569999999999858e+00
3.173820000000000086e+00 4.594440000000000190e-01 1.385039999999999882e-01
-2.721170000000000044e+01 3.999680000000000124e+00 -2.214189999999999969e+01
-9.785410000000000608e+00 -2.454230000000000089e+01 6.885699999999999932e+00
8.632780000000000342e+00 -1.466690000000000005e+01 -1.174719999999999942e+01
-8.479290000000000660e+00 -2.495179999999999865e+01 1.927809999999999846e+01
1.306029999999999980e+01 -2.618590000000000018e+01 2.477139999999999986e+01
-2.994520000000000071e+00 2.051680000000000170e+00 1.828539999999999921e+01
1.865630000000000166e+01 1.789169999999999927e+00 -1.776000000000000156e+01
9.100080000000000169e+00 9.039300000000000779e+00 2.712569999999999926e+00
1.174239999999999995e+01 -1.421340000000000003e+01 -2.505730000000000146e+01
5.509619999999999962e+00 2.716639999999999944e+01 2.481830000000000069e+01
1.422320000000000029e+01 -1.791600000000000037e+01 1.219749999999999979e+01
2.268270000000000053e+01 -1.673669999999999991e+00 -2.377559999999999896e+00
2.466610000000000014e+01 2.158109999999999928e+01 5.988559999999999661e+00
-6.247289999999999566e+00 2.359990000000000165e+01 1.884669999999999845e+01
