0  0  0.000246524  0.000246941  0.000822595
0  1  0.000111727  0.000111826  0.000319753
0  1.42501  2.85003  4.27503
1  0  0.000241285  0.0002418  0.000807752
1  1  0.000109366  0.00010945  0.000312549
1  1.42501  2.85002  4.27503
2  0  0.000236555  0.000236854  0.000792356
2  1  0.000106553  0.000106637  0.000305349
2  1.42501  2.85002  4.27503
3  0  0.00022878  0.000228979  0.000772373
3  1  0.000102716  0.000102725  0.000294252
3  1.42501  2.85002  4.27503
4  0  0.000231858  0.000231884  0.000771959
4  1  0.000104602  0.000104599  0.000297174
4  1.42501  2.85002  4.27503
5  0  0.00024028  0.000240351  0.000786967
5  1  0.000109677  0.000109682  0.000307936
5  1.42501  2.85002  4.27503
6  0  0.00024152  0.00024145  0.000790407
6  1  0.000110485  0.000110477  0.000310203
6  1.42501  2.85003  4.27503
7  0  0.000248166  0.000248086  0.000810492
7  1  0.000113345  0.000113334  0.000318701
7  1.42501  2.85002  4.27503
8  0  0.000254184  0.000254027  0.000818247
8  1  0.000117204  0.000117131  0.000327074
8  1.42501  2.85002  4.27503
9  0  0.000243835  0.000243736  0.000810756
9  1  0.000110013  0.000110004  0.000312302
9  1.42501  2.85002  4.27503
10  0  0.000241046  0.000241233  0.000810214
10  1  0.00010763  0.000107657  0.000308546
10  1.42501  2.85003  4.27503
11  0  0.000251267  0.000251358  0.000837051
11  1  0.000113891  0.000113906  0.000324226
11  1.42501  2.85001  4.27503
12  0  0.000258279  0.000258347  0.000851813
12  1  0.000118457  0.000118479  0.000334345
12  1.42501  2.85002  4.27503
13  0  0.000268005  0.00026813  0.000873719
13  1  0.000122764  0.00012287  0.000347291
13  1.42501  2.85002  4.27503
14  0  0.000261232  0.000261084  0.000862971
14  1  0.000118156  0.000118106  0.0003369
14  1.42501  2.85002  4.27503
15  0  0.000265671  0.000265681  0.000869553
15  1  0.000121006  0.000121048  0.000342947
15  1.42501  2.85002  4.27503
16  0  0.000268995  0.000268902  0.000876376
16  1  0.000123032  0.000123108  0.000347104
16  1.42501  2.85002  4.27503
17  0  0.000261254  0.000261106  0.000862243
17  1  0.000118766  0.000118764  0.000335439
17  1.42501  2.85002  4.27503
18  0  0.000266164  0.000265981  0.000880973
18  1  0.000119654  0.00011968  0.000341565
18  1.42501  2.85001  4.27503
19  0  0.000257208  0.000257443  0.00084945
19  1  0.000115705  0.000115652  0.000330385
19  1.42501  2.85002  4.27503
