0  58.8778  0 
-17.046  -19.4205  7.1059  
19.3658  -1.3197  14.6048  
-10.9796  -13.9439  -10.4169  
-4.73074  -8.27327  26.0186  
5.63878  -11.6948  10.8424  
17.9216  2.48746  -4.3543  
-14.1873  -18.1564  24.4299  
-23.5903  -24.467  16.1209  
-7.82447  -1.05616  -27.6045  
8.55279  20.7878  -15.1656  
-23.6267  4.09753  -24.2899  
26.7816  -21.3665  -23.479  
10.8135  18.6213  2.88957  
18.5179  4.96713  -26.4313  
-25.2457  -26.3981  27.1192  
7.87894  -22.2455  22.3315  
-5.98062  -11.8149  15.68  
10.4277  -3.69209  22.4705  
19.3168  27.5942  28.0625  
-1.95328  -12.4703  19.1951  
8.46578  -13.1515  -19.3302  
11.6035  11.8278  -24.1452  
16.9995  -19.2414  3.28788  
-26.4574  -12.3413  -1.71938  
-18.1781  14.5676  -21.8695  
15.58  -6.05881  -8.32293  
21.8874  17.6037  22.2517  
-11.7208  6.35394  6.67039  
1.86405  -26.3103  -0.567242  
17.4316  18.2775  -12.2684  
-24.4941  -11.1647  -11.7841  
-0.280764  8.37592  5.51003  
-27.4891  -3.89072  -27.9204  
13.7244  -0.518656  14.9091  
3.87409  -26.1819  6.7483  
-24.5848  26.9832  -28.5024  
17.3988  -27.6785  2.38343  
-19.701  -27.9315  -4.75333  
8.58966  24.3762  14.1721  
-27.782  21.1987  -20.9705  
-10.9197  27.8354  28.1708  
-25.3636  15.5305  -23.1121  
23.6418  -18.0052  6.70359  
-9.75874  7.21273  -23.4191  
-5.94333  -13.2517  26.1075  
-4.31671  -17.0506  29.2901  
-28.4693  27.1114  -7.10366  
-7.50487  -19.8209  26.8135  
12.9967  -19.0685  -21.2143  
-0.561386  -6.08491  23.5787  
-5.43191  -28.4264  4.18404  
-26.3396  -20.1906  9.03732  
-6.27122  18.829  20.7771  
8.13221  -16.3997  3.28033  
-14.8474  9.85978  24.1827  
-19.0445  -13.2408  17.7869  
15.9573  13.6085  4.33866  
14.9309  -14.0033  -25.3378  
26.3129  -9.1986  27.0132  
16.5427  21.7619  -16.1633  
19.5099  -9.21039  -7.64502  
15.5017  -25.9348  -11.3342  
18.7607  -16.2878  -22.3592  
17.5543  26.0023  23.2979  
-21.4889  13.8456  27.7745  
-7.68611  18.9646  -20.634  
23.1181  -5.9047  -23.9405  
2.39048  -13.3176  -27.9305  
16.1531  -5.56665  23.5258  
-0.912777  -25.4336  -20.3267  
10.2049  18.9112  21.593  
-17.1066  13.003  20.7078  
-6.78142  8.61139  9.9545  
10.8446  -7.3309  -23.5297  
-0.699298  15.89  8.89174  
27.6793  28.8869  4.60536  
5.24245  0.979467  -11.2068  
24.5711  27.4471  26.8165  
4.57234  11.4165  -28.7928  
-18.4712  1.10702  11.0938  
-19.2277  21.2929  17.6259  
27.4615  17.0689  -3.13454  
7.37258  23.6708  -25.1701  
22.9626  8.81027  7.09534  
12.2888  23.3804  -24.2618  
25.0471  -16.9583  16.1639  
-17.988  22.1446  26.785  
-18.7805  -0.937993  21.8502  
-18.0411  -12.2411  -0.184283  
1.56755  -27.3935  -27.8192  
10.1895  15.2681  12.309  
-7.22661  5.92874  -2.88569  
24.3766  19.0131  -14.2818  
10.0756  -14.1072  -24.7481  
17.3501  11.0465  -11.1009  
19.3262  -13.1106  22.141  
18.1044  6.53376  23.1231  
22.4276  6.48012  2.5071  
-2.46081  12.6907  -14.6438  
-4.50809  -16.174  -7.92786  
1.53338  6.38551  -14.8191  
26.8915  -6.58042  2.85579  
11.9198  -10.3059  -16.3541  
19.0119  -7.81035  -2.39076  
-16.6028  -21.3801  -0.279809  
3.83078  -27.0782  -10.3742  
-14.9822  -7.13194  8.67951  
-13.8978  4.87111  23.3993  
-26.8265  2.15603  -13.5269  
4.81217  28.722  -3.22343  
3.82259  -14.802  -22.9864  
19.9794  -28.3562  -26.4399  
-12.7405  20.2536  8.5798  
-10.0751  0.54348  11.8426  
1.05034  -19.8853  18.622  
3.97745  -15.7731  -12.1698  
14.8697  -25.6422  15.0464  
9.76516  17.035  -12.0577  
-7.86767  -13.4391  -24.2782  
1.41176  -7.3742  5.83819  
-14.0899  21.3472  -24.5456  
-9.35696  -13.5465  19.2052  
-21.6351  -3.77104  -26.4726  
-18.9681  2.31831  26.4285  
-24.687  7.32929  -10.632  
3.86611  -18.2054  -5.28711  
21.0635  -12.5199  17.3961  
-28.6879  6.86208  -25.437  
11.8178  13.8234  -15.6601  
-16.8143  5.50421  8.84473  
-23.3754  0.623687  9.03546  
-22.8602  -0.00961656  28.2143  
-14.8987  -5.01903  -26.365  
28.458  -4.16921  26.2382  
28.4382  11.4857  0.596995  
-11.5481  -0.474702  -0.641813  
-27.2682  -14.1646  20.0909  
-25.3055  4.24029  -29.0179  
-10.8941  -21.4158  -28.4045  
-0.556883  -26.1613  4.11441  
9.53427  15.9467  -27.3377  
12.4365  6.47177  3.3803  
-0.655278  11.145  11.8341  
-26.1849  19.2126  17.0019  
1.84595  15.1098  -16.2201  
13.6599  28.9756  20.4024  
-19.805  -24.0812  19.9644  
28.8367  4.1567  -9.78391  
-16.6388  22.9992  -11.8125  
-17.9817  -9.56625  -20.0126  
18.3995  10.5926  8.01464  
13.449  -23.3922  19.1904  
25.1901  -27.8046  -26.748  
-9.00338  15.7039  -1.51425  
-10.3672  2.65509  -4.90297  
15.3392  -15.0077  17.8281  
10.102  25.7416  -15.1492  
-10.5448  -24.7294  -24.4227  
-19.2522  -20.7617  29.1966  
-3.20245  5.45953  -8.13566  
-14.9694  19.6537  -5.71481  
-2.06278  12.3947  24.6422  
9.53616  24.4363  22.204  
-14.6566  -3.31097  14.3114  
-8.80974  9.9421  -14.1602  
27.0629  24.8828  1.47904  
1.76143  17.3435  -4.4575  
21.1096  13.4463  -8.41871  
-13.7295  2.20549  -17.5739  
21.7141  -13.5168  -29.078  
-28.0913  14.7693  5.96825  
-5.43612  -7.22185  -1.47695  
3.34823  -13.2607  -16.7599  
-16.3558  6.25553  -14.923  
-19.9793  -16.0611  -6.53548  
19.085  15.4672  10.0339  
-17.5078  -10.1836  21.6417  
-21.6273  17.0766  5.13167  
-9.99317  12.7812  27.4371  
-21.9054  -23.3423  2.95445  
-2.30366  -0.956607  24.7918  
17.1337  -10.6586  3.3469  
-2.62729  4.95973  -18.1621  
22.3004  18.3784  -9.50681  
9.19888  -7.14296  -4.26987  
3.80662  20.8983  -13.3647  
-23.4813  11.9907  -13.0291  
20.4464  -4.54861  -13.6531  
-2.61632  -21.4577  4.35831  
-26.5494  -25.7496  -0.996352  
26.297  23.7442  -24.4462  
-0.895187  17.8307  -19.7031  
-23.8559  -26.8687  8.3692  
7.13882  -26.7326  -6.25416  
-21.0038  -11.6101  -4.29893  
-25.3061  19.7574  22.1779  
-7.5339  14.2708  6.52715  
8.00947  -1.0915  -0.42922  
-14.2496  -18.5147  -18.6515  
-22.8702  -7.67706  -15.2454  
-0.418239  -6.4525  0.624202  
-19.3906  13.9137  -10.8464  
-28.2248  -9.20941  -27.1081  
7.78118  5.96811  16.1119  
24.4167  5.38948  -29.2646  
-29.3645  11.9963  13.7804  
7.79509  -6.10021  -10.5605  
6.12031  20.7205  3.58258  
-4.45148  14.1711  -19.1096  
-4.80143  -21.414  -0.129766  
28.8556  -13.6806  15.4793  
-20.0939  -26.9667  27.7187  
-3.85969  11.7349  3.30561  
20.7666  28.0958  19.716  
-25.2611  -27.1222  -25.8118  
27.0693  -16.3407  -22.3294  
13.8643  24.1942  11.8936  
9.56336  -11.6444  14.3724  
-5.41627  18.7518  15.7196  
22.8005  -4.28512  4.85785  
-16.0367  26.1569  -26.3469  
1.42289  28.9896  10.0988  
-21.9051  -13.3752  26.5997  
26.2116  21.0638  -6.47176  
-3.51075  16.7896  27.1646  
28.2879  4.80671  -16.4258  
7.57362  21.3813  -5.99815  
-29.3349  -10.7991  -13.5103  
-25.8404  -4.23001  16.7232  
23.2764  23.2931  24.1208  
26.7693  18.5549  21.2216  
18.1118  27.9499  -11.9006  
13.382  28.3438  8.68643  
23.4813  -10.0596  -1.27007  
-11.0266  -28.4203  -4.65106  
-2.84724  28.115  23.594  
25.1574  -18.1549  21.2279  
23.6419  9.30831  -9.69833  
-26.9461  -28.4314  18.1912  
-25.4852  26.3706  14.5579  
6.32929  4.48063  28.4221  
-20.9607  4.45635  -8.2583  
29.333  12.9922  -19.3083  
22.4944  -26.9135  22.104  
26.1414  -23.1249  18.8642  
14.2654  -9.75687  -1.74077  
-4.56989  -27.8827  -4.9511  
28.9416  25.6329  11.8288  
2.25652  -8.29689  27.1507  
19.8801  7.60311  28.3037  
-12.2435  -3.27994  -5.10659  
2.04382  13.5123  17.4279  
22.3422  23.9746  -0.454114  
11.9929  20.3902  -19.0051  
0.560368  4.14105  8.38229  
10.0484  26.7766  -10.2646  
-27.8338  0.784001  -5.91951  
-5.03241  -4.42944  -9.04526  
28.8452  -10.1891  -5.04814  
2.01579  25.8561  14.7836  
24.3055  0.157545  -27.4812  
5.00588  -2.1998  7.558  
-29.4294  -0.251039  -1.20658  
-19.944  9.90442  -6.89696  
-3.31562  -12.3075  -11.1649  
22.9862  4.91466  20.2649  
-11.4057  29.0318  -25.7523  
-18.6023  -22.7071  -22.8916  
11.6719  26.1324  26.5404  
11.264  -15.8592  -0.806271  
-14.9852  -15.7756  -23.1137  
-11.9458  -9.74594  21.465  
26.2418  -15.4522  -27.1994  
14.0162  8.53568  28.4636  
8.79741  10.7428  26.0616  
-20.7968  21.9436  22.5665  
-19.3637  -7.03582  5.16069  
-4.06654  25.8048  -23.1232  
13.3717  9.67398  22.1725  
-14.4604  15.0172  29.2796  
5.92759  5.26321  9.8936  
-14.4694  27.0404  6.73322  
-1.76011  -23.6245  -3.49222  
12.6421  15.3244  -20.266  
-3.69685  9.94287  18.1655  
-24.3768  18.3948  -27.4193  
-23.2091  -21.7537  -20.6082  
-23.9588  25.8765  5.15012  
15.362  -20.7489  -13.1428  
21.4162  15.9202  -17.2136  
28.0069  25.1488  -19.6952  
-5.89464  17.6843  2.53145  
-19.8382  6.01165  19.989  
-19.5452  22.308  5.73706  
29.1232  17.3997  -13.2447  
24.0563  19.2156  27.4412  
6.51935  -8.17028  17.2848  
-0.449662  -6.45404  -8.58088  
12.2287  -18.6168  16.9893  
-28.1405  -13.6043  -19.9149  
-10.1042  -2.82627  26.8505  
14.5533  -3.9495  -3.51571  
-5.47472  25.5782  -29.0513  
0.134897  22.3487  18.51  
0.406478  23.0268  -28.1606  
10.3006  -16.3235  25.0584  
22.5907  -6.42878  17.7404  
-26.8238  -23.5503  5.26822  
14.1608  17.9874  -8.39907  
8.33656  11.1282  -6.20944  
14.2694  20.6596  -0.437988  
7.52044  18.8514  -23.4744  
26.5865  -19.1672  -12.2543  
13.2118  10.8587  0.769042  
15.7257  23.6867  -4.61647  
20.257  -0.303815  -20.5386  
-23.6396  19.9224  9.1487  
-18.972  19.8091  -24.5017  
-26.6531  -17.0473  -4.4981  
-21.7779  23.8849  -17.6892  
6.62357  -5.09294  27.7759  
-16.7314  -20.806  -9.80781  
13.6594  15.5255  24.6186  
21.218  -14.0783  -15.3387  
-13.1987  16.0075  -16.8941  
8.91234  7.59834  -2.25947  
-4.30841  28.5268  -0.448656  
-18.9314  -18.2468  -25.2292  
-5.62866  -5.34532  4.89628  
27.7838  -5.27594  -2.04508  
-24.4527  11.7065  -27.1289  
1.71794  27.1367  -7.19674  
27.9784  3.98112  -21.8618  
20.3045  -8.95587  -16.4823  
4.48537  1.41151  -23.4282  
-2.70731  -28.4249  -16.7434  
22.207  -0.4577  1.38903  
-5.67119  -24.1602  -21.9707  
20.4602  -29.0149  -5.07983  
8.6001  -17.6776  20.2749  
28.5994  -20.7753  14.9989  
-4.30919  -7.92348  12.5114  
6.74233  3.71936  -5.43653  
-11.003  15.8393  -22.5861  
-25.6971  -6.7547  -1.14995  
8.81247  29.3206  11.1677  
17.9808  20.4238  23.9769  
0.756936  -1.45535  0.585706  
-2.27719  -28.9535  -9.26677  
22.75  25.1676  -5.4651  
-9.81682  24.1611  -17.3495  
29.3472  -16.7925  23.9537  
19.171  19.677  -19.9814  
-29.0003  -9.88095  7.88066  
26.6982  18.5287  -26.4291  
21.6564  -27.3876  -18.6027  
13.868  -20.9459  -1.92373  
12.5436  25.5488  4.37298  
-28.6739  12.0929  28.8149  
-10.6146  -11.1736  26.5937  
16.4158  17.3719  -3.8071  
16.416  17.0267  -23.3003  
28.4922  -25.1576  12.1478  
15.0939  26.6646  -16.1492  
-3.90307  26.0108  17.5223  
3.826  8.13781  -7.57361  
-0.605382  17.3294  -8.94846  
-0.00774476  7.53144  22.6846  
-16.2685  -17.2978  15.8996  
14.2391  -11.6659  24.6802  
-16.5682  24.8728  -16.8052  
-4.04364  -1.00393  13.0893  
-24.5978  -27.0391  -20.5022  
18.3561  -23.6269  -24.7743  
20.9176  -14.6229  -2.31487  
-21.0374  -21.4143  -15.9946  
14.5232  -28.2831  27.2433  
0.851762  -6.41374  -13.5042  
-3.26359  10.2573  -2.03696  
-9.61241  26.0773  -6.97723  
4.19766  -21.4153  26.2952  
16.4541  -2.06473  -11.6048  
10.3968  -4.62449  15.063  
-19.5981  18.1708  -7.88191  
-3.60937  22.5367  23.9796  
13.2499  6.76569  17.4084  
15.5375  22.208  28.1834  
17.0951  9.57738  15.6401  
8.79731  -16.4998  -10.5177  
12.397  -28.7135  -26.0785  
-23.8595  6.29637  17.2575  
12.3287  3.23506  27.7773  
13.6855  -4.59815  -19.2516  
19.2979  -19.0419  -7.57495  
-27.9955  25.8923  26.5784  
-18.7195  -14.4346  9.1793  
-14.5303  -25.1923  -12.0967  
-12.0522  -16.8997  -3.80202  
-4.77358  -24.2581  20.3252  
-11.6151  -24.3561  -7.71496  
-7.54855  22.232  -4.22361  
-25.224  -9.54608  -6.88187  
3.13947  21.3442  9.72228  
-4.62266  7.88795  -14.576  
-7.64651  22.3049  -24.8059  
-6.81372  23.9604  0.899933  
-7.34746  21.1765  5.92463  
18.1947  -18.2704  -17.1872  
-15.8279  -20.5  19.9529  
19.8578  13.0298  -3.56043  
9.13146  -8.80493  23.3011  
-22.5425  -20.1834  22.0937  
6.46131  -6.28914  0.408559  
-22.0298  1.75233  3.79221  
-11.4798  28.7053  -20.6659  
-10.7413  9.83528  -9.04107  
19.3285  1.89722  -9.43974  
24.2623  6.4954  -5.34195  
-23.3898  12.4599  -4.06203  
-7.33023  -4.20723  -15.9828  
7.25852  16.1891  -4.25431  
-0.624085  -19.8465  -7.18177  
-26.5682  7.67199  12.6573  
-23.6038  7.68653  3.81742  
-8.68013  6.17007  20.7963  
-0.607526  -2.01167  -29.1957  
-10.777  -28.2756  20.6589  
-14.0418  -23.2791  -20.7581  
16.4708  22.1235  4.76881  
24.7587  -1.04459  8.66086  
16.4903  -15.0829  0.365183  
15.7525  5.60523  -15.9552  
-28.4214  20.986  -9.85692  
26.8413  -27.9509  16.5846  
-15.9207  1.34988  -22.093  
1.76107  1.41903  22.9565  
16.2706  -8.15837  -24.9481  
27.8406  -3.18112  12.1593  
-12.7341  -0.728666  -25.6092  
12.5931  -9.27056  -29.0618  
26.3437  2.78465  1.20875  
6.52858  19.922  26.1705  
-0.383596  23.6431  -14.3918  
23.016  -0.891476  -16.4161  
-24.3255  28.2627  0.354593  
21.5552  23.0749  -23.1737  
19.2609  6.2107  -12.3228  
29.3213  25.313  -12.3624  
-7.22119  10.8702  23.1703  
4.18721  -12.3151  19.2682  
23.3019  -6.24114  -9.76703  
-2.34792  -26.0579  12.0279  
24.2598  12.2008  -20.0366  
-8.68246  -20.5328  5.93343  
-14.6873  6.14388  -24.4837  
27.7263  10.3829  5.50988  
-1.02412  -19.5219  8.88743  
4.47479  10.369  -12.3016  
2.52262  -20.7503  -13.7538  
7.01288  -24.5049  -22.5399  
-7.89921  -17.7815  -12.2937  
28.2961  7.05225  -2.283  
11.4191  -20.2129  28.5442  
-0.364528  24.2512  -19.5057  
12.5521  -13.1565  -12.1871  
-12.579  -8.43583  12.6375  
22.5112  -8.50676  -28.3154  
26.0422  -9.85986  21.6971  
-13.6399  24.0424  12.0216  
-17.2367  0.21075  -8.40814  
-14.9398  9.94351  11.6949  
-27.5002  -20.5269  -10.3335  
5.34337  -11.916  4.23274  
-6.92851  -6.09079  -26.3022  
5.55713  -9.2475  -21.7593  
-2.25971  23.3333  3.87621  
3.16284  -2.85292  -8.39382  
-28.2002  -7.30741  12.2414  
24.4964  1.92053  -7.9109  
-5.1121  1.01978  18.8972  
17.4538  9.30106  -19.1617  
-14.6155  17.5877  23.6507  
-7.10448  -7.87479  -12.3027  
-7.85247  -1.12436  2.85928  
3.55452  11.1596  -19.3741  
20.73  23.1816  15.4644  
-14.4712  6.27782  -10.3563  
-5.27603  -0.392684  7.96677  
14.7147  -17.1871  -9.38974  
11.9528  5.49443  -11.9719  
11.3698  27.174  -0.375415  
-28.2882  -3.97093  21.8646  
-20.6343  -8.90899  -25.1376  
-26.8831  -16.2431  2.01232  
-12.1808  22.279  -9.17997  
6.16068  7.33125  -26.1882  
-17.849  -24.2642  6.32539  
17.4302  -13.4904  11.8993  
-6.77938  1.6485  23.8217  
9.73847  6.90604  -23.0475  
-22.4836  27.4105  10.0558  
28.723  -7.75803  -17.798  
-28.0598  11.2798  23.6684  
17.1032  13.1042  -15.8892  
-2.44408  24.8157  10.4363  
25.1467  24.1134  -15.4181  
-8.25977  -6.01495  22.7237  
-0.929721  14.7874  -0.935117  
-19.6492  26.7662  28.7197  
-26.7235  -0.367319  3.15639  
26.901  -3.11009  17.4521  
-5.91351  -28.5082  27.1308  
-27.0836  -5.43949  4.4286  
0.807469  5.4868  -26.3042  
-15.4052  28.8702  -11.1138  
25.4977  11.2204  16.7384  
15.2298  19.5917  19.2276  
27.5865  26.6859  -28.2441  
17.6947  -19.1103  10.0706  
-17.0409  17.7688  -13.6784  
-13.2826  23.7941  24.8755  
-10.1694  10.0196  14.5215  
-25.1394  -20.3698  -0.766526  
-18.3347  -4.49026  0.56257  
-7.33957  -13.6967  -19.0219  
-19.4262  -17.5131  25.1179  
-0.556461  4.17731  18.1458  
5.23963  -21.5735  13.5041  
3.36333  -21.4043  8.51487  
-20.2407  -17.8949  3.27461  
2.90284  -27.4962  -23.0718  
-0.954586  -13.7404  -3.46899  
-20.7029  0.00905052  -23.2448  
15.618  19.8789  9.47305  
18.592  -25.1534  25.6509  
-10.6539  11.1639  4.15766  
19.4924  -27.5708  15.811  
0.659677  -7.31514  -22.3669  
-27.458  -9.06363  21.451  
22.597  15.7686  14.049  
-16.9589  8.28057  16.0348  
-18.4232  -26.317  0.110718  
18.8701  -0.589378  -26.9135  
-23.8998  7.80084  -17.5099  
-23.3174  21.0569  -10.1544  
23.8572  13.8143  -25.2814  
-15.5103  27.9976  -5.71894  
-3.17886  21.2357  -6.88751  
13.6103  19.2408  -27.1996  
20.2006  -2.69828  -2.74933  
0.297775  -24.7576  26.0315  
-8.17534  -20.8762  18.3295  
-6.78808  -3.13049  -4.47094  
-6.5238  3.50726  -25.4951  
-28.2021  -14.0935  10.728  
20.9741  -23.3767  5.42013  
25.3799  25.7531  19.5829  
-8.52984  3.81646  3.77558  
-7.30384  -22.2098  -9.86525  
-4.79699  8.21081  28.3502  
16.8371  1.30223  7.69054  
1.22299  -12.5816  -8.31675  
4.14282  26.4634  -21.7724  
11.2747  -12.0537  19.4382  
-25.8227  -9.66682  26.6663  
-10.2519  -1.33721  -18.7605  
-27.2331  0.14082  12.6916  
20.8435  -22.9518  17.8002  
2.18875  20.6839  -23.2727  
-10.7359  2.1977  -10.1789  
-7.61716  -14.64  -3.74931  
10.9836  -13.0257  6.45043  
26.2621  -23.1221  -4.92606  
-12.21  14.6658  -8.73459  
-25.9394  -22.1206  -14.8552  
6.90808  23.7959  -1.5428  
16.491  9.84889  -24.2182  
10.2544  -1.19637  10.6489  
17.8651  1.9003  27.6474  
-10.6391  -9.60584  -19.1643  
-28.7531  17.3361  29.2671  
-25.6642  7.38638  -4.66787  
5.78231  -23.9999  17.6385  
27.8871  21.4961  17.0992  
-15.2175  18.4502  17.9424  
-4.41707  23.3046  -11.4041  
0.260248  -25.4454  20.6207  
27.6138  -2.91465  -16.2934  
-0.678317  -17.1397  22.5937  
24.0257  -9.04834  -19.9753  
15.6145  10.185  -3.8438  
-26.1843  -21.5058  25.3512  
-21.9375  -6.05029  20.5914  
6.96324  -17.1286  8.71439  
-15.6387  23.9198  -2.88432  
27.3708  2.34911  17.9048  
-9.17813  19.1982  25.9663  
1.23878  8.01414  -3.36381  
-1.00847  19.9316  12.5703  
20.2302  27.818  -22.1007  
1.60069  6.97352  13.8498  
28.5467  2.29622  5.93382  
-12.3224  14.3338  9.46828  
-14.7071  -27.4239  3.70356  
10.0767  -20.7192  -12.8701  
-6.17634  3.56873  -11.8708  
11.5219  16.0885  17.2391  
20.279  23.0854  -28.619  
-22.9054  1.48672  -4.20191  
27.478  -2.32461  -24.3147  
-27.465  7.04179  7.19151  
22.6492  14.0805  25.8373  
-2.97157  -8.80291  7.77612  
-22.1291  -22.8987  11.3138  
7.15639  7.8299  -18.8923  
-8.77004  20.9084  -12.8775  
-27.7965  22.7566  7.37928  
-21.2016  24.0147  -22.659  
-22.5957  5.47702  -0.797242  
-4.30972  -1.07817  -13.23  
21.3421  -3.99092  22.7009  
-26.9051  15.9665  -5.63302  
17.1899  -27.1475  7.78698  
-4.23754  -24.9078  -13.4574  
-2.12948  -7.58247  -17.6348  
21.8021  -19.875  13.6006  
-1.76907  -19.3569  14.2627  
15.6073  1.57812  -19.0236  
-0.383696  -23.8689  -10.5806  
-28.2444  9.45817  -15.4611  
-6.26243  5.03213  15.8007  
-10.9312  24.3502  4.12037  
-14.6552  3.03281  1.85486  
-28.5443  3.30655  22.4832  
-16.4917  11.3562  -25.7431  
9.34259  -23.4675  9.97096  
14.9981  -23.4119  10.4332  
23.0851  27.7133  6.86812  
14.7055  6.44419  7.98237  
21.6285  -22.4526  -16.4464  
9.32519  11.6427  19.8879  
-25.0544  -11.3482  -23.9134  
-8.35746  -14.5101  11.8737  
-26.4877  9.71072  -22.0231  
1.94267  22.8765  24.169  
11.2247  -7.12481  10.6335  
5.2326  -9.33283  -13.8693  
8.67727  -27.5196  -0.642784  
-17.7998  -4.08636  -12.8374  
15.7491  -7.4182  14.393  
2.3101  12.2422  2.57715  
-0.807254  8.49177  -21.7664  
17.1996  12.7887  27.3223  
-3.53706  -27.9079  -26.4928  
5.94071  27.9227  -17.2583  
-18.4993  -10.6205  29.3511  
-12.8329  -17.5315  5.24006  
12.9127  -24.9379  1.41269  
-7.11445  -27.5507  12.3184  
0.444249  26.2393  0.151468  
-18.7051  28.8232  -22.8206  
-19.3834  18.1257  -29.2598  
-14.879  -16.4578  0.373648  
-17.4586  -20.6906  12.2163  
-1.37728  16.0739  20.5632  
-12.5961  22.8971  16.9943  
-19.9553  -13.3948  -13.9536  
-17.513  -5.64747  27.9095  
23.9995  -19.507  29.0885  
-13.6842  -24.2851  13.2664  
10.4908  -1.86494  -5.54151  
-22.8158  13.195  -18.5361  
-25.3041  -7.53701  -19.7707  
12.194  -0.330493  -27.418  
-0.291116  -4.85723  14.4853  
-10.9113  -8.49324  -27.6267  
27.1493  -9.01725  16.157  
9.21148  -18.2475  -17.8143  
26.5678  -11.4272  3.87002  
9.29733  1.46897  -13.8505  
-17.4644  6.03768  -1.41827  
8.13231  -3.21618  -26.8634  
-28.0026  24.9619  -2.07616  
-13.3144  -27.1906  25.143  
-25.6331  26.8944  -15.5422  
9.73099  -27.3262  24.0617  
25.9826  -13.4678  -7.58346  
-25.7877  -3.18117  -13.4701  
7.84125  0.364576  17.226  
-16.642  2.89336  16.2469  
-1.74648  1.17459  -25.0967  
25.6102  19.8786  12.6396  
-24.9364  -14.4817  -28.2635  
24.2353  -1.2805  26.2331  
10.0757  1.24491  22.3885  
11.9592  22.8174  -8.02185  
7.26728  -7.67975  6.83216  
-13.8564  17.4651  -0.952207  
26.4768  -28.4293  -10.8975  
-10.863  28.3024  -13.749  
25.9486  3.19969  24.7869  
22.7494  18.1404  6.53336  
11.1407  -8.40948  2.03606  
7.70107  25.1804  5.40338  
21.421  -27.9513  10.714  
-1.78721  -14.0147  7.15661  
5.20083  -12.5822  24.3369  
-18.1899  10.3752  -18.8014  
-23.1082  27.1604  -5.91585  
-14.9732  -8.17227  -1.07757  
7.58961  4.74835  3.95123  
-18.9538  -25.9252  -15.2159  
3.98214  15.8057  12.9975  
-25.4735  6.92468  21.9789  
5.96751  23.8566  29.0454  
-9.39522  10.1872  -1.00077  
9.39353  14.4027  0.25387  
21.9237  -21.6957  -11.2207  
-18.1127  -27.9311  23.0872  
-25.2263  -25.1315  -9.39379  
3.39097  0.954003  12.3644  
29.1853  -25.7691  -14.8238  
-5.7719  11.0358  -23.1991  
-11.0631  7.34598  -18.6561  
-22.9593  -4.82756  8.19446  
-27.5036  13.9474  -10.3409  
-21.2377  20.3268  0.244534  
-17.966  -9.33719  -7.76821  
2.2571  17.0047  4.71061  
-24.4055  14.8682  23.7891  
1.42069  4.5069  -10.1824  
-20.2986  -12.1792  4.6595  
5.80698  -11.0029  -4.62943  
17.6468  -4.68342  4.24713  
-4.36788  0.0589004  -0.926026  
3.77442  4.87794  -0.0371097  
-3.8152  -9.2874  -5.73481  
-28.9869  -28.7792  -18.7515  
7.70395  19.4801  14.8945  
28.0952  -23.818  23.5398  
-23.7791  12.265  8.55485  
22.279  -17.1707  25.2175  
-20.5838  -19.9571  -3.20154  
3.98791  -17.9878  0.210267  
11.6635  -9.12626  -9.11127  
-21.3511  -1.02551  -15.662  
-1.0332  2.99329  -4.05373  
-9.12549  -22.8696  10.9237  
-8.49484  -10.8174  -7.05217  
15.2414  28.8335  -4.08109  
-19.2565  -14.3567  -19.1705  
27.117  18.0772  -21.1719  
24.0473  -22.8065  1.09092  
-14.8936  -14.2785  28.5136  
4.9951  8.16941  20.4352  
-16.1045  -27.5872  10.2978  
-15.0348  3.78038  -5.3917  
3.84817  -6.08167  11.8242  
15.7607  -3.99367  8.84298  
2.5705  -0.228159  17.7643  
20.8621  -14.1572  -7.45364  
8.02489  -7.10692  -17.6456  
-16.9863  14.6802  12.9935  
3.78225  -0.0277579  27.5032  
22.3339  7.61979  16.1642  
-16.038  13.0314  -5.4395  
-11.4434  -16.5983  -26.5973  
-23.7629  -2.37985  -19.8692  
-14.911  3.54927  -29.0223  
-28.5949  -28.9594  9.10539  
20.8882  19.0947  -1.45443  
-13.0705  -8.25195  -6.19546  
15.0276  27.4774  -21.8914  
18.8817  17.6428  3.04079  
26.1383  13.271  22.1198  
-1.51285  -16.1742  -20.6154  
2.48041  27.6584  24.5231  
-20.1833  -11.0202  13.251  
-6.07957  -4.06196  18.1091  
-17.0353  -8.91129  -14.6907  
23.9678  5.98485  11.5762  
-26.4858  17.7229  -17.1883  
-0.918092  -2.47172  -21.2445  
-25.749  29.2419  23.0038  
-20.2607  -26.4348  -25.9666  
3.13558  0.0914451  -4.04274  
11.8398  -16.6503  11.5056  
1.58247  13.7094  -23.4565  
16.121  -9.06951  -19.5065  
13.2122  -18.4621  6.94442  
-10.9176  19.3339  -28.2362  
17.8442  11.9368  21.5761  
-8.87145  17.5926  -6.17371  
21.6104  -12.4425  6.57099  
-28.1515  -22.8928  -26.9885  
-3.73202  4.43734  11.3132  
-4.73961  -16.0934  0.0762011  
-12.4347  14.7608  15.9064  
5.65173  -22.7829  1.13941  
-9.9478  -7.39815  0.535481  
-15.4129  22.0532  1.84286  
-21.3304  4.51357  -14.4969  
25.6592  -13.9532  -12.476  
4.32985  15.6766  -11.258  
21.0123  1.84647  10.8542  
-5.93557  -16.1752  4.91686  
9.2411  11.0965  6.05974  
-12.6922  -21.8754  -3.43062  
17.8375  -7.17473  28.8977  
-6.28513  1.52509  -20.5204  
-19.8869  16.0207  -3.20044  
-8.29997  -5.23325  -21.382  
-25.9335  19.9203  -1.99376  
-13.3451  11.5726  -19.9212  
-7.45046  14.328  -27.2777  
-21.0339  25.6613  -10.3717  
28.306  -6.22772  -11.3996  
-14.9061  -16.3379  -8.00391  
22.2072  4.10955  -23.0261  
-14.3587  10.4409  -1.30685  
26.6291  9.88714  -27.2361  
16.4872  -3.30614  -23.275  
-23.9351  -16.2646  6.15292  
6.49336  -29.3508  28.8069  
-28.9731  17.6208  1.63993  
0.105598  19.7519  1.19971  
18.734  -20.4179  -2.52062  
-6.99145  -19.1324  13.6497  
-21.5357  8.73454  -23.3181  
28.5813  4.15592  13.1772  
-12.7496  -0.303437  17.7905  
26.9285  -21.3065  -16.7738  
13.1889  -1.222  -15.5435  
28.2378  -25.3394  2.24592  
-7.69945  23.1373  15.6722  
27.1827  -18.1508  -5.52558  
7.11675  11.4346  13.1493  
-16.2351  -29.0175  -18.4654  
11.909  -27.8746  -7.87918  
0.599375  -16.9414  27.59  
-14.4036  -0.027737  -12.8943  
9.82787  -27.6999  16.2115  
-14.4054  -1.63877  8.79943  
-16.9525  -0.952112  4.0453  
23.8252  14.4611  -0.372694  
26.6487  -23.7606  28.8446  
5.262  24.4925  -9.80158  
-22.3409  11.8639  19.4801  
19.9985  -6.0615  11.8294  
22.8654  -14.2771  -20.3586  
-9.65027  -13.5263  7.17603  
-19.0089  -3.88296  16.5526  
23.2754  4.19358  -15.3303  
17.53  -22.3415  21.8668  
-22.8578  21.7207  13.9787  
2.30253  -10.7583  -0.576282  
-25.2648  -19.4096  15.5467  
-7.20826  -22.6689  -17.0047  
18.9765  16.0621  18.4234  
8.86786  -24.487  4.59241  
-5.30413  10.0496  -7.27342  
-20.7296  24.9911  -1.82569  
8.60265  -26.5006  -17.5451  
3.22658  -28.8662  17.729  
-22.0273  19.3765  -14.9963  
13.3805  5.65447  -3.94688  
1.66357  28.5451  -14.2209  
-8.72956  -4.96897  13.7099  
-22.422  -6.12077  25.6172  
23.8374  -10.3551  10.7658  
13.84  3.14525  -23.7327  
-25.329  22.9254  -25.2373  
-15.0872  -4.3509  23.225  
-6.32969  26.1679  7.19311  
-28.6164  -26.5996  -5.75492  
-1.25254  -14.4106  12.6147  
12.4723  15.9159  7.349  
-24.5319  -19.6627  -29.033  
27.0624  20.6828  4.59615  
-10.1841  14.7139  20.8774  
-13.7038  20.9401  -19.2045  
7.6548  5.50704  23.6506  
-0.246864  -0.435097  5.98855  
5.72144  -19.6061  -21.2985  
0.957621  -20.7627  -18.9553  
5.61146  3.26201  -16.8981  
-15.5219  12.1462  3.64005  
-27.4784  -19.0445  -18.7888  
24.6766  -17.9861  -1.03601  
-11.3835  -25.3495  -16.4574  
22.0116  22.8749  9.54887  
-9.50577  -17.6006  22.2956  
-18.3551  9.71633  28.1992  
-22.9743  -16.2001  18.7732  
-10.7579  -8.70096  5.55025  
-22.5175  15.6112  12.6606  
6.47273  -1.51687  -19.0507  
18.5565  2.89002  2.9748  
27.1527  -17.969  10.4727  
-2.09845  -7.04843  18.8453  
11.1769  2.92292  -7.50967  
28.7393  9.35821  -10.6205  
0.868225  22.8325  -4.12864  
-6.63204  -28.4227  17.8357  
16.7522  -21.94  29.374  
24.4111  -3.0003  -5.90267  
6.32863  -23.9836  -13.775  
-21.321  27.1703  21.1275  
27.7756  15.4617  10.1897  
-28.5705  -0.385731  -20.2689  
-6.05178  13.9137  13.4039  
7.33407  -18.6165  -26.2793  
-22.0398  0.863156  16.4058  
-11.7894  0.290182  23.1343  
-14.5789  -22.5693  27.4611  
6.47875  -10.3442  -27.8814  
26.938  -16.362  3.1234  
19.3123  26.3074  3.07535  
26.9455  -29.0045  22.7479  
-3.39478  18.5538  -25.9926  
22.86  28.6609  -14.3503  
-19.4654  9.79711  5.85219  
-18.0979  26.49  17.1015  
-12.515  -23.9884  18.2854  
-2.84346  -14.146  -25.394  
-27.3116  -4.5405  -7.42454  
29.3254  20.707  25.0244  
-22.9718  -16.3898  -22.5761  
-23.3257  -15.7337  11.8308  
11.4337  -23.6132  -24.9859  
9.24124  9.21043  -14.2788  
7.67233  27.4821  18.4128  
15.6029  -23.6587  -20.668  
-24.3369  -0.822149  22.8894  
-24.4378  -16.5211  -9.18715  
-6.28857  27.4563  -19.0678  
4.69384  16.0886  20.6028  
-17.6097  -17.9759  -13.9723  
-22.6186  -28.843  -12.5503  
-8.82391  26.3735  11.7797  
-22.7139  6.98556  26.3377  
6.97545  -22.0378  -4.29357  
-11.7985  -10.2454  -14.0355  
8.43155  -15.3022  -5.64365  
11.9346  -20.8196  -6.82372  
-25.3141  11.8408  1.25242  
-2.92613  -13.0234  -16.4264  
5.1832  -17.1691  16.7593  
19.2851  0.833917  22.6225  
12.8338  -4.22535  27.387  
0.895359  8.27865  28.444  
-4.6988  14.3897  -10.4728  
18.7525  13.8805  -26.502  
7.94678  -24.1674  29.2171  
3.40986  -1.9234  -14.9067  
-21.6662  -2.8064  -9.25039  
-6.62665  27.6338  -10.9587  
-13.7991  26.4228  20.348  
22.2028  7.54895  -18.9375  
-16.2084  17.9768  5.04284  
-12.5816  -13.9916  14.8247  
-9.34705  -18.0811  -17.0558  
-21.7615  -4.03691  -3.81768  
-12.4848  8.65774  -29.0053  
-22.3661  -6.37681  13.6645  
24.249  27.3292  13.9166  
6.84627  10.405  1.51298  
12.9935  -2.59438  1.9091  
13.7741  -7.49872  19.6437  
15.7442  24.6048  16.7696  
20.5366  -25.5298  -1.16482  
-8.78581  -24.6306  -1.60274  
23.0422  -25.7517  -8.17887  
16.3865  -17.5953  23.9875  
-4.60293  -23.8353  25.4532  
26.0223  -26.3364  -21.5935  
19.0559  23.6855  -8.84408  
4.17958  16.8303  -28.9384  
-1.23204  -6.94043  -27.1905  
14.4512  -26.6995  -16.7152  
4.69605  28.5137  2.66581  
-2.93988  -20.967  -25.8816  
-9.7436  14.8212  -13.0991  
-20.7297  -23.2944  -7.14356  
-25.5546  14.183  16.2044  
0.133085  -16.6877  3.18717  
-13.3117  -10.967  -23.0313  
-9.56344  -25.1271  3.38466  
14.2523  2.65343  0.294512  
-17.8691  27.1005  11.9967  
29.345  -13.2418  28.2206  
9.3843  -0.0918666  5.45699  
17.134  -16.6409  -29.408  
20.155  6.74078  -1.89836  
21.8734  -20.047  -25.0259  
-0.794127  0.263344  -16.9195  
5.59037  25.5116  9.89082  
13.1262  12.6357  -8.09635  
23.6983  -23.649  10.1596  
14.2359  1.5262  19.271  
-17.2244  -21.2332  6.74404  
-15.3698  -18.8952  6.46277  
19.7973  -0.791476  16.3953  
19.9991  0.0235575  13.5241  
-11.4359  -12.8384  -11.7775  
-12.5502  -14.4609  -9.59993  
-3.15966  -7.63266  25.2223  
-6.03554  -7.61767  24.8764  
5.34969  -13.4303  10.221  
6.30753  -11.9247  12.484  
18.6489  1.00724  -3.65317  
18.3537  2.41273  -6.13499  
-12.4972  -17.8693  23.6861  
-14.0909  -19.7507  25.3932  
-22.1752  -24.551  17.3076  
-24.2557  -22.7503  16.2953  
-9.51351  -1.06284  -26.7982  
-8.19585  -1.29136  -29.3494  
9.06909  20.4079  -16.8764  
6.70515  20.7949  -14.9907  
-22.532  2.61876  -23.9861  
-22.6349  5.56669  -23.8836  
27.1377  -19.7176  -22.703  
25.0925  -21.0898  -24.1307  
11.9198  19.4909  1.78379  
10.2401  17.1417  1.90615  
18.3683  3.25038  -26.9072  
19.9475  4.90388  -25.2157  
-25.4904  -27.4212  25.6715  
-25.5529  -24.7197  26.5394  
6.94743  -22.9427  21.0137  
8.28289  -20.577  21.5901  
-4.38007  -12.5798  16.2546  
-6.57732  -12.8066  14.2794  
8.60793  -2.8003  23.3654  
10.194  -5.49201  22.6677  
21.1103  27.8378  27.6069  
19.4602  25.9206  28.9111  
-0.315305  -12.4712  19.1819  
-2.34555  -10.5952  19.5981  
8.76037  -14.8369  -18.6646  
9.53857  -12.1315  -18.3002  
10.8168  10.2295  -23.8781  
10.7249  12.7525  -25.4041  
16.1359  -19.0876  4.77929  
16.1573  -20.6944  2.48418  
-28.0601  -11.8147  -2.48861  
-26.7987  -13.3011  -0.242459  
-16.284  14.6682  -21.1513  
-18.6159  16.4766  -22.2545  
15.313  -5.48561  -6.5848  
14.0857  -7.14695  -8.71221  
20.5632  18.6659  23.0072  
21.9903  16.1061  23.4449  
-10.6827  5.19736  5.63688  
-10.6004  6.70253  8.15316  
3.11029  -25.0656  0.0234764  
0.741336  -25.4068  -1.68827  
17.1214  19.6359  -13.6403  
18.8406  18.8929  -11.3109  
-24.655  -10.5587  -10.0728  
-26.1798  -11.251  -12.4053  
-0.853306  9.5193  6.87943  
0.295289  6.80515  6.41078  
-25.6335  -3.33638  -27.5993  
-28.6  -3.09236  -26.4902  
15.4355  -0.861858  14.6198  
13.7118  0.284328  16.5662  
3.91726  -24.4662  7.3924  
2.16799  -26.2226  5.96929  
-25.6033  26.6303  28.8907  
-25.1099  25.6982  -27.3029  
17.5461  -27.2682  4.14139  
17.6252  29.3433  2.36383  
-21.1357  -29.0521  -5.06666  
-20.0186  -26.4003  -5.7392  
10.2301  24.4036  13.3642  
8.2381  22.6359  14.4322  
-28.5677  22.6625  -20.1969  
-29.2309  20.0531  -21.2404  
-11.9081  29.1176  27.3244  
-11.144  28.1188  -28.914  
-24.5648  14.9438  -21.8737  
-25.4292  14.0824  -24.2605  
24.6541  -17.953  8.26283  
22.662  -19.3369  6.85124  
-8.85616  5.97678  -24.4268  
-11.6296  6.88657  -23.7517  
-5.13454  -11.71  26.2257  
-5.22131  -14.489  27.4166  
-5.53128  -18.1826  28.4093  
-2.73972  -17.482  28.6687  
-28.9063  28.8879  -6.76786  
-26.5777  27.0709  -6.95092  
-6.47805  -21.284  26.2664  
-8.72458  -20.4818  28.0702  
12.625  -19.6152  -23.4526  
14.2459  -20.3986  -20.6378  
-1.01382  -4.41755  23.8011  
-0.96456  -6.44629  21.7813  
-5.81418  29.0344  5.3333  
-6.89133  -27.314  4.23609  
-25.4723  -18.7876  8.15789  
-27.9585  -19.4937  9.58847  
-7.6618  18.46  21.843  
-5.49272  20.2378  21.5077  
9.43932  -16.0605  2.00947  
6.85027  -17.232  2.29346  
-15.9092  10.773  23.0452  
-13.3915  11.4449  24.847  
-17.9506  -14.6144  17.1497  
-20.5691  -14.2002  18.2736  
16.9789  12.5727  5.44177  
17.0725  14.9698  3.77547  
13.1235  -14.0209  -24.9825  
15.3873  -12.2243  -25.391  
27.541  -10.4073  27.7025  
27.2674  -7.59095  26.8628  
17.6516  21.1481  -17.5116  
14.9042  21.1928  -16.8219  
19.4544  -8.82316  -5.81219  
18.0866  -8.23377  -8.24464  
14.1352  -26.4349  -10.1585  
14.8707  -26.2309  -12.9897  
17.9831  -17.1188  -20.7589  
17.3363  -15.5259  -23.2875  
17.9779  26.6647  24.8064  
18.7758  26.6652  22.0891  
-20.6468  15.2528  28.3608  
-20.2212  12.4633  27.7318  
-6.3456  17.8102  -20.0463  
-9.0431  17.8012  -21.1443  
22.9525  -6.79356  -25.5417  
21.812  -4.85304  -23.9081  
3.72779  -11.9678  -28.268  
2.98388  -14.0874  -26.2495  
16.5898  -7.47376  23.8329  
15.4101  -4.96718  25.1705  
-0.160381  -23.7876  -19.8197  
0.39368  -26.2441  -21.3873  
8.53949  19.0343  22.6468  
11.27  17.9887  22.6186  
-18.9314  12.7005  20.5342  
-16.4605  11.7421  19.3086  
-8.1344  8.87479  11.4587  
-6.0191  7.05097  10.3715  
9.30939  -8.4326  -22.8177  
11.4638  -6.50717  -22.1313  
0.366287  16.5441  7.54858  
-1.0116  17.3448  10.0104  
26.0275  28.6687  5.43785  
27.7097  27.4568  3.44371  
5.01644  -0.291299  -9.97508  
7.04474  1.10216  -11.6895  
25.5147  26.8815  28.3492  
24.1352  25.919  25.9583  
5.71337  11.3036  28.8472  
3.075  10.5368  29.4046  
-18.0048  2.60435  10.1348  
-18.1127  1.56241  12.8697  
-20.4955  21.1554  16.2848  
-18.5719  23.0058  17.3975  
26.2019  15.9122  -2.69359  
28.8789  16.1571  -4.08423  
6.24172  24.5864  -24.1364  
7.2746  21.8827  -24.6125  
22.7473  7.96176  5.47229  
24.5375  9.74536  6.80116  
13.3017  24.6826  -23.4817  
10.5864  23.9565  -24.3202  
23.6835  -15.7743  16.5328  
26.4187  -15.891  15.7011  
-18.9058  21.9066  25.2015  
-18.7241  23.6815  27.4808  
-18.4262  0.479943  23.0097  
-20.7546  -0.933861  21.7881  
-18.9508  -12.3011  1.43772  
-19.3317  -12.0757  -1.49855  
1.9568  -29.3112  -28.4681  
-0.217316  -27.3798  -27.4081  
11.1349  15.593  13.7517  
11.3008  15.524  10.7417  
-7.99077  7.54145  -2.33348  
-6.56211  5.13453  -1.05191  
24.5109  20.7843  -14.8191  
26.1288  18.4234  -14.1144  
9.13906  -15.638  -25.1842  
9.54108  -13.694  -23.0205  
15.747  11.3434  -10.2887  
18.5486  12.075  -10.1185  
17.4464  -12.691  22.5069  
20.104  -11.8621  22.9734  
18.2172  8.154  22.584  
19.7232  5.76941  22.5416  
21.546  6.81358  0.894361  
23.8755  5.46845  2.0148  
-0.814614  13.5498  -14.9357  
-3.3367  13.1008  -16.2132  
-4.02815  -14.7392  -8.92251  
-5.49615  -17.1407  -9.14463  
2.47244  8.00255  -14.4043  
2.74019  5.29568  -15.6977  
25.3573  -5.87359  3.66156  
26.7808  -8.43254  3.10518  
12.333  -11.4778  -14.89  
13.3655  -10.263  -17.4193  
19.3372  -5.95808  -2.42771  
20.5799  -8.53031  -1.6821  
-15.2257  -21.6573  -1.4621  
-17.2183  -23.056  0.0492476  
2.39798  -25.9334  -10.1296  
4.9067  -26.125  -11.529  
-14.8255  -5.32912  8.90852  
-13.765  -7.56894  7.45872  
-14.3479  6.59992  23.8665  
-12.4027  5.16078  22.2977  
-25.3662  3.29371  -13.4003  
-27.9036  2.87839  -14.7913  
3.85412  -29.0212  -2.10698  
3.65406  28.2456  -4.50591  
4.57116  -13.2816  -22.2509  
2.2964  -15.008  -22.0752  
21.7973  -28.1608  -26.6804  
19.4303  -29.2694  -27.8704  
-14.2651  19.6725  7.68471  
-13.3082  21.4222  9.88432  
-8.90514  0.73437  10.6356  
-11.5257  0.15175  10.9215  
1.36398  -21.8201  19.2806  
0.392335  -18.9922  20.1305  
5.72641  -16.0429  -11.6162  
3.30539  -17.4838  -12.3851  
14.5313  -24.7515  16.6856  
13.4549  -26.9052  15.1077  
9.5004  18.6063  -13.063  
10.9941  17.4452  -10.7288  
-6.08778  -13.2798  -24.8286  
-8.75512  -11.8554  -24.7368  
3.27741  -6.94153  5.97132  
0.848693  -6.75195  4.23719  
-12.772  20.7348  -25.7074  
-14.5186  22.9865  -25.1536  
-10.2194  -12.0846  19.8877  
-7.99789  -12.8847  18.1342  
-21.0928  -3.57267  -28.1871  
-21.1874  -5.47012  -26.0362  
-20.3483  1.30422  27.2807  
-19.7888  3.88479  26.2601  
-23.345  6.27841  -10.3387  
-25.3874  7.53146  -8.83435  
4.83536  -19.7798  -5.14898  
3.55952  -17.8277  -3.47723  
20.3197  -12.7967  18.9973  
19.6464  -12.9842  16.1676  
28.7854  7.95154  -25.9936  
-29.4252  5.61314  -24.3087  
11.1675  14.9879  -14.3992  
13.6546  13.6654  -15.3586  
-16.4722  6.28608  10.2525  
-15.0967  5.48092  7.95967  
-24.8764  0.698727  10.1762  
-21.9291  0.810839  10.1033  
-24.1097  1.24463  28.6738  
-23.4678  -0.759504  26.52  
-15.9014  -5.03289  -27.909  
-13.6133  -6.1049  -26.7861  
29.2981  -3.95318  24.6195  
-29.1727  -3.8586  27.5834  
28.0633  10.9243  2.37703  
28.3058  9.96699  -0.44214  
-12.714  -1.93338  -1.51037  
-12.7046  0.671754  0.202331  
-28.0427  -15.0109  21.6108  
-27.0864  -12.3851  20.5498  
-24.4231  4.12901  -27.3746  
-26.845  5.09991  -28.3976  
-10.6721  -22.6496  -27.0548  
-12.3737  -21.9845  -29.3838  
-2.11612  -27.0661  4.39764  
0.0431158  -26.5925  2.42045  
9.36883  14.8636  -29.2089  
10.9181  16.9047  -27.5061  
12.5789  8.03841  2.42013  
13.0094  5.15228  2.2426  
-0.21028  12.5657  10.7353  
-2.39212  10.8848  11.4016  
-27.7669  20.1223  16.822  
-25.0235  19.9888  15.8018  
2.95687  15.534  -14.9739  
2.66355  13.6556  -17.1921  
12.2595  27.6382  20.3642  
14.9308  28.2358  21.5555  
-19.1616  -25.4683  21.0041  
-18.3822  -22.8929  19.8044  
27.2578  3.23504  -9.59788  
-29.0257  3.34453  -11.0952  
-16.392  23.7586  -13.4629  
-16.9327  21.2359  -12.1735  
-16.3347  -9.62314  -21.0564  
-18.4216  -11.3582  -19.7931  
17.2868  9.14911  8.01452  
20.1415  9.95055  7.63208  
12.0649  -24.1876  20.1501  
14.8605  -23.0947  20.3621  
25.6171  -26.4494  -27.9212  
25.5941  -27.2052  -25.062  
-8.90017  13.8907  -1.38821  
-10.7133  16.1415  -1.10165  
-9.13045  3.9013  -4.23226  
-10.4357  1.36637  -3.61781  
13.9616  -14.0163  18.4814  
16.1553  -15.6534  19.3631  
10.0588  26.2119  -13.3564  
9.65304  23.9545  -15.161  
-11.7971  -24.119  -23.1988  
-8.97762  -24.7351  -23.521  
-18.8295  -19.7862  -28.2031  
-19.2081  -19.5023  27.7713  
-2.97524  4.58056  -6.55279  
-1.56364  5.18297  -8.95921  
-13.7325  20.3042  -6.9088  
-16.4756  19.2676  -6.70894  
-1.13632  10.8624  24.3554  
-1.6928  13.4609  23.1687  
10.3424  24.9789  23.7188  
10.0561  22.7507  21.9876  
-13.9572  -5.01282  14.0107  
-16.2461  -3.62724  15.1491  
-9.29057  11.6173  -14.1817  
-9.75071  9.02551  -15.5254  
28.356  24.7132  0.165169  
27.0843  23.3508  2.50643  
1.10332  17.064  -6.18517  
3.50477  16.8534  -4.47864  
20.7793  13.3596  -6.59874  
21.6052  15.1855  -8.7664  
-14.8022  1.7373  -18.9815  
-14.2049  1.29822  -16.0494  
23.1477  -14.1992  -28.1302  
20.2118  -14.6642  -28.6675  
-28.0749  15.4487  4.29531  
-26.5189  13.8729  6.22493  
-7.15583  -7.75696  -0.934173  
-4.98779  -8.1345  -2.96128  
3.5092  -14.377  -15.3098  
4.97562  -13.2641  -17.6238  
-15.479  4.93547  -15.9554  
-18.0886  5.61912  -14.7464  
-20.1484  -17.3587  -5.26037  
-20.4663  -14.4908  -5.67482  
20.2091  15.3377  11.5172  
18.6646  13.7681  9.57083  
-19.0893  -8.81506  21.3582  
-17.8295  -11.361  20.3402  
-22.0041  18.321  6.43172  
-22.2113  15.5259  5.83256  
-11.5009  13.8835  27.6422  
-8.89797  13.3234  28.755  
-20.9135  -23.7945  4.4452  
-23.7278  -23.433  3.48822  
-4.01125  -0.228469  24.7161  
-1.95742  -1.3101  26.5497  
18.5801  -11.1159  4.35219  
15.6553  -10.8488  4.42221  
-3.29966  6.05598  -16.8819  
-4.08385  4.18484  -18.9252  
23.3646  19.3451  -8.38633  
23.122  18.55  -11.1556  
8.44181  -6.80582  -2.63825  
9.53408  -5.59447  -4.99089  
4.26357  22.1731  -12.1501  
2.21865  21.5627  -13.9692  
-23.6657  10.2367  -12.4188  
-24.8456  12.8387  -12.1743  
21.3037  -3.20337  -14.5343  
18.9121  -3.71967  -12.9742  
-1.68587  -23.0636  4.26143  
-1.45902  -20.146  3.93483  
-25.5651  -27.2651  -0.496391  
-28.0671  -25.7885  0.0507798  
26.7747  22.0984  -24.816  
24.476  23.5581  -24.014  
0.183414  17.1583  -18.2852  
-0.198691  17.1818  -21.0639  
-23.1413  -25.5076  9.41496  
-23.0266  -28.4044  8.93959  
6.54499  -27.955  -4.97378  
5.9665  -26.9334  -7.63118  
-22.7224  -11.0098  -4.69847  
-19.9173  -10.6586  -5.44956  
-25.6465  19.5867  20.357  
-24.97  18.0415  22.7562  
-8.32797  12.913  5.464  
-5.79097  13.5749  6.88787  
8.48615  -0.402816  1.34579  
6.51485  -0.211217  -0.887388  
-15.4121  -18.1767  -17.2955  
-12.5589  -18.2713  -17.8991  
-23.7601  -6.1619  -14.7875  
-23.4508  -9.04977  -13.9157  
-2.16373  -6.88941  0.0870813  
0.602523  -7.88438  0.112778  
-20.9337  13.259  -11.7883  
-19.0898  12.5746  -9.65972  
-27.9523  -7.37652  -27.0896  
-27.5087  -9.66884  -28.7648  
6.61112  6.48263  17.7755  
7.92449  4.12888  16.2081  
22.8524  6.05542  29.1  
25.2655  4.78144  27.9916  
29.0166  13.2984  12.578  
28.0272  11.6495  14.8278  
6.87192  -5.17432  -9.53428  
6.51794  -7.27949  -11.5  
7.88197  20.0566  3.36155  
5.73606  21.3876  2.00916  
-3.0704  15.395  -19.634  
-4.82691  13.1522  -20.5246  
-4.8634  -19.6245  -0.327972  
-4.1841  -21.6062  1.62324  
28.1384  -12.0199  15.8208  
-28.9775  -14.0067  16.9515  
-21.9283  -26.6544  27.5282  
-19.9806  -28.7971  27.9982  
-4.43567  11.3594  1.64616  
-3.5866  9.8674  3.9767  
20.2906  28.8286  18.2104  
22.3215  27.1712  19.4219  
-26.3697  -25.7714  -26.4056  
-25.4124  -28.5333  -26.9814  
25.5112  -15.6683  -21.5773  
28.385  -15.2766  -21.589  
14.507  24.4002  13.6297  
14.4744  22.6352  11.3006  
9.99896  -9.94254  13.2608  
10.4106  -12.9743  13.4883  
-5.74722  17.1291  14.8877  
-5.74314  18.4514  17.4196  
22.6472  -2.89565  3.65013  
20.9615  -4.79659  5.05576  
-14.6403  27.2832  -26.5819  
-16.9785  26.9673  -24.9545  
2.42437  -28.8924  8.99144  
2.65267  27.9535  10.9823  
-20.6333  -12.2643  27.3845  
-22.8141  -13.983  28.0711  
27.7341  21.1058  -7.5142  
26.5747  19.7866  -5.18004  
-1.98256  17.7275  26.8689  
-2.83339  14.9367  26.6893  
26.6238  4.60317  -15.7893  
28.138  4.57724  -18.265  
7.43993  19.5813  -5.62097  
7.21291  22.2049  -4.35725  
29.087  -9.25068  -12.5665  
-29.3995  -10.1543  -15.1957  
-24.5949  -4.94271  15.6606  
-27.2569  -4.70281  15.845  
21.1529  23.0889  23.8549  
23.7304  21.8546  24.8623  
27.5845  19.3495  22.6625  
24.9234  18.5556  21.6141  
17.5131  -29.2078  -11.3596  
16.917  27.4631  -13.3104  
13.1369  27.5588  7.01049  
13.6887  26.8517  9.78229  
24.487  -10.3285  0.732735  
22.6947  -11.7069  -1.64219  
-10.2072  29.0093  -5.31583  
-9.80433  -27.5407  -3.52355  
-3.03032  26.1973  23.4692  
-3.18424  28.6548  21.689  
25.219  -17.4535  19.5406  
25.182  -19.968  20.8317  
22.4567  8.43556  -10.9561  
22.8279  10.9256  -9.33038  
-26.0371  -26.9716  17.4809  
-28.6923  -28.2628  17.6928  
-25.6246  27.5431  15.9443  
-27.1993  26.0066  14.0019  
5.50723  2.82579  28.3408  
8.25014  4.18181  28.3301  
-21.7251  3.57669  -6.67803  
-19.6928  3.31677  -8.79634  
-28.4928  12.105  -20.491  
-29.2133  12.1137  -17.748  
21.6636  -28.3678  21.2926  
21.594  -26.5817  23.5463  
27.0476  -23.3279  20.4521  
27.1733  -22.1772  17.6502  
15.882  -9.04194  -1.83089  
13.1604  -8.7262  -3.1194  
-4.57364  -28.8187  -3.33693  
-3.80491  -26.2761  -4.52282  
29.3809  27.1757  10.927  
27.2981  25.95  12.4993  
1.06384  -8.33184  28.5516  
1.2073  -7.71735  25.702  
19.1908  6.64675  -29.185  
19.2283  6.81855  26.7676  
-10.3757  -3.09454  -5.01941  
-12.977  -1.69032  -6.74937  
2.58163  14.3352  15.8833  
0.535017  14.5342  18.1459  
22.3495  24.5414  -2.21837  
24.0591  24.325  0.168607  
12.1282  18.6416  -19.6239  
12.1006  21.3959  -20.5659  
0.493963  2.53126  7.50428  
1.88405  3.99834  9.72383  
8.27845  26.4015  -9.99114  
10.9068  25.3248  -9.4393  
-26.0779  1.23639  -5.508  
-28.4565  2.08578  -7.02496  
-4.8566  -3.05163  -10.1195  
-5.68739  -3.80831  -7.39391  
27.7368  -11.3403  -6.02715  
27.6653  -8.91499  -4.29468  
2.29787  27.5775  15.7881  
0.0937459  25.9895  14.1937  
24.3515  -0.423162  -29.2478  
24.3651  1.96241  -27.6159  
4.79976  -3.66104  8.68476  
3.43263  -1.80561  7.05049  
-28.9091  0.277833  -2.91711  
28.7844  -1.89173  -1.45608  
-18.242  10.5232  -6.31627  
-19.8677  8.13138  -7.31229  
-1.47217  -11.9734  -10.5037  
-3.13486  -12.8744  -12.9289  
21.8048  3.47362  20.2487  
22.6461  5.88458  18.7109  
-11.2613  -28.0536  -25.6079  
-11.3183  28.4978  -23.9174  
-17.0649  -23.1814  -21.976  
-18.9918  -24.0741  -24.0867  
9.93717  26.956  27.7747  
12.7981  27.4329  26.5194  
12.8685  -15.0798  -0.814802  
10.4707  -15.5764  -2.4235  
-13.5561  -16.3816  -24.0944  
-14.8584  -16.5017  -21.4323  
-13.73  -9.76945  21.2733  
-11.6509  -10.2926  23.1967  
26.7364  -15.7493  -25.4304  
25.9213  -17.1203  -27.9332  
13.7656  6.8268  28.3955  
12.077  9.37241  28.4818  
8.48623  9.23574  25.4626  
9.05676  11.7132  24.5216  
-20.1993  21.5253  20.8782  
-22.4805  21.1644  22.6091  
-17.8745  -7.1301  6.28214  
-20.6101  -6.0758  6.14874  
-3.73784  27.049  -24.431  
-5.0057  26.6752  -21.7759  
13.6864  9.0083  23.7941  
14.8755  10.8328  21.9367  
-15.8135  15.9478  29.2356  
-14.805  13.7864  -28.1435  
6.8746  5.3786  7.9927  
6.83204  6.31428  10.7957  
-15.7798  25.9395  6.79673  
-13.0682  26.0785  5.87915  
-1.33743  -22.3592  -4.76147  
-2.78125  -22.7032  -2.24804  
12.2356  14.7873  -18.5294  
11.6501  14.2929  -21.3694  
-4.50646  11.4256  18.9921  
-2.7642  10.912  16.879  
-22.6416  18.3111  -28.1009  
-24.3942  17.4532  -25.822  
-21.6971  -22.1455  -21.5397  
-22.5114  -21.5628  -18.8869  
-23.4485  26.5154  6.77459  
-25.401  24.8592  5.5397  
15.7869  -22.3753  -12.384  
15.3319  -19.5272  -11.7745  
22.5186  16.9593  -16.1513  
22.5088  14.7395  -18.0956  
28.6351  26.9287  -19.5534  
27.3703  24.895  -21.4014  
-6.19415  16.1471  3.69406  
-6.84108  17.285  1.01989  
-18.5447  7.268  19.9797  
-19.0878  4.59915  20.8328  
-21.0223  23.3034  5.41159  
-18.6099  22.5505  4.35681  
-28.6026  17.5946  -14.7141  
-29.2543  18.7321  -12.0638  
23.4172  17.4519  27.2033  
22.8235  20.0751  28.2807  
5.9386  -7.00893  18.0683  
5.58715  -9.79396  18.085  
-2.04119  -5.52239  -8.62983  
-0.881746  -7.89207  -7.59879  
12.6101  -20.3192  17.4852  
13.7303  -17.511  17.2924  
-26.9778  -12.9615  -21.2087  
-27.4382  -15.3411  -19.3733  
-11.218  -4.18272  27.7679  
-11.2116  -1.96742  25.7417  
13.3422  -2.93068  -4.34106  
16.2547  -2.98755  -3.47808  
-7.4051  26.3699  28.9495  
-6.07498  24.5152  -27.969  
1.20107  23.4414  17.3601  
-0.223983  21.1749  17.5914  
2.05264  23.4921  -28.9317  
-1.07542  24.7103  -28.9083  
9.78101  -16.7413  23.3027  
8.88959  -15.7101  25.6734  
23.7804  -5.00621  17.4755  
21.9768  -6.02434  19.4265  
-26.8468  -22.2413  6.56812  
-26.1243  -24.9699  6.18707  
13.4163  19.6792  -8.34322  
15.33  18.0521  -9.85643  
8.59818  10.1023  -4.72171  
6.76527  10.2851  -7.10279  
14.966  19.1802  -1.52751  
15.6685  21.0918  0.895527  
8.04624  17.6027  -24.6322  
5.83587  18.3903  -22.9624  
28.0266  -19.7084  -11.1698  
25.0838  -19.9643  -11.6189  
14.3301  11.79  1.83424  
14.0781  10.6647  -0.862654  
15.5562  25.5306  -4.30612  
15.1728  22.8658  -3.10888  
21.3622  -0.788351  -19.1149  
19.476  -1.81701  -21.3082  
-25.1689  20.7281  8.52355  
-24.1149  18.376  10.097  
-17.2067  20.1868  -24.4503  
-19.8087  21.3774  -23.8323  
-25.8602  -16.7782  -6.14479  
-26.4131  -15.4685  -3.59293  
-21.9466  22.2334  -16.8653  
-23.198  24.9193  -16.9815  
7.7426  -6.50818  26.5539  
4.91743  -5.82174  27.5563  
-17.21  -19.779  -11.278  
-15.816  -22.2113  -10.5308  
14.8176  16.8767  24.3361  
14.6201  14.3954  25.7686  
22.6964  -14.0665  -14.2319  
20.7002  -12.2779  -15.4372  
-11.5344  16.1082  -15.6207  
-13.1933  17.4993  -17.9155  
8.25172  8.45915  -0.746042  
7.67781  6.22579  -2.76269  
-2.57775  27.9627  -0.308941  
-4.67568  29.3704  1.11585  
-18.7164  -19.8325  -24.2598  
-17.5382  -17.1855  -24.5949  
-4.73775  -6.53427  5.97412  
-5.66368  -6.04209  3.51515  
27.21  -5.81403  -0.353685  
-29.2515  -5.78747  -2.15846  
-23.2636  10.3785  -26.3026  
-23.4488  12.5095  -28.3738  
0.998445  25.6487  -6.27643  
0.359159  28.0847  -7.94957  
26.2257  3.61537  -22.4226  
28.8403  2.39  -21.5315  
20.2951  -7.41873  -15.4505  
21.7397  -8.77243  -17.6404  
2.60691  1.03681  -24.4239  
5.48189  0.615913  -24.5823  
-1.24405  -29.199  -15.8977  
-1.9346  -27.3483  -18.0305  
23.7019  0.680978  1.28198  
20.8525  0.64264  1.98905  
-5.18987  -22.9033  -23.0579  
-4.03219  -24.8745  -21.4783  
21.2013  -27.8829  -6.36424  
21.5396  28.352  -5.12485  
7.18446  -17.2917  19.0981  
10.0315  -17.9206  19.0834  
28.8984  -22.2626  13.9896  
-28.6021  -20.0917  15.3149  
-4.71292  -9.23077  13.7839  
-5.60699  -6.74483  12.6877  
8.35287  3.47215  -6.40073  
5.8817  5.09706  -6.30248  
-10.1913  15.5603  -24.0684  
-11.2716  14.0499  -21.757  
-25.6757  -8.61087  -1.35367  
-25.8817  -6.5031  0.628448  
10.3366  29.1656  10.0922  
7.10904  -29.0432  9.77293  
17.0468  21.1532  25.3838  
16.8585  20.5116  22.5225  
1.82671  -1.07212  -0.812333  
0.530556  -3.34503  0.527082  
-1.71467  -27.3168  -9.70379  
-3.1247  -28.6741  -7.60071  
24.2547  24.2009  -5.84879  
21.4873  24.535  -6.68264  
-9.47904  22.9233  -15.9921  
-8.29663  24.6808  -17.8973  
-28.666  -18.2828  24.3484  
27.8033  -17.3459  23.0472  
18.1153  18.7535  -21.1965  
20.1597  18.3584  -19.1763  
-27.8411  -9.45996  6.93302  
-28.49  -11.5639  8.74505  
25.6101  19.0033  -27.7772  
28.231  18.051  -27.4232  
22.1439  -28.3932  -17.128  
23.1881  -27.0988  -19.5547  
13.157  -19.345  -1.4314  
15.7373  -20.6266  -2.14711  
12.3561  26.2714  2.67612  
10.7874  25.2296  4.85237  
-28.4041  11.535  27.108  
-27.2056  11.5563  -29.072  
-11.9664  -12.3467  26.9464  
-9.08347  -12.0976  26.3715  
15.7132  17.5715  -5.42782  
17.9398  18.3286  -3.78227  
15.2805  16.1071  -22.232  
17.3607  15.7981  -24.3399  
26.9974  -24.6481  11.2109  
29.2777  -26.446  11.0753  
13.3519  26.2799  -15.742  
15.8477  24.9772  -16.2419  
-2.74908  24.8932  18.1735  
-5.26212  24.9284  16.9341  
2.7729  8.4411  -6.05629  
2.88567  6.8462  -8.48561  
-1.81339  16.14  -9.35909  
-1.62301  18.738  -8.28728  
0.685741  6.64876  24.3606  
-0.39993  6.22752  21.5781  
-16.8384  -18.4255  14.5559  
-15.9685  -18.4163  17.3667  
13.785  -11.0607  26.3619  
13.538  -13.2052  24.6094  
-18.3361  24.6025  -17.0987  
-15.7137  23.5478  -17.7766  
-3.77864  0.778482  12.9204  
-2.48441  -1.76887  13.443  
-24.8118  -27.262  -22.3159  
-24.2977  -25.2637  -20.3248  
17.5983  -23.7049  -23.0121  
18.9234  -25.3365  -25.1856  
19.3111  -14.9034  -1.56637  
20.6472  -14.5738  -4.1244  
-22.6869  -21.5781  -15.1859  
-20.2205  -23.0799  -15.7703  
13.2539  -27.5755  26.2407  
13.8842  -28.0457  29.2674  
2.3303  -7.50548  -13.6485  
0.283534  -6.64419  -11.7507  
-4.14932  10.1421  -3.61998  
-2.61112  11.9583  -1.93943  
-8.7731  24.8236  -5.82633  
-8.36934  26.6007  -8.20791  
5.23959  -22.1845  27.6536  
5.45962  -21.4455  24.7174  
15.8903  -3.36498  -10.4648  
15.088  -1.81743  -12.894  
10.6261  -5.7753  16.6151  
11.7839  -3.44305  15.0842  
-20.9054  19.3178  -8.51607  
-19.7025  16.6728  -8.95568  
-1.74374  22.363  24.3542  
-4.53782  22.8032  25.6857  
11.4692  6.75884  17.1009  
13.4594  7.7082  18.9902  
14.2122  23.5392  27.8356  
14.7062  20.9107  29.314  
17.1489  9.81408  13.3738  
15.795  8.19905  15.8342  
8.81849  -16.0866  -8.69479  
9.91798  -15.2456  -11.279  
11.2434  28.9223  -26.3632  
13.5512  29.3209  -24.8858  
-22.0532  6.62778  17.3029  
-24.5848  6.84701  15.6027  
11.8003  2.54516  26.2758  
12.2007  1.85947  29.106  
14.6698  -6.26311  -19.1228  
14.5057  -3.75114  -20.5066  
20.0221  -19.9973  -8.94753  
20.0334  -17.3466  -7.70316  
-29.2773  26.3134  27.8069  
-28.4418  24.1885  26.0269  
-19.1904  -13.6215  7.58667  
-17.9568  -16.0699  8.63884  
-14.8105  -27.0053  -11.7056  
-13.4008  -25.1126  -13.4978  
-13.0987  -16.5756  -2.31877  
-13.1037  -16.5433  -5.28319  
-4.97279  -24.0437  22.1502  
-5.70999  -22.8976  19.5235  
-12.5877  -24.7402  -9.15603  
-11.3326  -25.9697  -6.82242  
-8.34946  20.7757  -4.76362  
-5.87526  21.9835  -4.95489  
-26.9635  -9.79558  -6.31386  
-25.1701  -7.74512  -6.99777  
4.12502  19.9564  10.1334  
1.65246  21.109  11.0232  
-3.25152  9.21528  -14.3549  
-6.18107  8.88405  -14.5018  
-6.46882  23.4771  -24.1369  
-7.74177  21.0682  -23.448  
-6.17538  25.59  0.315977  
-7.12035  23.0271  -0.700992  
-6.75347  19.9395  4.49456  
-8.11619  19.9055  7.25672  
17.0088  -19.0355  -15.9029  
19.0114  -16.9552  -16.3427  
-14.5318  -21.7606  19.534  
-15.3282  -19.7444  21.4788  
18.6613  14.4085  -3.44906  
18.7742  11.5521  -3.48451  
8.52657  -9.00491  21.6337  
10.5651  -9.87036  23.2825  
-21.31  -19.3103  23.2294  
-21.6513  -21.6476  21.4182  
6.91798  -4.50841  0.197133  
7.94194  -7.07143  1.03127  
-20.4461  0.764429  3.74803  
-22.4571  1.79722  5.52184  
-11.5445  27.1127  -19.9532  
-13.0843  -29.4036  -19.9588  
-10.0916  9.77439  -10.685  
-12.1141  8.61556  -9.13085  
18.242  0.62143  -10.2028  
19.0579  3.49155  -10.4368  
24.002  7.61129  -6.82667  
24.3133  4.82036  -6.0729  
-22.1915  13.8011  -3.46646  
-22.2534  11.4342  -5.19817  
-7.3891  -5.66525  -14.804  
-6.15946  -3.00307  -15.0836  
7.48762  14.6648  -5.24538  
7.99311  15.7388  -2.63976  
-1.90275  -18.5141  -7.2108  
0.929043  -19.0854  -6.55589  
-26.3798  7.52038  10.8245  
-27.3386  9.3516  12.8856  
-23.3012  6.52068  2.41342  
-24.3099  9.22003  2.95106  
-7.89162  7.70353  21.6072  
-7.62085  5.82827  19.2794  
-0.557693  -3.73502  -28.5834  
1.12089  -1.47316  29.2163  
-11.7965  29.0833  20.3438  
-9.2125  -28.4973  19.6723  
-13.4605  -24.3439  -19.3928  
-14.0091  -21.5925  -20.0403  
14.9307  23.0531  4.6394  
16.4524  21.5275  6.44144  
25.7167  -2.00868  9.90509  
24.0695  -2.28067  7.49247  
16.6815  -13.507  1.28864  
16.7443  -16.6267  1.67265  
15.7071  4.11295  -17.0321  
16.0256  6.99453  -17.149  
-28.7474  22.5982  -10.7812  
-26.5913  20.9375  -9.7031  
26.257  -26.5753  17.6552  
27.3175  -27.0974  15.0153  
-17.6164  0.722596  -22.4838  
-14.7829  0.384904  -23.1445  
0.0378977  0.614681  23.4611  
2.1913  0.615384  21.6575  
14.4542  -8.15671  -25.0745  
16.7477  -7.85132  -26.629  
29.1671  -1.95497  12.1528  
28.7986  -4.8698  11.9724  
-13.6057  -2.34396  -26.0336  
-13.3422  0.566435  -26.8273  
10.8771  -9.67022  -29.0093  
12.6334  -7.61541  29.1061  
27.0685  2.7398  2.89598  
27.4447  1.65265  0.231735  
6.47123  21.5047  27.1791  
5.98396  18.6964  27.3596  
0.281189  25.2747  -14.094  
-0.709613  23.6502  -16.197  
24.7499  -1.60974  -16.4027  
23.1724  0.892531  -15.8883  
-22.7935  27.5164  -0.259804  
-24.3452  27.7682  2.14808  
20.8358  21.8221  -22.0187  
20.9714  24.6985  -22.5826  
18.5451  7.75502  -11.6513  
18.1896  5.89999  -13.7548  
29.255  26.4628  -10.9098  
-28.1435  25.8967  -13.4119  
-5.42475  11.4237  23.5861  
-8.10922  11.1981  24.6692  
4.41523  -12.8298  21.0682  
4.4659  -13.8158  18.1719  
22.2411  -7.56233  -9.03209  
22.2655  -5.59466  -11.1414  
-1.48211  -24.7621  13.4007  
-1.06906  -27.2278  11.5438  
26.1308  12.3839  -19.7176  
24.0697  12.7229  -21.7673  
-8.68102  -22.029  4.86749  
-8.73345  -21.2445  7.60987  
-15.2995  4.83116  -23.3534  
-14.8806  5.35892  -26.1385  
28.9439  9.14637  6.16322  
28.4753  11.9683  5.99814  
-1.4161  -19.9686  10.5828  
-2.14798  -20.4429  7.69733  
4.20217  12.1488  -12.1165  
4.15222  9.72557  -10.5525  
1.45172  -21.7602  -12.6663  
1.71743  -20.6999  -15.3985  
5.61601  -25.6342  -22.8317  
6.29411  -22.851  -22.2414  
-8.00299  -19.4366  -11.4459  
-9.04106  -16.6052  -11.4885  
27.9241  5.52438  -1.07112  
26.9256  6.96969  -3.50169  
11.2681  -19.0544  27.1435  
13.1995  -20.7462  28.6842  
0.168972  22.4553  -20.096  
-1.67457  24.6931  -20.6743  
13.747  -14.2869  -11.4032  
12.3036  -11.7449  -10.9856  
-12.7027  -10.0865  13.3693  
-13.662  -8.36685  11.1488  
22.0906  -10.3381  -28.1612  
23.9599  -8.54467  29.3858  
25.71  -10.102  23.3745  
24.349  -10.3951  20.5906  
-13.5038  23.6174  13.777  
-15.1638  25.0729  11.8797  
-16.3467  0.465264  -9.99352  
-16.4547  1.37631  -7.174  
-15.1562  10.0972  10.04  
-13.2107  10.7285  11.857  
-26.2978  -19.1612  -9.93297  
-26.7673  -22.1083  -9.78055  
6.4162  -13.2855  3.99798  
3.80047  -12.7175  5.40533  
-7.03009  -4.33758  -26.9492  
-7.21208  -5.88771  -24.5033  
6.23753  -8.52272  -20.3682  
4.00433  -8.33984  -22.0354  
-3.98278  23.5104  3.21181  
-2.39579  23.3054  5.53815  
3.06447  -2.09539  -6.77869  
1.94817  -4.29505  -8.34888  
-28.9421  -8.24795  13.39  
-28.4197  -8.23261  10.6121  
22.8397  1.77639  -8.61302  
24.7671  0.282677  -7.08213  
-5.63829  1.01314  20.5469  
-5.288  -0.868276  18.3669  
17.2905  10.8677  -18.1861  
16.974  9.63868  -20.9106  
-14.0895  19.3042  24.1801  
-12.9863  16.6877  23.0856  
-6.6606  -6.73213  -10.8869  
-6.08948  -9.29533  -12.0079  
-7.36355  -2.90514  3.88658  
-9.17796  -1.44897  1.76254  
4.88038  9.98077  -19.1421  
2.11246  10.1093  -19.7429  
21.7707  24.5944  15.2695  
20.3441  22.7574  13.5859  
-13.3845  4.84169  -10.6103  
-15.3061  6.43747  -11.9812  
-5.60885  -2.3727  7.10636  
-4.7379  -0.717823  9.7068  
13.4278  -18.1188  -8.47011  
16.2926  -17.6221  -8.52939  
10.955  6.96758  -12.4178  
13.3738  5.6038  -13.1173  
10.2623  28.7414  -0.519874  
12.8651  27.6122  -1.50237  
-29.1156  -3.47074  20.2539  
-27.8403  -5.75109  21.5425  
-19.8308  -8.85753  -23.3506  
-22.2824  -9.73231  -24.7991  
-28.6242  -16.5643  2.49668  
-26.2855  -17.7649  1.21895  
-13.6884  22.815  -10.13  
-11.4763  23.8025  -8.41843  
6.14677  6.31096  -27.6235  
5.6283  9.03815  -26.8809  
-16.6648  -25.2332  5.22283  
-17.7729  -25.2131  7.90943  
19.1652  -13.6176  11.2274  
17.0957  -11.7761  11.3126  
-7.09441  3.44229  23.4331  
-8.6052  0.977456  23.9457  
10.9595  5.56831  -23.4365  
8.4039  6.87583  -24.3586  
-23.5775  27.1603  11.5383  
-20.7832  27.0976  10.6665  
-28.5705  -7.78997  -18.8021  
27.4111  -8.39944  -18.8289  
-26.7652  12.6215  23.6589  
-27.2049  9.71471  23.0354  
18.3995  14.4095  -16.144  
17.4165  12.4596  -14.1872  
-3.76241  25.2535  9.19117  
-0.946155  25.6762  9.81606  
25.9546  24.3428  -17.0471  
26.5297  24.5044  -14.2223  
-9.64263  -7.01157  22.2323  
-8.95323  -4.81145  23.9853  
0.0785702  15.5196  -2.296  
0.231153  13.9032  0.125956  
-18.4532  26.6224  -28.7656  
-21.346  26.6439  -29.4238  
-27.3944  -0.262826  1.43703  
-25.0252  0.36953  3.10505  
26.8035  -1.29861  17.8166  
27.1748  -3.12253  15.6083  
-7.60649  -29.1278  27.0654  
-4.91418  29.3693  25.7807  
-26.848  -3.65806  3.99708  
-28.7921  -5.70956  4.11079  
0.154404  4.02596  -25.7971  
2.56179  5.54407  -25.7576  
-15.3351  28.3715  -9.34185  
-13.8743  28.2464  -11.9353  
25.5164  11.8233  18.4947  
24.1371  10.0277  16.6498  
16.6711  18.792  18.6346  
15.1717  21.2848  18.4828  
27.0591  28.3247  -27.5803  
27.1916  25.4696  -26.8866  
16.72  -17.2274  10.8233  
19.1162  -19.2961  11.1386  
-15.7839  17.0951  -14.818  
-17.5412  16.3597  -12.6605  
-12.4283  24.9545  26.0744  
-14.9537  23.5285  25.6009  
-10.5965  11.5116  15.2397  
-9.12524  8.87741  16.1681  
-25.8954  -19.5699  -2.34884  
-25.5445  -22.076  -0.756058  
-18.953  -5.44359  2.00537  
-17.0518  -5.62125  -0.136374  
-7.34038  -13.832  -20.8406  
-8.48647  -12.2613  -18.7771  
-20.2807  -15.8753  25.5301  
-17.9485  -17.1244  24.5052  
-1.9885  2.97335  18.2581  
-0.551072  4.88742  16.5612  
6.74441  -22.0405  12.636  
5.23032  -22.6395  15.1083  
1.7017  -20.5694  8.528  
3.72798  -21.6375  10.3185  
-20.8336  -19.5001  2.74693  
-19.0043  -18.3036  4.50344  
2.60104  -27.507  -24.8498  
3.33025  -29.291  -22.6849  
0.121954  -12.8234  -2.2725  
-2.13953  -14.5196  -2.43279  
-21.7355  -0.825191  -21.9761  
-20.8387  -1.23911  -24.6322  
14.3607  18.4758  8.82822  
17.0243  18.9286  9.91185  
17.485  -26.5187  26.1469  
18.3328  -23.9099  27.005  
-10.8031  9.48988  5.01093  
-12.4515  11.6872  4.08662  
17.7216  -27.1125  15.5212  
20.241  -27.7453  14.0463  
0.294063  -5.54337  -21.9566  
-0.269651  -8.18592  -20.9718  
-29.1958  -9.39629  21.4884  
-26.9185  -9.3083  23.2518  
23.7329  14.4854  14.6518  
23.657  17.2058  13.6304  
-15.6904  8.74928  15.0047  
-16.5063  6.30418  16.3794  
-20.0203  -25.7719  0.896686  
-18.8526  -26.9218  -1.58309  
18.4768  -0.302007  -28.7216  
20.6974  -0.502768  -26.8335  
-23.0499  9.36604  -17.9172  
-25.283  8.38465  -16.4337  
-23.0251  20.3636  -11.8599  
-22.6924  22.7814  -10.3079  
24.8371  15.3688  -25.7857  
24.7283  12.4016  -26.1057  
-17.0187  28.9815  -5.33192  
-14.0797  28.9986  -5.08932  
-1.76411  22.0197  -5.90519  
-3.45258  22.2033  -8.3957  
14.7628  18.3916  -26.0132  
12.9763  20.6152  -26.1802  
20.9408  -2.06972  -1.15659  
21.7073  -2.83723  -3.95013  
0.890358  -25.6851  27.6388  
1.51311  -23.3317  25.9873  
-8.56636  -19.5989  19.5486  
-7.83111  -19.9918  16.7058  
-6.43345  -4.608  -3.39343  
-6.09887  -1.79081  -3.46996  
-7.10892  2.11672  -26.5295  
-6.71855  2.8617  -23.7529  
-26.4329  -14.7189  10.8275  
-28.6135  -13.6525  12.4638  
22.1085  -23.1297  4.02339  
19.656  -22.1816  5.0881  
25.0004  24.7969  20.9667  
26.2881  27.2027  20.2707  
-8.38337  1.92646  3.78559  
-7.27574  4.26868  4.60682  
-8.71307  -23.044  -8.94969  
-6.55114  -23.4793  -10.8026  
-5.05828  8.38501  26.5275  
-5.23981  5.96382  28.6444  
15.9698  -0.202568  7.97246  
15.6094  2.70977  7.97996  
0.668915  -13.7262  -6.72802  
2.22963  -13.6289  -9.3057  
2.63977  25.6469  -21.1388  
4.95688  26.975  -20.1766  
12.2908  -10.5142  19.5786  
10.3588  -11.8813  17.6975  
-24.5517  -11.0672  26.5562  
-24.7495  -8.16021  26.5649  
-11.5599  -0.00750032  -18.2208  
-9.57223  -2.15786  -17.3139  
-26.6967  -0.354164  14.2641  
-28.3441  1.63191  12.8666  
22.6256  -23.1342  18.4864  
20.4617  -24.622  17.1475  
2.10323  22.2025  -24.523  
0.435014  19.8274  -23.699  
-9.17587  2.8205  -10.9575  
-10.386  2.22141  -8.35815  
-9.24583  -15.5342  -3.72408  
-6.59065  -15.4223  -5.05507  
12.1267  -14.2449  5.72642  
12.3623  -11.8235  7.51191  
26.6655  -21.3597  -5.37503  
25.7515  -23.0333  -3.23148  
-11.124  15.7082  -7.60344  
-11.6564  12.8896  -8.591  
-26.5501  -21.3155  -13.2752  
-26.5458  -21.039  -16.1653  
8.44113  24.4803  -1.1579  
5.79972  25.3889  -1.8449  
16.417  8.61755  -25.2453  
14.7849  10.6482  -24.3209  
9.1035  0.00404378  10.1866  
11.0048  -0.555981  11.9209  
15.8449  1.41243  27.1439  
18.6711  1.36471  26.1594  
-11.7426  -10.2106  -20.5535  
-9.95682  -8.10619  -19.8374  
-26.9769  17.6917  -28.9905  
-28.7959  15.5576  28.9683  
-25.4432  9.1488  -4.51017  
-27.5091  7.10326  -4.00409  
4.47721  -25.3565  17.8878  
7.25739  -24.9855  17.2913  
27.2895  23.1587  17.6314  
27.3723  20.4066  18.4946  
-16.899  19.1746  17.7418  
-15.0884  18.1392  19.733  
-2.9736  23.2326  -12.5825  
-5.70466  22.1639  -12.0353  
-1.53039  -25.2063  20.3721  
0.380972  -25.5898  22.4736  
27.8974  -4.63038  -16.9123  
28.6928  -1.90596  -17.3882  
-0.307321  -16.883  24.266  
-1.51154  -15.5966  22.0051  
23.7457  -10.7537  -20.4861  
23.6479  -7.96905  -21.4523  
15.1593  8.41494  -4.049  
14.7796  11.0569  -5.24963  
-25.6067  -20.7171  26.936  
-24.8259  -21.116  24.1226  
-20.923  -5.10117  19.4795  
-23.7594  -6.0996  19.7408  
7.61498  -16.8401  6.91969  
6.08674  -18.7503  8.62812  
-15.399  22.4503  -3.97318  
-15.3577  25.4271  -3.95759  
27.7793  3.20266  16.2691  
25.9864  3.25335  18.6045  
-7.30293  19.1112  26.4805  
-9.53292  17.488  25.7044  
-0.277797  8.94371  -2.65072  
2.30763  7.33471  -1.84004  
-1.77922  21.4799  11.8155  
-2.26119  19.4139  13.6896  
20.6374  29.0179  -20.7415  
20.1972  28.8241  -23.6497  
0.819452  8.47971  12.7371  
2.15426  7.83956  15.3099  
27.4997  1.29959  7.00143  
-29.0119  1.19827  5.2658  
-10.9771  14.1983  8.31242  
-12.5824  16.1812  9.51273  
-14.7554  -29.0701  4.50418  
-15.7059  -27.5036  2.19079  
11.9117  -20.891  -12.9913  
9.7457  -19.2709  -11.7598  
-5.24585  3.95304  -10.3013  
-5.67261  4.98996  -12.8913  
12.9764  16.9255  18.0256  
10.1515  17.3146  17.7064  
18.5646  22.4332  -29.0479  
20.5153  22.9668  -26.7646  
-22.418  -0.153536  -3.88819  
-22.8326  2.45958  -2.60096  
26.512  -1.18872  -25.3847  
26.2762  -3.70429  -24.04  
-26.0503  7.11305  6.04638  
-28.2344  5.39615  6.94924  
23.9619  13.4318  24.7787  
21.5921  12.8272  26.1803  
-3.29962  -8.70288  9.6124  
-1.20492  -8.26341  7.45363  
-23.4881  -21.7742  10.8624  
-22.5884  -23.5676  12.9704  
8.25805  8.21698  -17.482  
8.22839  7.43215  -20.4065  
-9.01006  19.1422  -13.0958  
-9.97093  21.3796  -11.5188  
-29.1828  21.9523  6.4768  
-28.618  23.5822  8.84  
-21.602  23.8592  -20.8736  
-22.7921  23.7907  -23.5632  
-20.8333  5.91774  -1.04428  
-23.5386  6.41217  -2.11677  
-5.03161  0.591849  -12.8588  
-2.85249  -0.695278  -14.3985  
22.4367  -3.27738  24.0699  
19.7668  -4.47927  23.3914  
-27.1578  15.5377  -7.40285  
-25.754  14.705  -5.12006  
16.432  -25.6441  8.55436  
15.9458  -28.4701  8.13434  
-3.74099  -26.3709  -14.4847  
-5.07799  -23.8361  -14.6866  
-3.63497  -6.75602  -17.41  
-1.1244  -7.13633  -16.0993  
23.0818  -18.8332  14.2764  
21.2992  -20.9199  15.0394  
-0.891085  -19.6738  15.7696  
-1.4065  -17.5648  13.8954  
17.2176  0.835906  -19.3698  
14.7058  0.426184  -17.7952  
-0.744877  -22.5104  -9.35559  
-1.8679  -24.0107  -11.7079  
-28.6938  9.58416  -13.6795  
-29.1852  7.983  -15.9429  
-5.86093  3.4107  16.6917  
-7.81257  4.48474  14.7511  
-9.71799  24.4705  2.78168  
-10.2705  22.9049  5.03752  
-13.6795  4.35753  3.22112  
-15.7948  4.17986  0.856724  
-29.1766  2.97113  20.872  
-27.4252  4.77749  22.3164  
-15.8357  9.76548  -25.1495  
-17.6091  12.1281  -24.2462  
9.33893  -25.2059  10.6643  
11.1214  -22.992  9.97128  
15.876  -21.7988  10.3418  
15.0588  -23.9957  12.1464  
22.4525  28.8951  8.11199  
21.712  27.4754  5.63391  
13.3354  6.7049  9.03052  
13.9151  6.51494  6.26398  
21.2314  -24.0688  -17.3279  
20.4505  -21.194  -17.0525  
9.96687  13.1586  19.1593  
10.7084  10.9411  20.7897  
-26.2926  -10.4606  -24.9992  
-24.7539  -12.8503  -24.8854  
-9.96353  -14.3713  12.8153  
-7.83463  -16.2393  12.3013  
-27.2774  8.61627  -23.2885  
-26.1505  8.63968  -20.5377  
1.87451  22.8991  22.4755  
3.21475  21.6541  24.5626  
10.5085  -5.919  11.7887  
9.95592  -7.38041  9.33646  
4.42907  -10.7514  -14.7057  
6.15619  -8.50366  -15.2248  
9.80516  -26.588  0.207059  
7.34729  -28.038  0.589789  
-17.6604  -5.78991  -13.5557  
-19.1483  -4.13564  -11.581  
14.3288  -7.41791  13.355  
15.8883  -9.04484  14.865  
1.22532  11.0625  3.47567  
2.39289  13.8048  3.55936  
-1.25258  7.19069  -20.5514  
-0.0994848  7.63003  -23.1873  
17.8467  13.3334  28.917  
16.7138  10.8591  27.6935  
-4.48734  -28.5244  -27.7848  
-4.83728  -26.6075  -25.3774  
7.35238  26.9715  -16.4623  
6.75386  -29.3047  -17.4336  
-17.13  -12.0443  29.3682  
-19.1208  -10.3598  -27.9302  
-11.4041  -18.7281  5.23026  
-13.3231  -17.2039  3.52862  
14.4584  -25.9594  1.59953  
13.3166  -23.4991  0.27231  
-5.34806  -27.1997  12.0185  
-7.12123  -27.5958  14.1546  
-0.117692  25.2111  1.58766  
1.96837  27.1568  0.820013  
-19.4725  -28.8038  -23.9393  
-19.894  27.4281  -22.6276  
-19.065  18.8124  -27.4599  
-18.9008  19.5311  28.5012  
-15.973  -18.0259  0.386889  
-16.0473  -15.0554  0.204038  
-19.1123  -21.4243  12.015  
-17.0833  -20.029  10.4434  
-0.0383064  17.0522  21.3502  
-2.93953  17.0136  20.7912  
-10.7528  22.5772  16.7341  
-13.405  21.2734  17.3831  
-19.0307  -11.8778  -14.004  
-21.7168  -12.8679  -13.0202  
-16.5449  -5.34559  26.5021  
-17.6522  -7.47229  28.1406  
22.8412  -19.6002  -28.4862  
23.1863  -18.6604  27.5841  
-15.0018  -23.0065  13.0955  
-13.3073  -24.3906  15.1067  
9.68305  -1.25446  -4.05891  
10.7153  -0.422026  -6.60757  
-21.1503  13.179  -18.8909  
-22.9212  13.1632  -16.5104  
-24.8406  -8.93472  -21.1453  
-24.3654  -7.91474  -18.322  
10.6126  -1.06153  -26.7998  
12.9612  0.67278  -26.0414  
1.36592  -5.303  13.553  
-1.58193  -5.9685  13.7116  
-10.6661  -9.39711  -29.2341  
-9.23417  -7.64134  -27.2509  
26.9487  -7.9815  17.907  
25.4871  -8.48295  15.0857  
10.6598  -18.5996  -18.8759  
9.5439  -18.9908  -16.198  
27.4732  -11.1764  5.41426  
26.8236  -13.2159  3.44384  
8.06872  2.11676  -15.0144  
10.2912  2.94723  -13.289  
-16.5957  7.6085  -1.29501  
-16.7331  5.23691  -2.90832  
8.75447  -4.49027  -25.5398  
7.62045  -4.20282  -28.2798  
-26.7701  26.1574  -1.38435  
-28.4172  25.6066  -3.71419  
-14.9015  -27.8264  24.4372  
-12.1329  -27.3219  23.7495  
-24.6756  28.1384  -14.6123  
-26.5708  27.8219  -16.6791  
9.34547  -25.4641  23.7789  
10.7486  -27.7741  22.4868  
26.3902  -15.1513  -7.02391  
25.9797  -13.5507  -9.42766  
-25.5363  -3.26876  -11.7752  
-26.4802  -1.51711  -13.7553  
6.05242  0.0796733  17.4883  
8.47172  -1.0966  16.5858  
-15.2528  1.81009  16.7067  
-18.2197  2.25778  17.2524  
-1.77176  0.088724  -26.5359  
-3.35914  2.08942  -25.1554  
26.315  20.6343  14.1681  
24.5655  21.1342  11.8791  
-24.8746  -16.3559  -28.2312  
-26.5285  -14.0295  -29.0519  
25.7899  -2.22742  26.287  
24.7487  0.42396  25.5424  
9.28555  0.521614  20.8366  
9.18297  2.8292  22.645  
10.4063  22.2619  -7.16897  
13.1948  23.2358  -6.68819  
7.78045  -6.84107  5.43456  
6.82957  -9.25856  6.19867  
-14.1879  18.048  -2.61619  
-14.226  19.0396  0.185188  
27.6001  -27.3973  -11.9678  
25.2785  -29.1825  -12.1158  
-9.33637  28.198  -12.7728  
-10.7021  26.9421  -15.0458  
24.9615  4.25018  23.354  
27.6522  3.25666  24.1751  
22.21  16.9786  7.84526  
21.5314  17.8656  5.18268  
10.8973  -10.0802  3.23945  
12.3802  -8.89977  0.757235  
7.0791  25.3658  7.17018  
7.02986  23.5095  4.92663  
19.8517  -27.66  9.76158  
22.3088  -26.3518  10.5902  
-2.20692  -12.2269  7.13317  
-3.35985  -14.8895  6.68851  
6.66375  -11.1876  24.4317  
3.86507  -11.9879  25.9267  
-16.4694  10.6977  -19.552  
-17.9399  8.90512  -17.8822  
-22.1984  26.5348  -7.37457  
-22.5547  26.0949  -4.51109  
-15.8723  -9.66509  -0.641834  
-14.5195  -8.36964  -2.88215  
8.13711  3.07409  4.30339  
9.11757  5.60657  3.6484  
-18.1188  -26.8981  -16.4978  
-17.5862  -25.5634  -14.0259  
5.04225  14.2992  12.7852  
2.54466  15.6481  11.6478  
-24.0768  6.8209  23.2965  
-24.7642  6.65499  20.3521  
6.73389  23.9116  -28.0568  
6.2097  25.4185  28.2593  
-11.1961  10.211  -1.33314  
-9.36387  10.3482  0.842923  
10.8379  13.3274  0.22833  
8.12431  13.1601  0.79897  
21.5763  -22.1609  -12.9697  
22.1853  -23.2772  -10.3019  
-19.0259  -29.4103  22.5045  
-18.9348  -27.4469  24.6845  
-26.3262  -25.8177  -8.09282  
-23.717  -24.5165  -8.53508  
4.70569  2.7005  12.2166  
3.88377  -0.0404462  10.8971  
-28.1269  -24.8676  -14.5496  
28.145  -24.4285  -15.4847  
-4.06252  10.2064  -23.0991  
-7.05143  9.68655  -23.023  
-10.0642  7.00362  -20.138  
-11.6898  5.58849  -18.0357  
-22.9963  -3.04383  8.31007  
-24.6603  -5.28479  7.27141  
-28.4693  12.3818  -10.2257  
-28.4497  15.0407  -11.5018  
-22.9195  19.9472  -0.418908  
-21.2377  19.8794  1.99996  
-18.5537  -7.71953  -8.7882  
-16.1536  -9.0226  -7.41945  
1.32802  17.9824  3.40255  
3.77556  17.9815  4.78225  
-23.2608  14.5425  25.2283  
-23.5182  14.1413  22.3322  
2.72829  3.19536  -10.2442  
1.40662  5.15711  -11.9296  
-22.1746  -12.9519  4.81195  
-20.3699  -10.4115  4.8566  
4.47674  -11.0793  -5.88435  
6.8185  -9.2844  -4.90433  
17.3513  -6.45708  3.6019  
16.8  -4.62971  5.90044  
-5.44391  -0.230307  0.510846  
-2.7973  -0.646435  -0.496855  
2.90259  3.69967  0.589931  
5.21436  4.958  1.17236  
-5.26769  -9.73422  -6.78361  
-3.03566  -10.9079  -5.2007  
-29.2932  -27.7354  -17.216  
-27.4033  -28.0746  -19.4607  
8.55123  18.4377  13.7768  
5.73392  18.6748  14.895  
-29.0835  -23.1434  23.9965  
28.2059  -25.6647  23.3466  
-23.1712  13.3461  9.8998  
-22.3006  11.4823  7.82283  
22.5101  -15.1334  25.7847  
23.1853  -17.3438  23.6041  
-22.0698  -20.068  -2.1184  
-19.138  -20.3894  -2.09307  
4.30954  -19.7854  0.605607  
2.58167  -17.4071  1.24901  
10.2456  -8.05586  -9.68907  
11.1401  -9.54539  -7.51275  
-22.7017  -1.61743  -14.4779  
-19.8859  -1.87149  -15.0731  
-2.331  2.54483  -2.9016  
-0.370953  4.75494  -3.61261  
-8.33921  -24.5182  11.1844  
-10.8384  -23.177  11.5535  
-8.27896  -12.0207  -5.68493  
-9.11587  -11.872  -8.39666  
14.2147  -29.2716  -5.38942  
16.9001  29.2823  -4.44579  
-19.9979  -14.1583  -17.4944  
-20.5932  -14.886  -20.2894  
26.8107  17.9096  -22.8464  
27.9391  16.2339  -20.5487  
25.6177  -23.7202  1.49548  
22.944  -24.019  0.200207  
-14.8671  -15.6424  27.2487  
-13.8399  -14.887  -29.0138  
3.18403  8.13497  20.792  
5.4873  9.64487  20.1399  
-15.0814  -26.6095  11.3848  
-14.8883  -28.6255  9.0226  
-15.0652  4.92675  -6.81963  
-13.2085  3.46652  -5.08851  
5.36056  -5.86327  12.4802  
4.15825  -8.07755  10.7863  
14.0824  -4.73622  9.46791  
17.1742  -4.60677  9.98345  
1.72785  1.50833  17.8082  
2.48396  -0.674642  15.8157  
22.7417  -13.778  -7.532  
20.0634  -12.5529  -7.79273  
9.52074  -7.92148  -17.1458  
8.44347  -5.16147  -17.6389  
-16.5022  13.9789  11.4719  
-16.3718  16.4562  12.8981  
5.20279  -1.40766  27.2011  
3.26112  0.562425  25.8007  
22.8512  7.07612  14.4559  
20.6001  8.15471  16.0195  
-14.799  13.8553  -6.56113  
-16.9771  14.336  -4.63686  
-9.86841  -15.8964  -26.0447  
-11.1271  -18.325  -27.2091  
-22.775  -2.09725  -18.3338  
-24.0412  -4.21365  -19.9933  
-16.3729  3.07875  28.738  
-13.9383  4.75975  28.7338  
-29.2967  -29.2935  7.43183  
-26.8445  -28.3833  8.85208  
22.3337  17.8969  -1.34138  
21.5612  20.7867  -1.09927  
-11.4413  -9.1394  -6.51615  
-12.6535  -6.45585  -6.06575  
16.8651  27.4732  -21.9438  
14.6388  27.3685  -20.0022  
17.8381  19.2467  3.59101  
19.5115  18.0225  1.36813  
26.653  14.9775  21.6903  
27.6829  12.4148  22.5111  
-1.69254  -15.0261  -19.2122  
-2.26079  -15.2364  -22.3581  
1.04626  28.6609  23.9755  
1.87164  27.2539  26.675  
-19.6053  -11.7117  14.8596  
-19.2744  -11.8496  12.0029  
-7.01381  -4.33958  16.5364  
-7.17589  -4.55339  19.4553  
-15.2547  -9.30007  -14.3865  
-17.2662  -8.92018  -16.5223  
23.7679  7.05133  10.0613  
22.8547  4.57163  11.226  
-26.7619  19.0204  -18.4401  
-26.7708  16.2071  -18.0721  
-0.817622  -1.59255  -19.6135  
-1.23654  -1.23392  -22.4409  
-26.8657  28.0575  23.8882  
-26.5918  -29.1259  21.4037  
-19.8129  -26.4178  -27.7597  
-22.1007  -26.4917  -25.9838  
1.63281  1.09075  -4.16906  
4.46263  1.3113  -4.40402  
11.8443  -17.4303  13.2406  
10.0469  -16.6768  10.9047  
3.24323  13.733  -24.877  
2.41935  12.996  -21.88  
17.6272  -9.04756  -18.5061  
16.7257  -9.17539  -21.4871  
11.6144  -18.63  6.16967  
12.8133  -18.0145  8.68568  
-10.8008  19.8091  29.1341  
-11.9784  17.816  -28.4431  
18.0524  12.798  22.8705  
18.1814  13.2522  20.0874  
-8.69459  16.6913  -4.45752  
-7.28411  17.184  -7.08955  
21.6878  -14.3514  6.4484  
23.0507  -11.978  5.53894  
-29.3707  -23.2164  -28.3579  
-29.2731  -22.2942  -25.6665  
-2.14755  4.45605  10.417  
-3.48801  5.16341  12.9607  
-6.02238  -15.4294  -1.13225  
-5.42933  -15.8846  1.8518  
-13.3539  16.1778  16.8328  
-13.8784  14.0267  15.1331  
6.72582  -23.3618  2.44332  
6.65822  -22.8206  -0.399508  
-11.6181  -7.61566  -0.20632  
-10.2139  -7.97752  2.22718  
-13.9669  22.931  2.63751  
-15.6212  22.9294  0.218027  
-22.2032  5.60836  -15.7756  
-21.2571  2.78119  -15.1715  
26.1794  -15.7328  -12.6189  
27.0486  -12.9031  -13.1402  
3.44948  17.0122  -11.2757  
6.04558  16.2522  -11.4221  
22.3233  0.766752  10.0881  
19.5757  1.72959  9.70015  
-6.5551  -17.8823  5.24057  
-7.28875  -15.1146  5.5629  
10.1978  12.4336  6.10749  
8.24513  11.1287  8.20075  
-12.2847  -20.0728  -3.67196  
-12.6735  -22.6385  -5.11707  
17.3195  -9.00616  28.1733  
19.6509  -7.39905  29.3376  
-7.81576  0.569653  -19.8353  
-4.9749  0.172144  -20.74  
-20.0536  17.0198  -4.76032  
-19.8635  17.2435  -1.83459  
-9.70109  -3.8112  -21.1597  
-7.31556  -5.04086  -19.7371  
-26.2745  18.892  -3.57404  
-26.5936  21.5796  -2.2914  
-12.4079  9.91903  -19.3673  
-13.0976  12.8578  -18.3794  
-6.74956  13.0819  -26.2245  
-6.42566  15.7994  -27.064  
-21.3548  27.2152  -11.2233  
-19.1598  25.1138  -10.763  
26.5362  -6.28359  -10.9484  
28.4727  -5.0162  -12.7575  
-15.1415  -18.0816  -8.58437  
-16.6501  -15.8679  -7.55074  
21.6187  2.57402  -22.271  
22.1998  5.33946  -21.6808  
-14.9104  11.4422  -2.78248  
-14.8971  11.3454  0.151614  
27.7469  10.69  -28.4798  
25.7371  8.52996  -28.1066  
16.5035  -5.14351  -23.9007  
16.9994  -2.2991  -24.7274  
-22.5002  -16.9873  5.20151  
-25.2088  -16.1809  4.81751  
5.71784  -29.3924  27.3251  
7.48273  -27.8675  28.574  
28.8441  17.0562  0.275112  
-27.6698  18.5489  0.678645  
-0.963066  20.8525  2.20048  
-1.01886  18.3632  0.456017  
19.3857  -22.0758  -2.19534  
19.1434  -20.0172  -4.29095  
-5.14796  -19.3251  13.7927  
-7.61717  -20.5255  12.634  
-20.314  9.20708  -21.9718  
-23.2122  9.31101  -22.6718  
-29.0712  5.54679  13.1161  
27.04  4.85062  12.4246  
-13.3363  -1.66723  16.6401  
-11.0015  0.177671  16.9093  
26.912  -20.4308  -15.1317  
25.1402  -21.5956  -17.111  
12.9502  -2.68861  -16.7065  
11.575  -0.491137  -15.1296  
27.8313  -27.0025  2.96104  
29.3381  -24.5573  3.51674  
-6.92967  21.5172  15.2779  
-7.94817  24.1179  14.123  
26.3585  -17.8722  -3.9215  
28.9954  -17.7718  -5.229  
8.90356  12.732  13.0998  
7.49297  10.1636  14.2618  
-16.2741  28.1447  -17.7174  
-17.196  -29.2368  -20.0169  
11.2905  -29.3513  -8.76939  
10.3539  -27.2773  -7.09836  
1.32341  -15.5577  28.6889  
1.92925  -18.3337  27.5187  
-14.9931  -1.75119  -12.8186  
-12.8281  0.202462  -11.9817  
9.30548  -28.1568  14.5036  
9.18779  -29.2291  17.2713  
-15.8024  -1.06014  9.82395  
-15.0292  -1.35341  7.05717  
-17.2023  -2.16916  2.6947  
-16.1637  0.571016  3.24756  
25.206  13.2319  0.126196  
22.5059  13.531  -1.22204  
26.9738  -24.0195  27.0709  
25.6031  -22.2527  28.8742  
3.91721  25.5196  -9.06531  
5.74224  23.3061  -8.50584  
-23.081  10.5689  19.9383  
-23.5454  12.6514  18.249  
20.5616  -4.55441  12.6972  
18.582  -6.63456  12.9285  
21.3635  -14.9118  -21.1278  
22.5225  -14.3962  -18.5312  
-9.24457  -13.8614  8.97034  
-11.0942  -14.6332  6.77983  
-20.1408  -4.68486  15.2718  
-19.4852  -2.28051  16.678  
22.2292  4.91171  -13.7022  
22.826  5.39933  -16.6802  
18.8232  -22.6668  20.565  
17.8726  -23.5751  23.2515  
-22.8904  21.2901  12.179  
-23.4995  23.4314  14.142  
3.71827  -10.6267  -1.82962  
3.09373  -11.2877  0.84809  
-24.6032  -18.6521  14.0367  
-24.5546  -18.2876  16.8352  
-7.73131  -20.9074  -17.1534  
-6.57622  -23.0988  -18.6602  
20.2288  16.6512  19.661  
19.9591  15.9271  16.8265  
10.8092  -24.6338  4.18945  
8.75997  -24.3768  6.28654  
-4.46711  8.43737  -7.68646  
-7.06859  9.69825  -7.40833  
-21.0521  23.4123  -0.963899  
-18.9471  24.782  -2.28722  
7.73847  -25.4961  -16.2419  
8.24736  -25.6727  -19.1666  
2.02866  -28.3308  18.9312  
4.55818  29.0603  18.5401  
-23.2379  18.2596  -15.878  
-20.3989  18.5668  -14.8896  
11.907  6.37763  -3.20022  
14.004  4.44943  -2.68238  
3.18692  28.4059  -15.25  
2.23323  -29.3505  -12.6535  
-9.24601  -3.24363  12.8674  
-9.94059  -6.13052  13.269  
-20.6862  -5.53747  26.4687  
-22.2174  -5.78194  23.904  
23.3522  -8.95908  10.4034  
22.8214  -10.5636  12.8309  
14.1884  2.50155  -22.0479  
15.387  4.00047  -24.2136  
-24.8934  21.3333  -26.1334  
-26.3928  22.3741  -23.8432  
-15.6664  -6.11285  22.0813  
-16.2878  -2.88673  22.5503  
-7.33475  26.3447  8.69147  
-6.76435  24.4929  6.54614  
-27.8487  -26.4323  -4.10768  
28.7655  -25.4692  -5.63962  
0.129638  -13.2653  12.8216  
-1.51089  -14.4963  10.7851  
11.6666  16.8977  6.06122  
13.8132  15.0223  6.38872  
-25.584  -20.8018  -28.0502  
-22.7649  -20.3119  -29.014  
28.0353  19.4571  3.60274  
25.7343  19.7115  5.37535  
-11.1938  14.1262  19.5532  
-9.10015  12.8966  21.6761  
-12.1348  21.8345  -18.8513  
-13.7799  20.9706  -21.0256  
6.50308  6.46212  22.4125  
6.5099  5.06313  25.1133  
-0.0857926  -0.643627  4.16929  
-2.18489  -0.515622  6.49617  
5.24518  -18.0745  -22.0912  
6.83935  -19.1433  -19.9181  
-0.100839  -19.3044  -19.3585  
2.62028  -20.3429  -19.6839  
6.21712  4.72198  -17.7869  
5.68044  1.84513  -18.1295  
-15.6869  13.9785  3.8403  
-17.1461  11.3387  4.41662  
-26.6239  -20.116  -20.0874  
-29.2942  -19.5977  -18.6735  
23.1209  -16.9914  -1.3926  
24.1648  -19.6521  -0.443731  
-9.7571  -24.4089  -16.5353  
-11.013  -27.0701  -16.0183  
22.6338  24.4425  8.70769  
22.1755  21.5853  8.33941  
-9.19586  -15.928  21.5026  
-8.50953  -17.7576  23.7065  
-17.6898  10.0206  -29.1027  
-16.8826  9.62826  27.0254  
-22.6595  -17.5052  20.0497  
-24.4876  -15.2978  19.3853  
-9.41015  -7.61437  6.11567  
-10.335  -10.3632  6.18339  
-23.552  14.9592  14.0722  
-20.8697  15.5214  13.1085  
5.2279  -1.91786  -21.0029  
5.43321  -1.86392  -17.7803  
19.6922  4.31132  3.24037  
17.966  2.32108  4.63825  
27.2606  -18.6974  12.1605  
28.1878  -16.508  10.5455  
-1.08726  -6.36997  17.6035  
-3.63118  -6.08179  18.6166  
11.6624  3.72507  -9.07844  
12.2072  3.8308  -6.22316  
26.9002  9.50781  -10.4635  
29.0509  7.6243  -10.13  
0.797777  23.6245  -2.55568  
1.37066  21.0729  -3.81987  
-5.51052  29.0031  17.7747  
-5.75803  -27.012  18.6814  
16.936  -22.5375  -27.8045  
17.1602  -20.1695  -29.4134  
25.6372  -3.7385  -4.98889  
24.0784  -4.14257  -7.32914  
4.93747  -22.758  -14.0067  
7.76286  -22.9109  -13.2398  
-21.2757  25.4645  21.8403  
-22.919  27.8728  21.6709  
27.5204  17.0843  10.8294  
29.0758  15.6414  8.82796  
-26.7653  -0.866489  -20.2209  
-29.3417  -1.35718  -21.6439  
-7.05126  14.2397  11.8619  
-6.8769  12.2196  14.1055  
7.7818  -19.5639  -25.1648  
8.56118  -19.0154  -27.6091  
-23.378  -0.353378  17.1201  
-22.7909  2.48901  16.578  
-12.9392  1.65374  23.4958  
-12.3972  -0.455852  21.3573  
-14.3086  -24.2135  26.6916  
-16.3251  -22.4721  28.0801  
7.48513  -11.5334  -26.8126  
6.17657  -9.0445  -26.8491  
26.1262  -16.9286  1.57238  
25.9463  -17.2055  4.47235  
20.3441  25.6097  1.75973  
18.4313  24.7889  3.85992  
25.2883  -28.1754  22.4774  
26.6021  28.9957  24.3483  
-4.89013  19.7388  -25.9905  
-3.27216  17.991  -27.8025  
23.4548  26.9699  -14.8702  
21.3019  28.3653  -13.5339  
-18.7207  8.44257  6.86039  
-20.8373  8.92714  4.93509  
-19.5083  27.0236  18.1541  
-16.6348  26.7971  18.1751  
-10.9274  -23.0402  18.2682  
-12.0716  -25.5655  19.1614  
-3.29058  -15.1735  -26.7942  
-1.39809  -12.8343  -26.1878  
-28.5796  -4.97428  -8.72417  
-27.4457  -2.76328  -7.13803  
-27.9452  20.4354  24.1359  
29.3751  19.629  26.4897  
-21.6538  -16.8454  -23.7759  
-23.3315  -18.1356  -21.6714  
-22.0467  -15.7145  10.4632  
-22.7167  -14.4805  12.9017  
9.99053  -24.002  -23.9395  
12.0038  -25.3207  -25.4002  
7.5642  9.73304  -13.5348  
10.0794  10.7487  -14.6725  
8.18441  26.4612  19.8885  
7.79051  26.3096  17.0429  
15.5633  -24.6611  -19.1067  
14.1296  -24.1506  -21.6357  
-25.3823  -2.14576  22.4591  
-25.5223  0.659573  22.8307  
-22.7275  -16.5341  -8.49939  
-24.5301  -14.9899  -10.0903  
-7.91509  28.6625  -19.3866  
-5.11828  28.4378  -18.1506  
6.00734  15.2581  21.2104  
3.9861  14.9328  19.5014  
-18.9594  -18.9915  -14.7673  
-18.3517  -16.3384  -13.7518  
-23.5685  -27.637  -11.5061  
-21.3773  -27.8216  -13.4716  
-10.6304  26.0154  11.6617  
-8.56416  28.1979  12.0477  
-23.6528  6.07663  27.7031  
-21.3782  7.90068  27.1344  
6.86653  -23.8174  -4.89725  
8.56118  -21.4875  -4.9809  
-10.5289  -9.11141  -13.2176  
-11.4336  -10.1028  -15.8282  
7.73668  -13.6063  -5.30065  
6.92893  -16.3578  -5.38338  
12.7225  -21.0176  -5.303  
12.1305  -22.6404  -7.78008  
-27.0783  11.8843  0.979576  
-24.5917  11.8704  -0.426675  
-4.56481  -13.274  -17.1598  
-2.55424  -11.2809  -16.8054  
3.75308  -18.1711  17.2754  
5.72329  -18.0044  15.2102  
17.705  1.05293  21.6994  
19.9456  -0.827278  22.2463  
12.6768  -2.94204  28.8175  
11.7629  -3.71254  26.1259  
0.93258  7.06771  -29.0481  
-0.931384  8.5982  28.2788  
-4.82343  12.8389  -9.43411  
-3.86397  13.8105  -12.0999  
18.0709  12.2515  -25.7387  
20.5194  13.8735  -26.1339  
8.38309  -24.2606  -27.4084  
9.35275  -22.9757  28.6073  
2.53405  -3.37066  -14.1485  
4.06154  -0.912926  -13.5168  
-20.4408  -1.58014  -8.88126  
-21.8931  -3.65919  -7.60508  
-5.23164  28.7616  -10.6301  
-5.76594  26.0242  -11.2941  
-13.1592  25.1071  19.1932  
-13.6344  25.6626  21.9866  
23.1746  9.12208  -19.2704  
20.4264  8.16938  -18.946  
-18.0349  17.6971  5.22268  
-16.1084  19.2  3.84038  
-11.6813  -13.9099  16.4066  
-13.8819  -15.2692  15.0823  
-8.64212  -16.5638  -17.7988  
-8.96302  -17.9008  -15.2314  
-23.1403  -4.93851  -3.08655  
-20.4774  -4.12822  -2.48075  
-11.5742  8.79616  -27.4198  
-11.6153  10.1128  28.8269  
-22.8215  -5.97624  11.8676  
-21.7539  -8.1492  13.5595  
24.815  28.5306  15.1601  
23.2502  28.3748  12.7093  
7.59888  10.3424  3.22337  
5.08427  10.8523  1.79485  
13.0374  -3.31454  0.201697  
14.6166  -3.11979  2.62949  
14.6347  -6.81896  17.9519  
14.3024  -6.32207  21.0329  
15.462  26.077  17.7087  
17.5835  24.4435  16.5362  
19.4231  -26.2714  0.140561  
20.6404  -26.8029  -2.4612  
-10.1484  -23.5321  -2.17897  
-7.28982  -23.5327  -1.4067  
24.0504  -24.7985  -6.93385  
24.3128  -26.7378  -9.10536  
18.2442  -16.8773  23.9007  
16.6451  -19.2339  23.4021  
-2.82221  -23.8677  25.8718  
-5.22035  -25.4204  26.1956  
26.4221  -24.555  -21.7278  
27.4236  -27.1276  -20.6849  
18.6077  25.21  -9.73858  
17.7265  23.4557  -7.43306  
4.35615  14.927  -28.6718  
3.15965  17.3075  -27.8335  
-0.681151  -7.25773  -25.4786  
-3.07151  -6.9414  -27.1516  
14.9143  -28.5733  -16.7605  
12.6387  -26.6578  -16.8825  
4.38239  -29.1064  3.8657  
5.6584  27.2646  3.59411  
-4.07993  -19.7331  -26.7597  
-2.44356  -19.8785  -24.2106  
-8.0593  14.9581  -12.3758  
-10.8528  14.9275  -11.5497  
-20.7961  -22.159  -5.69807  
-19.4557  -22.5049  -8.21693  
-26.1124  15.8417  16.6812  
-27.0334  13.3046  15.4543  
-0.202417  -15.711  4.74902  
-1.24572  -16.2534  2.11812  
-12.9757  -10.3359  -24.6174  
-14.0495  -12.6677  -23.2078  
-9.33378  -25.0402  1.53998  
-11.2707  -25.8551  3.58436  
15.9464  2.7746  0.999236  
13.6491  0.986766  0.764992  
-18.0558  27.0729  13.864  
-17.2343  28.7577  11.5391  
28.2939  -13.9924  -29.3203  
29.2001  -14.3931  26.7727  
7.8075  -1.1264  6.08956  
10.6513  -1.4791  4.46743  
15.8996  -15.7126  -28.2985  
16.5389  -16.5187  27.6837  
19.2282  5.28706  -2.54892  
21.5978  6.81597  -3.07093  
20.6413  -21.4587  -24.8784  
21.0457  -18.6856  -24.1548  
-1.06508  2.08146  -17.2204  
0.903854  -0.01565  -16.2456  
4.61046  23.9891  9.9509  
6.72296  25.3745  11.3874  
13.1256  14.4984  -8.06147  
11.3688  12.121  -7.80116  
23.1973  -22.1834  11.2472  
23.0045  -23.3539  8.48435  
14.0872  3.33609  18.8833  
12.8922  1.29222  20.5221  
