-14.9634  -22.8206  12.5929  
-16.9647  -22.7152  10.44  
19.5721  0.0529396  19.8817  
22.4806  -0.667034  19.9738  
-9.27265  -14.0516  -10.5532  
-10.9879  -16.2596  -10.7164  
-5.14809  -7.38374  25.5027  
-2.6324  -7.35364  23.9992  
4.45398  -12.2032  9.65221  
1.7252  -12.8351  9.14526  
21.5222  2.4519  -5.66387  
20.0457  2.71943  -8.50191  
-16.8746  29.2337  22.9675  
-14.7823  28.1589  24.8061  
-17.0569  -18.5736  18.3485  
-19.1464  -18.7682  16.2487  
-4.17389  1.35159  22.0203  
-5.60703  3.39093  20.384  
3.23845  22.4547  -17.3965  
4.56922  23.9094  -15.2942  
-15.7539  12.6044  -28.5837  
-14.5788  11.1307  27.9458  
19.3156  -18.6528  -21.1274  
17.9305  -18.534  -18.5608  
11.573  19.2918  -0.467668  
10.3576  16.7361  -1.10429  
16.6905  5.27745  -26.0914  
19.6995  4.8649  -26.6874  
-20.6399  -26.4031  15.6296  
-20.335  -23.5223  16.2824  
4.53304  -21.7676  22.2642  
7.21358  -20.939  21.2255  
-1.36525  -10.0355  15.5957  
-4.27781  -10.6218  15.6513  
-1.1147  1.82676  19.3974  
1.27521  0.197652  20.4267  
19.5841  25.129  29.1574  
17.9672  25.3742  26.8871  
-3.54771  -6.02957  16.4182  
-5.80221  -4.28783  15.9359  
8.87167  -14.3904  -16.6514  
10.8687  -12.1426  -17.0943  
7.59368  13.048  -24.2287  
8.36212  10.9682  -26.211  
16.4872  -17.3313  8.24293  
14.3305  -19.4726  7.44948  
28.0576  -13.1776  -0.875575  
25.8618  -12.1488  0.690631  
-14.3651  21.0168  -18.7999  
-12.7318  20.9919  -21.2838  
15.4915  -0.517206  -6.73403  
13.984  -1.37718  -8.66024  
15.6985  17.2621  26.3329  
15.6603  18.2895  29.1735  
-4.32841  4.78472  1.84819  
-5.28618  6.98539  3.47222  
2.99264  -22.653  -1.47085  
0.431787  -23.8017  -2.33444  
17.7914  21.1621  -10.6572  
18.0173  22.1091  -8.05525  
-26.9162  -8.90035  -9.31311  
-29.113  -10.3895  -10.5486  
4.11545  7.1249  6.92535  
3.79987  8.35332  4.38064  
-28.4124  4.53282  -25.4702  
-25.8795  4.12002  -26.6336  
9.89974  15.2055  10.5605  
10.3701  12.6034  9.73518  
7.38745  -21.1183  4.53463  
4.54318  -21.3972  4.92434  
29.2337  25.2882  -24.5896  
-27.3543  23.6221  -23.8121  
16.7034  -27.896  5.03424  
18.3222  29.3058  3.65382  
-22.3073  -28.6642  -2.01557  
-21.1925  -26.3818  -3.42854  
5.80291  22.0605  17.1081  
8.34511  20.8419  16.8152  
-28.0652  21.4688  -16.8214  
-27.0873  18.8621  -15.8831  
-12.8207  -27.027  -24.5773  
-9.92364  -25.9449  -24.3782  
-19.9824  10.8891  -23.7976  
-21.2321  8.70509  -22.3844  
24.9281  -16  9.15912  
23.8982  -16.3945  6.37228  
-13.5067  7.1002  26.2096  
-10.9147  8.62216  25.9537  
1.63198  -8.52989  25.375  
1.25034  -7.93449  22.6465  
3.90014  29.0805  22.9878  
2.42575  29.0161  25.6028  
-28.9905  27.9439  -5.40927  
-26.3753  26.6331  -5.35498  
-6.15625  -24.8718  25.1822  
-8.78104  -24.8785  26.5579  
8.55491  -21.4809  -23.1098  
10.249  -19.2445  -22.597  
-3.73085  -2.89713  19.9803  
-4.41474  -3.6952  22.7506  
-6.61903  27.3109  6.27056  
-7.36374  28.3099  3.62971  
27.9211  -18.9257  9.82924  
25.8338  -19.8215  11.6319  
-6.2486  23.2459  21.3256  
-7.87704  22.4609  23.5836  
7.08035  -15.1382  -3.53287  
4.60026  -14.4856  -3.28507  
-7.1629  5.35499  26.5205  
-8.99926  3.5838  27.8123  
-24.7037  -12.9793  15.2329  
-22.5128  -15.1391  14.4148  
20.4912  12.3025  4.80779  
20.1818  15.0548  3.91487  
9.14554  -14.2586  -24.9284  
10.1105  -12.9504  -27.3353  
-27.331  -11.0077  28.6566  
-26.1412  -9.73563  26.3354  
18.7385  22.1992  -15.8852  
16.3056  21.1819  -15.1627  
18.7164  -6.70868  -7.74618  
16.2008  -5.22824  -7.71132  
11.8551  -24.9287  -10.9506  
12.5798  -23.5147  -13.3263  
15.3453  -15.5095  -23.2162  
13.9611  -13.4002  -24.7857  
14.8458  26.2017  19.5384  
12.1056  26.1058  20.7002  
-14.5527  16.6668  25.0867  
-14.2682  18.0749  22.4668  
-20.9128  14.1663  -26.8651  
-18.4682  14.7062  -25.3946  
22.0707  -11.0713  -24.8313  
22.3587  -8.19939  -24.4055  
-0.816813  -10.3026  -27.7389  
-1.218  -7.54821  -26.632  
17.6776  -3.80141  27.5996  
19.2512  -2.96058  25.2535  
2.55504  -26.0036  -20.1213  
3.12763  -26.5259  -23.1856  
0.23484  24.9535  24.9469  
0.48807  22.5221  23.2003  
-13.8836  9.39748  17.4587  
-16.7141  9.18377  16.821  
3.30198  11.589  8.50651  
2.31263  9.46355  9.93902  
6.8142  -5.13923  -24.0441  
9.05928  -3.92055  -22.8181  
-1.62886  22.6098  10.1574  
-0.286704  23.7997  7.82997  
26.3257  27.1356  6.7896  
28.0869  25.797  4.91134  
7.64369  -3.69028  -10.5316  
8.35918  -0.756104  -10.1831  
21.1564  26.58  25.2394  
23.2559  24.9979  23.4786  
2.99867  2.94186  25.3475  
5.51639  4.75917  26.3341  
-15.5427  1.61442  12.3391  
-15.4568  -1.47011  12.8417  
-20.7483  19.0007  18.4542  
-18.1557  20.1181  17.9859  
27.1808  13.8821  -3.95298  
-29.0056  14.9131  -4.2359  
8.40942  22.2026  -22.3915  
9.2847  20.8136  -24.8797  
25.72  4.74207  2.86014  
27.2935  6.6112  4.65679  
9.99312  -29.256  28.4992  
7.66902  27.7234  28.8753  
19.6133  -14.0591  13.9905  
22.0769  -12.9276  15.0053  
-19.7032  -21.2753  29.3041  
-19.6826  -23.2575  27.253  
-8.40487  -2.53267  26.8328  
-10.7663  -1.03563  26.2893  
-24.8574  -11.7643  -1.04855  
-25.4417  -14.4927  -1.81652  
-2.11211  -27.8865  -25.8902  
-1.22642  -27.7126  -23.1322  
22.8387  22.1594  20.3848  
24.9021  22.1654  18.2676  
-1.04056  7.64569  2.33112  
0.298643  9.11251  0.125747  
23.8604  19.9134  -14.3723  
22.989  18.0309  -12.3203  
7.48329  -16.3862  -22.0535  
8.04508  -13.8376  -20.6892  
16.328  10.5999  -9.97818  
19.2307  10.5187  -10.1449  
19.3351  -11.1932  -29.1027  
20.1968  -9.89136  27.0778  
14.6607  0.400759  22.6629  
12.0554  1.53849  23.4233  
20.1193  4.45328  1.29385  
19.4373  4.7707  -1.708  
-19.2272  11.0731  -19.5959  
-18.8115  13.746  -18.4074  
-3.72835  -14.5819  -14.0126  
-2.4819  -16.9918  -12.8995  
2.79925  6.04364  -17.2105  
5.4472  4.77185  -16.8809  
21.2618  -6.78781  5.0709  
20.4789  -9.33558  6.17279  
14.4075  -12.2921  -14.8539  
14.8508  -10.6689  -17.2235  
22.499  -5.07599  -5.86875  
22.6756  -7.97496  -5.91235  
-12.9826  -25.1349  -2.04586  
-15.7727  -24.2198  -2.42621  
2.47351  -25.1224  -11.2773  
4.88574  -23.4237  -11.6793  
-16.6264  -3.79994  5.56469  
-14.693  -5.85265  4.48209  
-10.5087  11.5867  29.3241  
-8.33132  12.0334  -27.8583  
-24.5393  6.50654  -13.0139  
-27.0791  5.19128  -13.4594  
5.96909  -27.7251  -1.14443  
3.37797  -27.9529  -2.81276  
3.90675  -14.8968  -20.1678  
2.25962  -14.1469  -17.8436  
21.0946  -27.5101  -28.8455  
18.9654  29.157  -29.1926  
-15.8173  23.5642  16.1015  
-15.5739  21.1355  14.4018  
-9.62086  9.69262  4.51657  
-7.26603  10.6577  3.11499  
-0.0114802  -23.4023  24.6654  
1.48259  -25.7231  23.6126  
2.16573  -18.1841  -11.3823  
0.700548  -19.4201  -13.6883  
13.8886  -27.7462  16.1058  
15.9467  28.7308  16.1054  
11.0207  17.852  -10.2371  
12.539  20.3522  -10.2721  
-13.0317  -11.6574  21.247  
-11.5859  -9.70157  22.7657  
0.605806  -2.951  10.8316  
-0.802821  -5.07203  9.53202  
-17.5327  24.0412  -26.9184  
-17.8402  21.2196  -26.9016  
-12.6733  -16.1893  26.7467  
-12.9074  -14.1589  24.645  
-26.6975  -9.59506  -26.5727  
-27.0506  -12.3726  -25.858  
-24.8586  0.124357  -28.5692  
-22.6034  1.13888  -26.6975  
-24.4635  5.06292  -9.19578  
-25.1884  4.33466  -6.50766  
3.19836  -19.1864  -4.31498  
3.6752  -17.8304  -6.954  
15.6572  -12.5078  15.5591  
14.5895  -13.0265  12.7801  
27.204  11.8317  -25.1775  
27.3797  9.63266  -23.2451  
13.3223  18.4588  -14.2256  
14.9086  16.8942  -16.217  
-14.8931  6.34634  13.8682  
-15.1912  6.07701  11.0349  
-25.1704  -0.374759  12.3387  
-22.128  -0.574547  12.6427  
-24.146  6.7818  25.0785  
-25.7519  5.77429  22.5904  
-13.5021  -7.33469  29.4344  
-11.2514  -7.16416  -27.6295  
-24.5881  -0.368515  25.4071  
-26.2657  -2.72679  24.6131  
-27.788  6.71518  1.62653  
-29.0691  6.00385  -1.38567  
-10.4451  1.91718  6.62331  
-12.7949  3.07437  5.95999  
25.3909  -16.9321  20.2371  
26.4548  -14.6719  21.8479  
-16.9844  -0.463462  -18.9473  
-15.6755  1.91991  -19.754  
-11.8887  -12.3115  -24.0286  
-12.185  -11.3706  -26.7681  
-0.533266  -22.2281  4.1785  
-0.276303  -23.3811  1.54092  
13.1347  6.79964  25.7625  
12.9446  9.86509  24.9298  
14.1322  9.53647  3.30275  
12.1204  7.35067  3.86995  
-3.6728  20.9293  14.2805  
-5.71109  19.6957  16.0718  
-25.7506  19.7231  16.8427  
-23.4865  21.0555  15.0317  
10.0905  14.2258  -16.1281  
8.22963  16.4587  -16.3844  
7.48072  21.0832  21.0376  
9.9888  20.2874  22.272  
-14.1839  -18.58  22.5276  
-12.4597  -18.757  20.0051  
29.1326  -0.468498  -9.74158  
-28.7665  1.35854  -11.5866  
-15.2734  21.058  -13.9818  
-14.7799  18.1279  -13.6085  
-23.3923  -18.2933  -19.7185  
-23.5451  -16.4104  -17.9071  
19.33  7.02021  5.39459  
21.854  6.25325  4.38121  
9.8594  -24.1427  21.4503  
11.2882  -22.2241  23.2527  
24.2487  -26.566  26.244  
25.7008  -27.0442  28.6582  
-11.1654  12.0485  -1.08033  
-11.0443  14.6935  -2.13235  
-10.7257  3.1258  -0.74499  
-10.6489  0.12361  -0.766979  
12.319  -11.0935  17.8647  
13.9913  -12.108  20.1167  
10.1582  26.4556  -13.8042  
9.5513  26.1351  -16.734  
-11.4595  -22.1393  -25.5712  
-8.64773  -20.9934  -25.8437  
-23.9451  -19.5927  -24.5041  
-21.7259  -18.8484  -26.5418  
-10.0625  1.95749  -9.13466  
-7.96346  3.24146  -10.5092  
-15.2274  20.2802  -6.20479  
-18.0801  19.9715  -5.14029  
4.5524  12.7657  15.8937  
3.28441  14.5515  18.0219  
5.78583  16.1901  -26.9065  
3.63928  16.4617  -24.7616  
-19.5217  -8.84634  16.216  
-20.7265  -10.4244  18.3427  
-3.71061  11.5988  -17.2843  
-4.78836  9.78551  -19.3078  
29.2488  23.1511  1.67065  
28.5656  21.3449  3.88961  
1.5296  14.4466  -7.35926  
3.71381  13.6086  -5.5896  
23.1232  12.0068  -7.74778  
21.8302  14.3681  -8.78977  
-15.2467  -8.02494  -25.9653  
-17.9874  -8.95523  -25.3291  
20.803  -14.9583  -27.7283  
18.7997  -13.8996  -25.7826  
-26.7051  13.2745  4.06422  
-24.3956  12.3468  5.57671  
-9.3456  -6.03629  3.41849  
-11.5643  -8.15275  3.57666  
3.87334  -10.1381  -17.094  
6.68779  -10.5452  -17.963  
-24.8392  -0.379731  -19.4534  
-26.0837  2.41654  -19.9881  
-22.8326  -19.0833  -6.90668  
-24.9364  -17.3022  -8.0261  
22.5894  14.9796  12.9797  
20.1334  13.3624  12.5092  
-22.7489  -7.06684  24.6494  
-21.5945  -9.30032  26.1332  
-16.4758  19.3858  9.52252  
-19.187  18.2676  8.57269  
-5.5629  18.8547  23.038  
-6.77581  16.7755  24.5263  
-19.7757  -23.2445  7.14005  
-21.2861  -24.7044  9.39724  
-9.10084  -2.36554  16.6667  
-10.7542  -3.99258  14.9314  
18.4261  -11.5833  9.67829  
16.3761  -11.0976  7.64871  
-9.86127  -1.89777  -22.2067  
-9.30166  -4.28866  -23.5236  
23.5953  18.6905  -8.11511  
20.7726  19.0063  -8.7776  
7.57057  -1.7081  -2.76595  
9.04186  -2.11851  -0.337551  
3.88839  24.5993  -11.1142  
4.36982  26.9267  -12.6879  
-22.912  8.08579  -6.84297  
-22.9557  10.5801  -8.34801  
21.9771  -3.92668  -16.0399  
19.3023  -4.10036  -14.5805  
-3.15726  -19.8716  1.80807  
-4.53482  -17.9024  3.45092  
-26.8587  -28.8893  0.767744  
-29.2928  -27.4393  1.63201  
25.4106  23.4696  -25.7792  
23.7459  24.7589  -23.7068  
0.0750782  20.1642  -21.3536  
0.320343  17.266  -22.5665  
-12.6117  -26.9179  11.4485  
-13.9525  -25.8757  8.54603  
6.78249  -27.026  -5.39793  
6.15476  -25.6188  -7.94678  
-21.9272  -13.4259  -4.32919  
-19.3666  -13.907  -5.76125  
-22.443  15.9959  24.1514  
-21.5395  18.4149  25.2305  
10.0141  12.8544  5.56082  
9.13713  15.5357  5.44475  
7.70354  -0.703549  7.40055  
6.84404  -3.09116  6.09738  
-16.6622  -15.0731  -18.1064  
-17.9891  -13.3737  -19.9557  
-19.7614  -9.13424  -15.7732  
-22.121  -7.59169  -15.402  
2.87091  -9.20933  1.60518  
4.59124  -7.18135  0.0427316  
-16.0765  10.8063  -8.79317  
-17.5531  12.9443  -7.49522  
-24.1913  -3.61542  28.3643  
-22.0991  -4.28193  -28.5754  
2.44754  5.53951  11.2831  
0.474361  5.33283  8.94731  
21.3176  9.86308  28.2814  
23.3171  9.21216  26.1969  
-27.6858  10.9152  12.2575  
-28.7884  9.70881  14.6547  
9.49668  -7.95053  -10.4754  
6.8317  -8.62995  -10.1471  
6.69096  21.0756  3.03249  
7.32314  23.9567  1.76739  
-8.36593  9.08099  -20.6008  
-7.23243  9.74214  -23.3188  
-9.35926  -19.8145  -2.06311  
-6.87042  -19.8522  -0.390662  
26.3124  -13.0958  15.5813  
28.5385  -15.0552  15.96  
-24.1327  -28.9301  16.1743  
-23.254  28.1388  18.2295  
6.41341  4.32196  -1.08448  
8.88643  4.82745  -2.88397  
-26.5861  26.888  16.8035  
-29.3134  26.0357  16.9924  
-29.1385  -27.0319  28.6965  
29.0527  28.9277  28.4169  
28.3921  -13.7439  -22.9494  
28.2824  -14.6906  -25.633  
16.9678  22.9506  14.2228  
16.0817  20.7883  12.4292  
9.43652  -8.11434  15.1345  
8.35059  -9.35223  17.5111  
-1.5683  8.71511  17.4361  
0.533885  10.7188  18.0939  
20.0646  -2.88935  3.09261  
18.5219  -3.76931  5.61268  
-18.048  -23.8361  -26.5943  
-19.938  -22.435  -24.8274  
5.76146  -22.0665  13.4758  
7.15825  -19.5761  14.332  
-24.1702  -17.2188  21.9521  
-26.0872  -19.4929  22.6491  
28.188  20.0225  -7.04352  
27.171  18.3158  -4.79139  
5.56485  17.7649  19.4294  
3.71196  17.4046  21.6172  
28.3111  2.7854  -15.314  
-28.1853  1.73587  -16.3856  
8.45827  20.4077  -3.41891  
8.00262  23.3465  -3.27925  
26.5848  -9.32877  -12.7967  
28.4793  -10.2378  -14.8385  
-23.6674  -7.78556  14.1524  
-22.5287  -5.25482  14.569  
24.6883  20.6791  25.6762  
25.7604  21.5127  28.2845  
28.5809  18.2338  22.5162  
26.1824  19.3411  21.2111  
15.2024  29.3348  -8.9924  
16.4914  28.664  -11.532  
12.4769  25.0075  8.51085  
13.918  24.6886  11.1922  
22.4492  -9.66714  2.16808  
21.1394  -11.8299  0.745962  
-8.98003  26.8628  -6.89856  
-8.29125  29.2205  -5.39542  
-11.9068  22.253  21.8086  
-13.3635  23.3761  19.4956  
19.382  -16.0927  17.5369  
16.6129  -17.152  18.5024  
26.4157  7.54702  -11.7914  
24.9249  8.47605  -13.8368  
-18.6482  28.55  19.1684  
-17.7151  -27.6001  18.9032  
-28.3901  -20.7036  17.386  
-28.6804  -23.1094  15.8027  
3.6345  -0.291335  -27.2606  
1.44928  1.22959  -25.9984  
-21.6506  0.662562  -10.8361  
-21.9366  2.08236  -8.39706  
-29.0233  13.3986  -21.866  
-28.2119  13.7045  -19.0894  
16.0434  -23.8781  17.5132  
17.6629  -22.7069  19.6286  
24.3554  -21.0638  20.16  
26.8718  -21.2277  18.628  
13.4258  -5.70124  -0.931855  
10.694  -5.7433  -1.74495  
-4.7026  29.3055  -2.46566  
-4.89046  -27.0712  -3.74615  
-27.5267  -24.4021  11.5661  
28.9689  -22.6568  11.7029  
1.22345  -14.1399  28.9923  
2.66021  -11.7477  29.3457  
18.0098  8.31836  -29.0571  
16.1251  9.4867  27.7534  
-8.86966  -7.57805  -6.35408  
-9.65649  -5.6945  -4.44388  
-8.39067  11.1161  13.5566  
-9.96032  9.29642  11.9412  
23.1604  22.8791  -0.310183  
24.8331  22.8759  2.16539  
13.6126  19.643  -18.8918  
12.3998  20.2658  -21.51  
-3.36467  5.60229  14.1609  
-4.03406  5.26891  17.0404  
8.21843  25.6235  -9.65399  
11.0059  24.8989  -9.31285  
-27.5246  2.21044  -4.11012  
-28.4988  2.45375  -6.93911  
-7.42521  -2.74211  1.06667  
-6.98879  -3.08178  -1.79319  
23.2955  -12.2368  -4.89326  
23.3613  -10.558  -2.45857  
-1.29043  22.3687  18.9867  
-0.239532  24.0308  16.433  
21.0372  2.43158  23.1812  
21.422  4.02334  25.7397  
11.0237  3.85635  7.21081  
12.7105  2.61105  9.45022  
28.1172  -3.20787  -2.64981  
27.3308  -3.03822  0.352062  
-16.466  6.77445  -6.90982  
-13.6331  7.24066  -7.44721  
-3.97334  -12.2955  -17.2085  
-5.61689  -10.3752  -15.7005  
22.4677  3.99812  19.3002  
23.0863  6.28486  17.397  
-12.9276  -22.882  -20.2289  
-10.3855  -24.066  -20.0294  
-14.4713  -15.458  -25.5951  
-15.1615  -17.9994  -24.3066  
12.3887  -26.9149  -27.9973  
11.6193  -24.894  28.8667  
8.86144  -15.2116  0.353563  
10.7648  -14.287  -1.63377  
-15.517  -18.4395  -16.1683  
-18.1944  -19.4056  -16.4831  
-17.1593  -8.71506  24.5348  
-16.1903  -5.95753  25.2122  
18.2417  -20.448  -25.0107  
21.1046  -19.3526  -25.5597  
12.0041  7.71746  -26.5795  
11.6548  9.23113  -28.9761  
7.42605  1.92195  23.1753  
8.7376  2.2412  20.6149  
-20.8854  25.2536  20.0593  
-20.9541  24.9416  17.0435  
-19.5422  -7.01456  4.88235  
-21.7515  -6.9873  3.13995  
0.446205  27.6404  -19.9579  
-0.590356  27.5407  -22.8414  
13.4527  10.5719  20.64  
15.7743  11.0519  22.155  
-18.2776  11.7982  26.5213  
-19.7756  9.4782  25.6818  
7.64721  7.67709  11.9494  
9.51158  5.67559  10.8021  
-10.3909  25.1732  7.36742  
-8.49372  23.3718  6.17639  
-3.18257  -23.4459  -5.33119  
-5.01223  -22.7546  -3.21719  
9.02364  17.3111  -22.5396  
9.06549  15.3601  -20.3524  
-12.8348  16.635  17.9671  
-11.921  19.4228  17.896  
-23.1488  16.0318  28.4773  
-24.4853  14.1391  -28.6892  
-23.414  -23.706  -21.0838  
-20.0617  -23.4896  -21.0662  
-20.1448  23.7985  5.06718  
-22.713  23.3787  6.22446  
15.8596  -24.2463  -6.27895  
13.5517  -22.8235  -5.30491  
21.686  16.4285  -16.559  
22.3712  14.5012  -18.6841  
28.5615  24.9795  -19.2991  
27.7637  22.1704  -20.8887  
-6.29202  14.7902  2.59766  
-7.41295  13.5014  0.125179  
-14.6733  5.28213  18.3516  
-12.5431  3.57885  18.9165  
-17.317  20.7629  5.51661  
-15.5803  21.6871  3.33396  
27.1664  16.99  -13.6989  
29.3901  17.9851  -12.1114  
19.9907  18.2857  28.7847  
20.659  20.1611  -28.0053  
5.22349  -7.34841  20.2193  
7.93941  -6.32619  20.5436  
-4.72046  -7.08101  -8.94006  
-4.40849  -10.0895  -8.03819  
12.3762  -18.3634  19.8833  
12.7387  -15.7534  18.7631  
28.6607  -17.7254  -15.1129  
27.3555  -15.5246  -16.719  
-13.5744  2.49617  26.3579  
-13.2713  1.83661  29.1614  
12.9377  3.17669  -5.28683  
15.7207  3.98842  -4.15284  
-13.7121  22.2422  -25.5869  
-11.2429  20.6702  -24.9199  
-6.4362  23.7975  28.5367  
-4.84765  23.0218  26.1714  
-7.45055  26.5112  -26.984  
-10.2006  25.4495  -27.9622  
3.36933  -19.3043  28.5922  
4.81179  -22.007  28.8907  
22.6336  -4.56725  23.8375  
23.8316  -2.05865  24.7797  
-25.8287  27.5009  8.77483  
-27.9801  28.3531  7.03712  
12.3669  18.0183  -4.50677  
14.1952  19.4957  -6.39837  
5.9488  8.98454  -14.4301  
5.3438  11.2068  -12.5241  
15.803  19.2886  0.313473  
15.3022  20.6547  2.82055  
14.5357  16.6022  -25.1871  
14.301  19.7393  -25.9289  
28.7666  -20.6456  -11.6106  
26.1505  -20.8147  -13.0444  
16.6591  12.3748  1.71791  
16.1007  10.7595  -0.598715  
15.0515  26.8324  -1.61555  
15.3254  23.6898  -0.829492  
23.2747  -0.966784  -21.0078  
23.7297  -1.55392  -23.7972  
-23.3912  18.8277  8.87402  
-22.4407  16.8353  10.9559  
-19.3663  -26.9619  -23.5898  
-21.6115  -28.4847  -22.3892  
-26.7209  -17.9751  -3.99113  
-27.9423  -18.4244  -1.38199  
-23.2654  21.6588  -16.0721  
-21.4742  23.2566  -14.5268  
6.16762  -5.10908  26.9912  
8.57914  -3.6682  26.4795  
-19.2072  -23.1171  -12.6607  
-16.4444  -23.2848  -11.7445  
11.9889  14.2334  -29.191  
11.2621  15.2055  26.8686  
22.1801  -13.859  -12.6906  
21.1851  -11.811  -14.6702  
-12.214  15.5376  -20.0637  
-11.1445  12.9784  -19.8416  
4.72061  6.76702  -6.97659  
5.73994  8.11892  -9.39024  
-0.665677  28.2398  1.56608  
-3.54914  28.1311  2.40261  
-8.87474  -13.0791  -17.0625  
-9.90717  -11.0182  -19.469  
3.35611  -5.49876  7.60146  
4.14132  -6.52077  4.9271  
25.1179  -4.54635  4.21316  
28.0025  -5.33326  3.92426  
-25.8679  8.45579  -26.9459  
-23.0309  8.88843  -27.7905  
-0.658897  23.8127  -6.02954  
-0.630353  26.5341  -7.17691  
24.8145  6.12333  -23.3781  
27.1793  5.01021  -22.5234  
21.2608  -7.92226  -16.541  
23.1916  -9.63461  -18.0674  
3.21813  2.94619  -22.7336  
0.711669  4.24452  -22.2815  
0.635648  27.0476  -14.9335  
0.794633  -28.9989  -15.6728  
19.5995  0.163082  -0.0398574  
17.6917  -1.94077  -0.51267  
-2.89929  -27.0944  29.0425  
-1.65125  -24.5921  -29.2919  
22.1579  -28.518  -4.84856  
20.5675  27.9294  -4.0245  
5.06082  -14.102  22.9347  
6.77514  -14.6379  25.14  
-21.8525  -20.1064  12.8371  
-19.122  -21.0297  13.1554  
-11.0566  -4.78806  7.21969  
-11.9829  -5.32085  9.78713  
4.41535  0.822774  -11.5628  
3.71532  3.45737  -13.0889  
-15.3112  21.7322  28.6302  
-16.086  20.8853  25.961  
-27.9441  -9.1911  -1.55134  
-27.3586  -8.79086  1.29087  
10.0364  26.9904  12.0237  
9.42025  29.1037  13.5754  
14.8494  22.9579  24.0327  
16.5121  21.2827  25.8487  
-3.44274  -2.73374  -9.33551  
-6.00768  -3.40967  -10.5591  
-2.07852  -28.5664  -10.0256  
-3.76231  -29.3003  -7.60274  
24.6142  22.3199  -4.50027  
22.1118  23.8369  -4.68053  
-10.4828  19.2212  -17.7027  
-8.03809  17.7215  -18.2742  
22.4654  -24.1895  22.6931  
20.9922  -21.6437  22.5698  
17.5486  19.7732  -20.3882  
20.1637  18.5219  -19.5402  
-24.5681  -12.4264  7.86673  
-23.4491  -13.5279  10.1857  
24.8655  18.8213  -26.9054  
27.9105  19.6083  -27.1151  
21.3474  27.5813  -16.6612  
21.3437  29.2067  -18.8731  
12.2591  -9.86943  -2.76091  
13.8749  -11.887  -3.92155  
12.784  25.8689  4.0853  
11.0579  23.6888  4.5672  
-27.4453  12.4116  25.9942  
-26.6977  11.124  28.5773  
-10.612  -17.9569  -28.1552  
-10.2361  -15.0216  -28.1013  
15.907  17.152  -3.21551  
18.5956  17.3613  -2.07088  
17.2638  25.1812  -21.5179  
14.9471  23.2844  -20.8986  
-25.4797  -24.333  7.98504  
-25.7003  -27.1651  8.48748  
13.9243  27.744  -15.4825  
16.3929  26.1012  -15.4636  
-5.74642  23.8319  17.0481  
-7.55974  26.1448  17.2791  
1.92941  8.56345  -12.6571  
-0.182939  6.47109  -11.9286  
6.39053  20.3752  -15.3399  
8.46383  19.5317  -13.4065  
-1.43492  18.3053  -29.4298  
1.41714  18.3146  -29.0256  
-11.4084  -16.5846  13.7299  
-9.51661  -17.7465  15.527  
9.91577  -10.7653  27.6357  
11.3711  -9.30403  -29.095  
-18.4446  22.1795  -16.7104  
-16.7769  24.3916  -17.5618  
0.188314  -0.575402  15.4079  
-1.76841  -2.58382  14.7724  
-25.5914  -24.4682  -24.9337  
-27.0367  -23.0205  -23.0029  
14.8266  -24.5171  -24.5283  
17.2603  -23.9595  -23.2313  
16.9855  -14.3059  0.818614  
17.9122  -12.8806  -1.42728  
-23.7774  -27.7903  -17.6439  
-22.3616  -27.2588  -14.9618  
9.52119  -16.8547  -28.5424  
7.70396  -18.939  29.3901  
-1.42186  -7.29354  -14.8459  
-2.16674  -4.80767  -13.2366  
-1.00713  14.0711  -10.8219  
-0.765412  16.9178  -10.6525  
-7.68504  21.9637  -7.06504  
-6.29066  23.8123  -8.9777  
-1.69983  -14.5248  -20.4192  
-3.46742  -16.728  -19.0563  
14.842  -3.69537  -13.8046  
15.217  -0.850884  -13.898  
14.4967  -5.36944  16.9486  
12.7257  -5.28595  19.3606  
-21.8546  18.5129  -7.37466  
-20.6917  16.5802  -5.44132  
4.88244  20.8474  -25.9434  
2.59342  22.5049  -25.7443  
9.27501  11.0693  19.4086  
8.44762  10.2702  16.5474  
10.0964  19.1385  -28.6475  
7.99766  21.0065  29.3577  
16.8644  10.5538  13.6658  
17.9656  9.75277  11.2116  
4.04694  -14.7087  -11.0062  
6.91629  -15.3705  -10.5913  
9.66912  27.1437  -21.5877  
12.6046  27.1206  -20.9804  
-18.5336  5.60452  13.4523  
-21.5685  5.88331  13.1496  
15.3312  1.50065  27.0181  
16.4069  2.79854  -29.436  
17.2659  -6.67179  -21.2742  
18.1098  -5.29418  -23.6261  
17.37  -17.1764  -7.8379  
16.0828  -14.6403  -7.50286  
-25.9508  22.9512  20.7687  
-27.0567  22.043  23.2445  
-22.8964  -13.0022  2.29973  
-21.764  -10.8587  4.15761  
-13.5684  26.9674  -13.0668  
-13.2094  28.932  -15.3999  
-13.7383  -18.5251  -1.00227  
-13.2865  -19.7104  -3.87404  
-7.09422  -21.0241  27.0715  
-7.37087  -18.386  28.3259  
-11.6768  -28.1068  -11.8528  
-10.1671  -28.1031  -9.30815  
-9.35339  18.4102  -6.38912  
-6.76816  16.9973  -6.17143  
-29.2865  -10.3246  -6.01357  
27.0752  -10.2143  -4.35887  
0.254174  13.1243  11.6918  
0.465339  14.0473  14.4141  
-1.46439  15.2838  -15.2738  
-4.50041  15.5905  -14.5666  
-4.86496  27.7783  -23.6229  
-5.73364  24.9596  -23.5183  
-3.42461  25.024  -0.178361  
-3.70087  22.9394  -2.17526  
-8.69131  7.73727  7.81669  
-10.3722  5.46393  8.58359  
15.7063  -15.4914  -11.8292  
17.7282  -14.7036  -13.7509  
-8.2456  -19.7153  19.4215  
-8.56652  -16.836  20.187  
19.9096  12.3134  -5.37446  
18.5953  13.2083  -3.07334  
2.35956  -11.8215  13.708  
2.61206  -9.18502  15.1149  
-23.5902  -27.1889  20.469  
-23.7329  -27.8458  23.3434  
6.7108  -8.62137  8.08275  
9.35426  -10.3533  7.39506  
-20.4962  -0.467993  6.77851  
-22.9395  -1.07788  8.35544  
-12.2283  28.9291  -20.0575  
-12.7112  -27.2174  -18.9301  
-15.3163  7.1994  -15.9566  
-16.1261  9.27487  -17.7595  
18.8878  -1.24952  -11.3505  
20.2875  1.35603  -12.0303  
24.2929  5.07966  -8.70131  
25.9292  2.89116  -9.21862  
-18.7565  13.1181  -3.22077  
-20.6491  12.0475  -5.16114  
-7.77543  -9.87315  -10.1499  
-8.77273  -9.63787  -12.7783  
7.0348  10.9318  -5.37508  
8.12949  12.5898  -3.19814  
-1.74968  -20.9982  -9.25335  
0.517064  -22.3161  -7.77338  
-25.0461  4.88672  10.0135  
-25.4467  7.0409  12.0551  
-20.8192  6.57518  4.08997  
-19.9815  9.36068  4.84133  
-9.99036  1.81504  13.0348  
-11.9975  3.95349  13.3501  
-3.99321  4.08944  -25.7241  
-4.95222  4.59293  -28.4238  
-6.61536  -27.5789  21.5497  
-3.86296  -28.3914  21.7476  
-16.3342  -21.7157  -22.7344  
-15.8763  -19.9444  -20.2853  
15.3619  22.7426  6.32901  
17.2224  21.2892  8.07778  
22.2671  -4.32981  11.2102  
20.6667  -2.25176  9.35316  
12.9204  -15.7362  1.7247  
14.9004  -16.9517  3.66947  
19.9859  2.56965  -18.284  
20.7692  5.55674  -18.3348  
-28.9834  22.0152  -10.3288  
-26.7397  20.1499  -9.84494  
-21.417  29.4359  11.8482  
-23.3335  -27.1995  11.9768  
-18.2213  -4.80199  -26.2637  
-18.9093  -1.96117  -26.4688  
1.31658  -1.99357  24.7363  
4.21518  -2.0973  24.2601  
15.0106  -2.49992  -25.3062  
14.8115  -1.1635  -27.9895  
-28.6023  -4.65949  14.1312  
-28.4428  -6.29221  16.3282  
-20.2949  4.80023  -26.4534  
-18.7645  7.33677  -26.2858  
10.883  -4.07363  22.8454  
9.5827  -2.16034  21.1708  
23.7038  2.84465  -0.315093  
26.2506  1.20858  -0.45982  
5.85342  23.3929  27.4309  
6.83475  21.6138  25.4892  
-0.0130129  23.7327  -19.6378  
-1.53796  22.191  -17.7426  
26.0056  -2.81672  -17.8307  
24.562  -0.669443  -16.5924  
-23.0138  26.7983  2.15267  
-24.8028  27.9485  4.13018  
20.6652  22.8073  -21.1615  
21.3452  25.6225  -20.5586  
18.8602  6.32723  -11.3754  
19.636  4.88793  -13.9153  
27.6861  26.1952  -10.2162  
-29.1857  26.0767  -12.3982  
4.22414  4.154  15.4883  
1.11694  4.44783  15.6783  
10.152  -12.2532  14.0667  
9.7886  -12.5096  11.2873  
23.977  -6.56845  -9.84363  
23.2414  -5.99026  -12.6297  
5.67142  -26.5297  15.36  
4.49681  -29.0013  16.2999  
26.3675  12.3422  -17.7379  
25.6415  12.2601  -20.6168  
-6.08813  -26.6623  4.81838  
-4.50362  -24.3962  3.82679  
-13.0555  5.06434  -19.1433  
-11.3366  2.85705  -18.0143  
-27.3199  6.18729  5.64908  
-27.6118  9.06114  5.19449  
-0.427729  -21.8569  18.0896  
-0.652482  -23.6881  20.3395  
5.4737  15.9388  -13.0391  
3.25681  14.9076  -11.6016  
4.713  -24.3922  -16.4321  
2.11546  -23.114  -17.1823  
-5.09734  -21.4946  -27.5615  
-3.47654  -21.9082  -25.2406  
-6.3333  -21.015  -9.29639  
-7.27117  -18.2456  -8.73134  
25.8307  5.21914  -2.7288  
27.6537  5.39527  -5.15345  
8.26787  -9.88362  22.7081  
10.8237  -11.0931  23.6842  
-6.23461  21.3317  -17.0306  
-6.02075  24.215  -16.5404  
10.851  -15.9572  -9.41972  
10.9744  -13.0019  -9.91274  
-12.9751  -9.09683  12.689  
-15.465  -8.67621  10.974  
25.2066  -15.858  -29.192  
27.7906  -17.1701  -28.8316  
-28.835  -10.9592  21.2701  
28.6239  -8.72664  19.905  
-9.70927  -28.9005  18.0137  
-10.5546  -26.4681  19.6374  
-15.1485  -6.85403  -8.49705  
-13.52  -5.54652  -6.31424  
-2.29153  13.4661  2.67556  
-0.00487846  11.9585  3.00287  
-25.9589  -20.965  -9.9491  
-26.5228  -23.7487  -10.3808  
0.65545  -13.3304  0.925538  
0.844721  -12.8156  3.83603  
-7.38651  -4.20798  -27.4622  
-7.43607  -6.72489  -25.8521  
2.85822  -6.98231  -19.8267  
0.160548  -6.23312  -19.5775  
-0.829445  -26.1634  11.1066  
0.794205  -24.6509  12.966  
-1.33147  -1.15378  -5.50891  
-4.25331  -1.71799  -5.45086  
25.1494  -7.82897  9.27809  
26.4076  -5.6374  10.8187  
23.477  -0.604164  -9.99435  
24.4965  -1.01003  -7.2528  
-6.73098  5.4303  10.7482  
-6.02319  2.8205  11.6116  
16.013  9.63693  -20.4783  
15.0488  6.68128  -20.1427  
-8.53021  17.2511  17.6317  
-6.39823  16.9166  19.6658  
-3.18544  -14.5836  -7.49094  
-4.33622  -14.3739  -10.1527  
-6.55312  -0.513233  7.99313  
-4.63924  0.968649  6.14278  
1.36101  8.10302  -20.409  
-1.01658  8.01094  -18.7264  
23.0956  22.5329  14.9091  
25.3125  22.3242  12.9266  
-15.757  6.34074  -11.2968  
-15.6153  3.93722  -13.0455  
0.0541279  -1.33903  0.51557  
1.53866  -0.426466  3.23357  
12.1994  -19.5774  0.0689565  
11.3633  -21.8333  -1.00054  
15.7699  8.34323  -13.7212  
14.5744  8.00391  -16.4264  
11.0201  -29.2288  2.60691  
12.2544  -29.3426  0.0731916  
29.1287  -5.1565  23.7363  
-27.8265  -6.14961  21.9615  
-22.4073  -10.5469  -26.4891  
-20.4869  -12.1799  -25.0752  
28.2931  -19.2607  2.09831  
27.9325  -21.6087  0.565795  
-11.6949  22.1811  -12.3358  
-10.0391  23.6929  -10.3312  
4.69712  9.81975  -24.1936  
2.97773  7.35487  -24.2424  
-13.7187  27.3774  5.3252  
-12.8975  28.5441  7.94388  
10.9113  -7.19658  4.98051  
10.5487  -4.48791  6.21526  
-15.19  -5.73024  21.1021  
-12.5098  -4.96884  20.2592  
10.9545  7.99628  -21.0044  
8.83137  6.80068  -22.6747  
-19.4341  22.8998  14.0949  
-20.3709  25.0179  12.3952  
-27.6968  -10.0103  -18.5718  
28.3116  -10.4421  -19.0401  
-25.2558  12.4934  22.0941  
-26.5275  10.0808  22.9429  
14.9086  13.8945  -19.4203  
17.51  14.2872  -18.038  
0.958465  -22.7223  8.41151  
1.86177  -19.9742  7.9157  
25.7411  23.3444  -16.4669  
26.1385  23.7346  -13.5571  
-7.29591  -1.32308  20.2232  
-10.3956  -0.947976  20.7476  
-0.867107  15.0139  -1.01236  
0.70868  15.673  -3.43094  
-22.6216  -24.9093  -28.7323  
-24.0286  -27.5256  -28.2972  
-27.6507  -0.982826  -1.56632  
-24.9392  -0.375355  -0.918562  
26.5177  0.0465476  17.448  
27.3885  -2.70911  16.9751  
-10.785  -26.7494  -28.6367  
-9.1259  -29.1538  29.3944  
29.369  -2.07482  11.2812  
-28.2526  -4.21565  9.72106  
5.91208  8.72127  28.6562  
3.84228  6.72036  29.4027  
-15.7171  26.0954  -7.86203  
-14.1815  24.4575  -9.74803  
27.1357  11.3467  18.1144  
25.7981  9.87715  15.9686  
18.7863  22.096  22.1417  
19.5048  19.8137  20.4691  
27.8475  -28.5787  -25.9722  
25.9436  28.5082  -24.8233  
18.1837  -20.8814  15.1882  
20.4444  -20.6919  13.4907  
-10.0675  12.4459  -11.8634  
-12.1677  13.5164  -13.6185  
-10.8469  25.2519  24.9538  
-12.1461  22.7313  25.8699  
-8.60962  4.24377  16.81  
-7.97343  6.699  18.3482  
-26.6351  -22.4864  0.485455  
-24.4798  -24.2861  -0.500487  
-16.9698  -8.38441  -3.06719  
-17.942  -6.33624  -4.87136  
-14.3046  -11.6045  -20.0634  
-14.4916  -9.61318  -22.2183  
-19.7221  -15.562  23.7269  
-17.1439  -15.6324  25.1942  
-2.29964  11.8599  27.168  
-3.14279  9.44073  25.9569  
12.2256  -22.824  15.2524  
12.1145  -23.2931  18.3145  
3.65782  -16.3411  10.0236  
4.62487  -18.8857  11.1493  
-20.2985  -21.4207  2.75563  
-20.1435  -19.28  5.11859  
4.70647  -26.1848  -27.9506  
4.92121  -28.7484  -26.561  
-2.83325  -15.8145  0.103073  
-2.18361  -15.267  -2.66903  
-26.354  -5.6119  -27.2978  
-27.0302  -5.97993  -24.4762  
16.4374  17.3114  9.57245  
18.7674  17.2934  11.2779  
17.9819  -23.317  29.0244  
16.7729  -20.7301  29.3731  
1.15374  19.0242  5.56164  
0.452402  16.0211  5.31796  
19.5379  23.9824  17.3055  
20.1904  25.4706  14.7605  
-5.07282  -6.32477  -17.7818  
-5.1075  -7.20764  -20.5589  
-23.1489  -1.45648  17.3852  
-25.2375  -3.57715  17.4662  
26.7511  13.4346  14.4216  
26.9866  16.0445  13.0431  
-17.0118  4.96037  4.34577  
-16.4396  3.06483  2.30028  
-19.6927  -27.3551  4.62689  
-19.7611  -27.2532  1.70872  
19.169  -0.258322  -29.4022  
21.7695  0.0311554  -29.1848  
-26.4693  10.4253  -17.0453  
-23.2639  10.0977  -17.1014  
-23.2447  18.3988  -11.9343  
-22.3372  20.8907  -10.6534  
21.3201  16.027  -26.636  
23.5209  13.7794  -26.2226  
-14.8736  -28.7169  -4.57354  
-12.7229  28.6847  -5.71043  
-1.75045  19.1731  -3.96972  
-4.22347  20.1234  -5.2994  
13.5859  24.3543  -24.9129  
12.308  23.0294  -27.3626  
21.6381  -1.95143  -2.8083  
24.5605  -2.01453  -3.00517  
5.17056  -26.4352  26.388  
7.54811  -25.5919  27.9038  
-6.25027  -16.7649  7.25554  
-4.08042  -18.4922  8.07016  
-3.52287  -5.03232  -2.50137  
-4.86029  -6.15635  -4.79459  
-8.87397  2.00275  -23.7676  
-11.2887  2.17209  -22.1005  
-28.6627  -11.1746  14.2132  
-26.7675  -10.5588  11.9354  
20.6622  -19.3048  3.38634  
19.044  -19.2624  5.70714  
27.4758  -28.8421  18.9638  
28.2633  -25.9501  18.3102  
2.53296  2.3791  0.486775  
2.31691  5.31967  0.837082  
-8.1383  -24.8221  -11.4232  
-5.98869  -23.6863  -13.1469  
-3.04156  15.0434  22.6561  
-1.49788  13.0925  20.9746  
9.02926  5.49649  1.81766  
7.75934  6.45637  4.23876  
1.34417  -11.8699  -13.9387  
-0.47756  -11.1256  -15.9842  
5.37766  24.8626  -22.5138  
6.13583  24.5351  -19.6428  
17.1635  -6.51162  24.2073  
16.5474  -7.34385  21.4584  
-23.037  -10.1898  22.0956  
-24.8704  -10.345  19.8781  
-21.1015  6.0179  -15.9159  
-19.5014  6.45643  -13.5914  
-28.5608  0.704349  14.5711  
-28.6779  2.25484  12.4697  
23.1588  -27.049  18.0725  
20.2885  -25.985  17.7507  
-4.77982  20.4353  -25.5582  
-4.09324  20.5004  -22.7408  
-5.31451  8.16295  -15.3608  
-7.03471  6.04412  -14.765  
-10.6842  -16.0801  -3.79645  
-9.64475  -15.0367  -6.47364  
13.6932  -14.0178  6.58546  
12.7726  -11.6492  5.16689  
25.8111  -21.3886  -5.21961  
25.6906  -23.5496  -3.38325  
-8.12341  13.0582  -7.53648  
-10.1611  11.1574  -7.56849  
-27.6561  -22.8396  -14.4085  
-26.448  -24.9235  -16.0088  
9.23682  26.8652  -0.371195  
6.65444  27.1249  -1.8058  
12.7572  11.8571  -24.9009  
11.9185  14.0382  -23.1268  
14.93  14.9664  16.0045  
16.1755  17.3108  14.434  
17.8855  5.66357  22.6242  
15.214  4.40128  22.4964  
-4.56629  -9.51997  -24.8221  
-6.9576  -11.1302  -24.2398  
-26.7427  17.7459  -28.219  
-29.0665  16.1323  -29.0331  
-21.8115  2.83271  1.48803  
-23.876  4.55051  1.1781  
3.30342  25.3508  21.602  
4.74714  26.0215  19.168  
-29.1695  21.7405  17.312  
28.9683  19.2369  18.5791  
-17.2132  16.1276  18.6702  
-17.1978  13.7079  16.9737  
-2.59721  20.725  -9.99348  
-4.65682  18.8664  -11.3494  
9.59882  27.3975  24.5823  
8.00362  26.2833  22.382  
29.1978  -6.03249  -18.1174  
-28.2389  -3.48581  -19.054  
-0.682137  -11.9566  23.5708  
0.315415  -13.8814  21.6103  
24.935  -13.6044  -19.787  
24.8622  -11.3477  -21.8219  
14.9684  8.63449  -4.8851  
13.5319  10.8252  -6.32042  
-22.1109  -14.2409  20.4527  
-20.3932  -16.4235  19.5147  
-14.9369  4.66116  22.6944  
-17.0988  5.22241  24.7311  
9.89432  -15.8549  8.25101  
7.02517  -17.3548  7.84397  
-15.401  23.1984  -2.82656  
-14.2541  25.8916  -2.89248  
28.1199  4.32368  15.8997  
26.7905  4.30705  18.3291  
-9.92957  16.679  -23.2683  
-8.13634  18.727  -23.9603  
-2.0035  9.19882  -3.44417  
0.279296  11.1774  -4.17046  
0.120745  26.0159  12.3698  
-0.161638  28.351  14.1056  
21.2624  -25.7495  -22.633  
19.5633  -27.282  -24.3887  
-3.39359  4.01888  8.65521  
-2.82641  4.69289  5.82206  
27.3059  1.92017  5.54698  
27.7236  -1.0135  4.96177  
-3.82415  17.7757  4.79499  
-6.52759  17.0695  6.37334  
-15.2079  26.7787  1.10654  
-16.1685  29.2855  2.31425  
12.1891  -20.8942  -9.24059  
13.628  -18.6436  -7.72459  
-12.0206  9.39043  -17.803  
-10.035  10.913  -16.3148  
13.6352  21.7538  19.7194  
14.0083  19.0491  18.6054  
17.3833  23.0759  -26.9134  
19.8131  23.7478  -25.4402  
-21.8048  -2.6979  0.73942  
-22.6523  -1.03493  3.1645  
27.1986  -1.93734  -28.5361  
28.339  -3.79092  -26.4078  
-24.5069  2.35339  6.59843  
-27.4585  2.15519  6.82097  
24.9218  10.4879  22.1676  
23.6652  7.83163  21.5675  
0.0831424  1.36106  6.74101  
0.944099  -1.37346  7.26076  
-27.3015  -21.3154  4.60426  
-24.1619  -21.3455  5.05022  
7.1748  11.9971  -17.5887  
7.11216  9.56131  -19.1353  
-8.34556  17.8715  -13.6955  
-8.93409  16.7968  -10.8589  
-26.7947  20.2881  6.81551  
-26.0715  22.3467  8.76642  
-21.2811  23.2041  -19.7037  
-23.2972  22.2927  -21.6998  
-18.0476  -0.130826  -8.60626  
-16.0857  -2.32163  -8.23388  
-10.9289  -5.15724  -19.7127  
-12.4014  -7.70439  -19.1325  
28.9534  -1.3004  26.516  
27.2118  -3.47914  26.9683  
-25.101  14.187  -5.01815  
-24.31  12.9882  -2.48597  
14.6341  -27.2149  9.01018  
14.0428  28.7954  8.93621  
-4.64262  -25.94  -16.8499  
-4.34371  -22.9975  -17.1759  
-9.27454  -6.65342  -16.0351  
-8.34532  -5.41387  -13.5136  
23.0452  -17.5198  14.257  
24.2466  -19.6355  15.7909  
3.36373  -12.5904  18.3354  
3.54311  -15.2797  18.8678  
18.1808  -1.96424  -20.165  
17.3588  -1.17793  -17.3845  
-1.18845  -24.7755  -10.7851  
-1.60219  -25.4267  -13.6175  
-29.3054  13.4345  -14.7217  
28.5604  10.7031  -14.648  
-9.57419  -1.59068  10.1508  
-7.9461  -1.63083  12.5108  
-6.70673  22.6152  1.68281  
-6.90401  20.2323  3.51611  
-17.508  0.192009  -0.813978  
-15.0254  1.79623  -1.30863  
-27.3834  3.6972  19.1725  
-24.4852  3.37569  18.7191  
-17.5416  1.60492  -25.5925  
-18.8537  0.77294  -23.1698  
5.87056  -26.1246  11.1163  
8.12585  -24.1737  11.3533  
16.9857  -23.5762  12.0838  
15.9027  -26.2357  12.8931  
22.4365  28.4148  8.27117  
21.9486  26.6792  6.17321  
15.8088  0.384  6.68574  
16.1108  -1.87448  8.49229  
18.3997  -25.3003  -15.3804  
20.6509  -24.0892  -13.9352  
13.7009  14.4883  22.9552  
13.6241  17.386  22.7518  
-29.0208  -21.3455  29.3039  
-27.5523  -18.8733  -29.4341  
-6.91334  -21.9269  12.0011  
-8.94721  -23.0772  10.1412  
-25.4612  6.99881  -19.9895  
-25.8876  5.76626  -22.7302  
-2.28712  22.8403  -28.465  
-1.89169  23.595  -25.4693  
9.13317  -3.57862  13.0656  
8.77893  -5.89725  11.1342  
6.485  -6.58804  -16.5744  
7.04404  -6.11187  -13.8727  
11.0749  -27.844  6.89951  
8.07191  -27.6782  7.331  
-15.311  -14.888  -13.1948  
-17.5991  -13.0872  -13.0187  
19.0793  -5.48344  15.3692  
18.3727  -7.81688  16.7494  
5.38289  11.1661  12.2885  
8.0634  12.1569  12.7869  
0.699863  0.835028  -16.4493  
-0.723682  3.2246  -17.5033  
18.9378  12.0596  24.913  
20.6149  10.7738  22.7692  
-6.03769  -24.6128  -23.5683  
-6.44826  -26.7681  -21.5103  
9.88092  -27.9658  -19.2189  
8.90256  -25.7166  -20.5718  
-18.9374  -12.4163  26.8878  
-19.2902  -10.8621  29.3729  
-15.6446  -25.0966  4.08094  
-14.5224  -22.4005  3.85246  
18.6584  -22.9425  -0.829639  
16.284  -21.2496  -0.666215  
-1.61234  -26.0119  16.7032  
-1.79782  -28.8039  17.3732  
3.15968  27.8528  5.24992  
3.68861  29.3445  2.95803  
-25.579  -27.2407  -21.721  
-25.7366  28.8637  -20.9734  
-22.8041  26.8758  -27.3723  
-25.619  27.0186  -27.1748  
-16.1459  -18.0469  2.74796  
-16.6375  -20.3732  1.14033  
-15.8378  -16.3057  13.7082  
-15.1582  -18.344  11.8892  
-5.04903  15.9475  -21.5415  
-4.3672  16.463  -18.8112  
-12.5473  20.9063  11.8429  
-13.4297  18.1657  11.9306  
-24.4835  -15.1599  -13.0225  
-26.5454  -15.6499  -15.0997  
-13.9607  -3.36597  27.7094  
-16.4384  -4.00993  29.1078  
15.2092  -16.8923  27.195  
17.3282  -16.1351  25.3432  
-13.0907  -24.7757  15.9918  
-11.1376  -23.9049  13.9698  
4.87142  1.43756  -5.27643  
5.95469  -0.766602  -6.86935  
-21.3525  10.2409  -13.0366  
-19.9314  12.0111  -11.0789  
-24.418  -12.1985  -20.2116  
-23.332  -10.3799  -18.3346  
11.2106  4.01232  -25.4528  
13.5263  3.70576  -23.684  
2.42647  -5.64543  18.0999  
2.21824  -4.3664  20.7537  
-0.472964  -3.79652  28.279  
0.120451  -1.2442  29.1271  
23.3343  -8.58856  22.3437  
20.5116  -8.4085  23.2921  
5.49659  -16.8796  -17.0198  
6.3052  -16.7069  -14.2054  
24.8637  -10.1636  5.95437  
26.4537  -12.2819  7.39575  
11.9378  2.42342  -15.5951  
13.9866  4.06675  -14.3932  
-18.3027  4.47809  -3.33786  
-20.2634  5.1575  -5.21697  
7.40605  -1.61243  -26.5304  
6.90512  -1.36278  -29.3202  
-26.3673  25.3333  0.118941  
-27.8919  24.724  -2.32878  
-10.9576  -29.1069  25.7024  
-10.7945  29.3719  22.795  
-25.9924  28.8663  -14.2225  
-27.4636  27.2126  -16.3936  
7.03935  -27.0987  19.5105  
8.78289  -28.6441  21.3808  
21.7843  -16.2763  -6.36983  
23.1703  -14.5242  -8.26743  
-22.6151  1.66015  -15.4831  
-25.0333  1.78021  -13.4953  
6.05894  3.22764  9.8849  
4.21247  1.16521  8.51994  
-16.7204  -1.65463  20.0342  
-16.4106  1.18047  19.9197  
-5.26515  1.73627  -21.5448  
-5.84144  4.50545  -22.0646  
-29.3711  19.2671  13.8274  
28.5107  20.0006  11.0432  
-28.2133  -14.9294  23.1089  
-29.0009  -12.7526  24.8008  
25.6011  1.21342  27.7693  
25.7317  4.11954  27.7271  
-1.26353  8.2795  21.9686  
-2.74655  5.79058  22.921  
10.9191  22.6291  -5.95998  
13.4126  23.9503  -5.42465  
7.34034  -14.8323  4.40874  
5.1835  -13.7007  2.76329  
-15.0523  18.0461  -2.75119  
-13.4814  18.1925  -0.296118  
25.6474  -28.2109  -12.9951  
23.3791  29.0938  -11.936  
-6.47955  26.454  -13.3198  
-9.34224  26.0403  -13.8661  
27.1376  7.07181  25.0447  
-29.0736  6.24743  25.5382  
24.0073  16.1861  9.16983  
23.1223  17.6049  6.67228  
8.97774  -10.9632  2.70871  
10.8349  -8.98843  1.38665  
6.97937  24.3474  9.03214  
6.59902  24.8202  6.14441  
19.3134  -26.556  9.9218  
21.9853  -25.8386  8.81121  
-3.79088  -11.692  -0.331095  
-6.32726  -10.19  -0.510176  
6.13438  -9.70762  26.5  
5.82858  -8.74237  29.2422  
-12.6001  1.506  -12.4735  
-14.923  0.302637  -11.3142  
-21.9281  27.5466  -5.38044  
-22.1251  26.1275  -2.89903  
-17.7567  -13.7123  0.584201  
-15.854  -12.9563  -1.38167  
9.5349  1.55278  1.1707  
9.43417  -0.43952  3.43911  
-18.9955  28.7952  -15.3241  
-17.5037  -28.3955  -13.2712  
-5.87892  14.3065  15.8873  
-3.81558  12.8476  14.2884  
-20.3188  5.72821  27.8379  
-20.9161  4.29362  25.4715  
4.75465  25.4823  -27.2551  
3.3533  27.2894  -29.0214  
-11.2534  7.29647  -0.526141  
-8.79945  6.92682  0.506166  
12.1422  12.9622  -0.485205  
9.97913  13.6998  1.31486  
18.0921  -24.2522  -10.4929  
19.6545  -25.0642  -8.18812  
-20.5829  24.923  -23.9981  
-19.6626  27.5698  -24.8056  
-26.8419  -26.9483  -7.51726  
-24.2081  -25.803  -7.87071  
8.43007  4.93282  15.0708  
7.78408  5.58251  17.959  
28.3754  -26.2535  -15.7922  
25.8651  -26.5469  -16.6029  
-13.5668  13.4989  -23.719  
-12.515  13.2194  -26.3347  
-23.4384  -5.07206  -12.678  
-22.9449  -2.61101  -13.9703  
-24.2658  -5.90713  10.1337  
-23.6871  -6.01291  7.25621  
-27.7853  12.116  -8.38525  
-28.0616  14.8081  -9.53535  
-21.6878  17.6633  1.57935  
-19.135  18.2427  2.83041  
-16.2675  -14.8626  -8.94731  
-14.7999  -15.4974  -6.62373  
-0.176001  22.0578  3.45621  
1.526  24.6342  3.67692  
-20.8463  12.4005  22.9606  
-21.1804  13.0122  20.2242  
-3.85037  4.75003  -9.32638  
-5.64838  6.62447  -10.8632  
29.1355  -9.07371  5.16152  
-27.4484  -7.34974  5.75294  
-0.47305  -12.8583  -10.0976  
2.11172  -11.4934  -9.62747  
14.5359  -5.83798  7.59788  
16.9904  -6.97116  8.71199  
-13.6159  0.837062  -6.79943  
-11.623  1.36341  -4.67274  
1.10311  -4.03409  -5.21455  
2.48563  -1.95423  -3.88175  
0.902719  -5.24985  -10.7232  
3.17779  -4.00165  -9.26797  
28.3461  29.3029  -18.5332  
28.5818  28.7858  -21.4456  
12.5576  11.3975  16.0225  
12.7781  12.7946  13.446  
-25.4743  -23.9784  22.3401  
-27.642  -22.866  20.7701  
-20.1038  13.055  7.45008  
-20.4657  14.4642  4.99925  
22.1508  -15.5171  22.7692  
19.7863  -16.6527  21.8141  
-19.9272  -23.7718  -0.683684  
-19.5687  -21.0018  -1.40016  
-3.65988  -18.2609  -5.97572  
-0.789629  -17.8259  -5.71855  
11.8288  -10.0602  -7.10231  
13.6372  -8.93445  -8.98051  
-22.2522  -3.48163  -17.4584  
-20.5008  -3.2546  -19.9275  
1.27562  4.12587  -6.06125  
2.58028  4.44516  -3.34738  
-2.67746  -21.6802  11.1915  
-3.12444  -19.017  12.2289  
-12.6962  -10.165  -2.86765  
-14.1078  -10.5315  -5.48289  
12.4837  -29.2673  -4.59584  
14.0517  -26.9586  -3.52577  
-25.0617  -15.2519  28.767  
-25.3579  -17.2198  26.2144  
-22.6371  14.989  -23.2495  
-25.0341  15.1078  -21.582  
25.8698  -25.1411  0.863771  
23.4921  -24.0707  0.00167555  
-20.7331  -24.1166  22.8247  
-19.9958  -21.0819  22.7055  
5.39154  5.93168  22.1322  
6.1868  8.77902  21.1553  
-9.71493  26.0415  13.8226  
-8.61864  28.7077  14.0125  
-9.19292  6.38316  -7.26543  
-10.1508  7.16542  -4.40498  
-4.05712  -8.45057  9.16359  
-3.17477  -7.7772  12.1203  
15.6441  -4.27015  12.4229  
15.0273  -2.24223  14.0532  
-9.35036  10.8941  18.8455  
-6.57952  10.6474  17.9253  
19.0097  -12.4137  -5.94662  
17.2708  -10.0744  -6.08809  
13.0517  -7.77975  -14.3725  
10.8625  -5.82964  -14.5582  
-9.85127  15.8377  10.1486  
-10.6748  16.343  7.33775  
-0.0500781  6.30996  27.1957  
-0.72816  5.29656  -28.9088  
23.2795  7.45814  13.0142  
21.099  8.9806  14.1115  
-13.2953  16.4037  -7.95263  
-13.3126  18.9557  -9.70818  
-3.49717  -14.9269  -24.4745  
-5.50678  -15.9086  -26.8979  
-24.1919  -4.593  -20.9484  
-25.0106  -7.44826  -21.0696  
-15.8299  7.69891  -22.6172  
-14.1375  9.27558  -24.785  
-17.9305  27.4865  9.51378  
-20.3938  26.315  8.37984  
21.9482  17.0475  -4.87419  
21.9603  19.5687  -3.10887  
-9.9566  -4.51568  -8.99319  
-10.2637  -2.11689  -10.3973  
17.6857  -26.8647  -19.6067  
16.6865  -28.3584  -17.3314  
19.2117  19.4875  5.06524  
21.5653  19.6644  3.27144  
26.8599  14.5823  21.0719  
28.8102  12.5585  21.6635  
1.45671  -18.417  -18.0025  
-1.17477  -19.8762  -17.5659  
-0.125142  25.816  29.2526  
-1.19543  27.8363  27.6176  
-16.9863  -15.3725  6.01977  
-19.5672  -14.8956  4.86811  
-12.8343  -11.2319  16.5507  
-9.90323  -10.6377  15.7768  
-16.5019  -5.69091  -14.7483  
-14.6017  -8.41433  -14.8046  
24.5536  5.4521  7.85791  
22.3198  4.48033  9.49689  
-21.1984  16.911  -20.0487  
-19.0084  18.2962  -19.1707  
-3.55646  -0.0919546  -18.3249  
-5.01123  -2.47112  -19.479  
27.7869  24.8464  26.1751  
27.6254  27.3777  24.8393  
-19.5317  -17.1336  28.2415  
-17.9201  -17.5765  -28.1231  
-1.59978  1.82781  -8.34466  
0.651591  2.86791  -9.97868  
11.319  -18.2126  15.6419  
10.3787  -16.4771  13.4945  
1.31745  13.6381  -20.7434  
1.86652  12.4233  -23.2127  
18.8715  -10.2703  -19.1679  
16.8789  -11.3891  -21.1906  
10.4856  -21.2587  8.51028  
10.4854  -20.2845  11.4451  
-19.6636  22.0904  24.1272  
-18.8621  19.8317  22.3586  
19.2555  14.9854  20.8725  
18.4229  16.3135  18.5516  
-4.10317  13.5062  -5.08328  
-3.89174  12.8594  -7.93708  
20.4961  -16.2411  9.4402  
18.8017  -17.5978  11.4488  
25.2177  -27.3964  21.7003  
23.2466  -29.1752  23.0465  
-4.42434  3.12685  -2.46951  
-5.89012  0.908417  -0.51599  
-9.41239  -12.2817  -2.53772  
-10.2431  -11.3229  0.128072  
-11.8652  12.9448  12.6316  
-12.9099  15.2022  14.2057  
5.37167  -19.8398  0.532743  
6.64888  -20.2273  -2.08016  
-13.9445  -11.9856  1.98157  
-12.5773  -12.2001  4.55282  
-10.7797  21.1058  2.19484  
-12.7756  22.191  0.423156  
-22.3108  4.19509  -19.6213  
-19.7713  2.68477  -18.8161  
25.9762  -16.4606  -11.3276  
26.3076  -13.5334  -11.7604  
8.62254  14.5193  -7.28077  
7.71684  14.7118  -10.1096  
20.6384  -0.427167  13.5587  
21.0135  1.03772  16.035  
-8.38162  -23.1081  6.02782  
-11.1865  -23.1342  6.41119  
17.7631  6.29286  8.95141  
15.7866  7.84659  7.31561  
-13.2601  -23.0895  -6.2589  
-15.1892  -21.2359  -7.34652  
25.3375  -7.59748  26.3708  
28.1002  -8.21367  27.2629  
-4.12234  -2.03871  28.685  
-6.14424  0.159825  -29.3601  
-16.1876  14.4521  -0.501155  
-18.63  13.8805  1.04191  
-17.288  -5.95784  -22.1801  
-16.5625  -5.03104  -19.22  
-23.2539  19.1849  -2.61013  
-25.0359  20.893  -1.08916  
-15.8784  14.0784  -11.8004  
-16.3032  13.9551  -14.4788  
-4.79984  8.32422  -26.7322  
-4.71335  10.3093  -28.7799  
-21.2126  25.1613  -10.3817  
-18.6937  23.8227  -10.4879  
27.7118  -5.03137  -12.0333  
-29.4145  -4.26639  -14.2771  
-18.6938  -20.6273  -8.81596  
-18.0949  -18.2767  -7.0241  
22.6798  2.3666  -24.5485  
23.6313  3.63395  -26.9203  
-14.9971  10.4765  0.165457  
-13.1861  10.0511  2.29783  
28.1091  12.3227  29.4127  
25.3103  11.4818  -29.3405  
19.8884  -6.93768  -27.8508  
20.6786  -4.25377  -27.1982  
-22.2418  -16.4081  -0.887533  
-22.9581  -19.2801  -0.170461  
11.1285  -20.6468  27.5363  
13.7864  -21.9574  27.1141  
-29.0898  15.104  0.114387  
-26.4526  16.116  0.338092  
7.75704  18.8985  8.47441  
5.48199  17.2774  7.76627  
18.9417  -20.0441  -4.82873  
19.1243  -21.0906  -7.47828  
-2.50049  -15.6037  14.6011  
-0.508781  -17.2676  15.3435  
-21.7247  18.6453  -26.3194  
-20.6337  20.3468  -23.8755  
29.0653  6.80958  12.2125  
26.739  5.05799  11.3616  
-14.3219  -5.65777  13.7662  
-14.5359  -4.57686  16.5586  
25.0944  -21.654  -17.2861  
22.0677  -20.7975  -16.8601  
13.266  -4.9513  -21.1752  
11.49  -4.73385  -18.7318  
26.8487  -28.553  4.55384  
25.7728  -25.7868  5.03743  
-8.36409  21.8887  13.1584  
-9.29666  23.0768  10.6302  
24.2382  -17.8966  -2.61162  
27.2152  -17.5115  -3.22247  
-1.51103  17.2026  11.8457  
-0.848186  18.2246  9.39474  
-18.4712  28.3014  -19.9158  
-16.0103  28.5917  -18.5709  
10.7665  28.9948  -9.85435  
10.116  -27.5108  -8.1522  
0.0700164  -16.068  25.5528  
2.79937  -16.2553  26.0205  
-13.8671  -3.51303  -16.9103  
-14.8011  -1.4154  -15.1206  
12.4769  22.2731  14.7934  
11.154  24.1393  16.4359  
-16.5575  -0.687526  8.51188  
-16.6744  0.571997  5.88314  
-17.2926  -4.43723  -1.20146  
-16.805  -3.75885  1.49354  
25.58  9.51612  -4.9834  
27.2248  10.5304  -7.21452  
23.4292  -22.8758  -26.3689  
23.322  -23.5989  -29.2692  
3.58204  25.1103  -7.0992  
5.95022  23.3171  -6.74881  
-20.4825  9.47389  15.5507  
-21.4221  12.3521  15.5458  
25.246  -5.36019  19.3231  
24.8549  -8.13975  18.0377  
22.1902  -16.6702  -18.517  
22.6717  -14.8849  -16.3701  
-9.57745  -17.423  10.1925  
-9.94823  -19.0471  7.68404  
-19.902  -8.56813  11.6425  
-19.5525  -9.05091  8.63048  
24.8101  3.1516  -13.3794  
23.5827  3.31812  -15.8766  
17.2327  -22.0714  24.4445  
16.4675  -19.3959  23.1642  
-24.1647  24.54  12.0392  
-26.9832  25.2299  12.5322  
7.62029  -5.82997  -6.97274  
6.9995  -5.5805  -4.12082  
-24.8574  -19.6484  9.01772  
-24.9239  -17.7795  11.031  
-9.3793  -18.7491  -22.6105  
-7.28269  -16.8339  -22.6577  
23.2148  16.3721  25.7041  
22.4466  17.2587  22.6325  
11.885  -21.805  3.43109  
10.9613  -23.7807  5.44595  
-5.96805  7.28497  -3.17  
-4.91975  6.82345  -5.96319  
-21.7132  22.5471  -0.390988  
-18.8524  23.7934  0.261265  
0.63128  -21.0117  -23.0077  
0.0620887  -23.7271  -22.3497  
1.67672  19.7177  12.055  
3.77153  19.5028  14.1285  
-21.8066  16.8115  -15.8238  
-22.5967  14.7639  -13.7818  
8.62204  6.3249  -6.89407  
11.2968  7.05509  -5.9346  
7.32902  -29.0676  -14.0466  
5.52237  -27.685  -12.375  
-5.66275  -7.85039  5.56505  
-5.09969  -10.1145  4.20435  
-19.93  -5.03522  22.7011  
-22.1503  -4.12597  21.0225  
24.2804  -8.83049  13.4704  
22.0543  -8.66498  15.3529  
12.9862  2.73357  -19.6054  
15.8158  1.79373  -20.0909  
-25.4847  19.0014  -22.602  
-26.4997  20.4167  -20.2141  
-7.44615  -7.84372  29.2285  
-4.59246  -9.03374  29.3386  
-2.80234  -28.5503  7.54103  
-1.60005  28.1606  8.94324  
-28.9352  -27.3988  -3.18382  
28.3311  -25.9837  -5.25092  
-2.20349  -11.6762  6.71202  
-2.06462  -14.6628  6.86064  
13.5527  15.3295  6.02724  
16.5676  14.7994  5.99644  
-26.4706  -24.3111  28.1709  
-27.8396  -23.505  25.6346  
-29.0791  17.3169  3.97799  
27.9525  17.7995  6.16305  
-12.2494  11.7446  21.6885  
-13.7905  13.096  19.6654  
-11.7403  25.7929  -23.0982  
-9.3849  27.3354  -22.8546  
7.26089  2.84498  -26.0439  
7.20295  5.6722  -26.8959  
-5.95847  -3.21268  4.77132  
-4.44346  -4.86185  2.90049  
0.815719  -13.8082  -25.2907  
1.30064  -16.1515  -23.7149  
-5.74479  -19.8615  -20.3046  
-3.10276  -21.0591  -20.6948  
9.53732  4.59512  -19.1968  
8.41031  1.8356  -19.0985  
-13.0651  12.6362  5.64237  
-13.7006  9.97395  6.80349  
28.4288  -20.0068  -19.6859  
29.203  -22.3812  -18.4536  
20.5831  -16.0927  -0.265267  
20.3148  -19.0246  -0.603117  
-12.5229  -23.4783  -14.889  
-12.3975  -23.1745  -11.8505  
24.5042  23.7571  9.09473  
24.9434  20.841  8.98045  
-8.73581  -12.8617  22.2557  
-5.62596  -13.5762  22.6144  
-9.89561  18.1791  27.532  
-9.26546  15.6441  28.4773  
-26.531  -16.7733  16.753  
-27.7771  -17.2304  19.1976  
-13.8744  -13.1693  8.472  
-12.4323  -15.2422  7.59576  
-18.5216  12.4216  12.6609  
-16.0619  13.613  11.5033  
6.01662  -1.04979  -21.762  
4.47839  -0.252173  -19.4359  
18.1133  2.06775  9.4077  
19.4857  3.123  11.7589  
-28.0598  -14.6479  9.45408  
28.6847  -14.8244  11.4596  
2.22462  -4.38543  14.27  
5.04218  -5.35005  14.0436  
11.7807  1.94361  -11.5375  
10.7677  2.75077  -8.96379  
-28.0332  8.03109  -9.8138  
-27.5113  8.26874  -6.93451  
-2.68346  20.7514  0.867616  
-0.665733  18.5164  0.420826  
-3.63326  26.9674  19.4247  
-1.19685  26.8331  21.1261  
15.9337  -17.3889  -27.2871  
12.9669  -17.798  -27.3993  
-28.4057  -4.21814  -5.86017  
28.9636  -6.43049  -5.05807  
7.04288  -20.5433  -14.8284  
8.56217  -22.5585  -13.3234  
-24.45  27.9704  27.2351  
-25.8858  27.144  24.9551  
-27.9254  15.4218  10.9381  
-26.6768  13.6777  8.96596  
-29.1846  0.945058  -22.3311  
28.0376  0.155632  -24.5768  
0.118325  18.0831  22.8783  
1.22214  19.0571  25.4485  
4.95839  -19.2863  -23.0416  
3.6902  -19.708  -25.6442  
-20.1557  1.22258  18.249  
-20.9303  3.2776  16.2999  
-6.78234  10.146  25.2084  
-7.74211  9.16757  22.451  
-16.3822  -24.0857  24.2383  
-15.3456  -26.5967  25.1919  
6.65636  -10.0931  -24.05  
3.78802  -8.44335  -23.9436  
26.5575  -15.6752  2.39577  
24.2798  -17.6078  2.05376  
20.8616  24.938  2.71303  
18.7791  24.6452  4.72478  
19.0662  28.7021  19.16  
19.1965  26.764  21.135  
-5.78997  17.9189  -28.8767  
-4.30303  16.5755  -26.7058  
22.4488  25.2397  -13.6859  
20.0235  25.9679  -12.4733  
-16.7263  9.89601  9.74893  
-17.469  7.91684  7.76802  
-21.9893  26.0377  24.4437  
-19.0635  26.2424  24.354  
-4.86734  -22.5296  19.4748  
-6.95692  -22.9911  21.5327  
-7.92995  -6.66396  22.0621  
-9.9607  -5.02134  23.6283  
-26.8202  -5.35233  -10.771  
-24.7542  -5.15282  -8.63299  
-26.1417  18.0823  24.8968  
-28.4352  19.0597  26.4947  
-27.9618  -19.4432  -25.4983  
-27.7667  -17.4224  -23.4379  
-19.4237  -15.8497  10.0747  
-19.6685  -13.0094  11.3274  
7.18097  -25.4192  -24.7729  
10.0329  -24.9341  -25.6057  
13.1622  13.2514  -13.0664  
12.1561  10.7878  -14.2959  
6.3733  21.0092  11.6162  
9.09094  22.172  12.2406  
14.692  -17.4154  -15.8875  
13.7571  -20.221  -16.7894  
-23.1377  2.04996  22.14  
-20.8352  0.370747  23.139  
-23.3512  -13.8835  -8.45345  
-26.0002  -13.0255  -9.24681  
-6.30753  29.135  -17.2758  
-3.38356  29.0641  -17.6471  
7.04249  11.9401  23.7297  
6.37241  13.6169  21.4678  
-21.3774  -22.3498  -16.716  
-22.3534  -20.4583  -14.5902  
-23.3596  -29.4313  -9.27139  
-20.8039  29.0607  -10.7156  
-7.00556  -26.3318  12.6655  
-4.99637  -27.7968  14.0702  
-13.166  2.00138  -25.5952  
-14.5433  4.43966  -26.1697  
8.48152  -23.2362  -4.84706  
9.89376  -20.6879  -5.19726  
-11.9882  -10.1459  -9.74242  
-14.6227  -11.0262  -10.0886  
5.01202  -9.26701  -6.77304  
5.46395  -12.0676  -6.86388  
5.56222  -24.9948  2.47275  
7.32007  -27.1091  3.31913  
-24.5785  8.89976  -0.658248  
-21.8456  8.98181  -1.33152  
-6.95841  -16.794  -15.5512  
-8.39968  -17.1126  -18.1774  
2.97887  -19.6719  18.8725  
3.11281  -19.7936  16.0535  
14.6745  3.2658  15.968  
16.822  1.48393  15.0855  
12.6521  -5.40778  26.9972  
13.1907  -2.62775  26.1397  
-1.88392  14.094  -23.827  
-4.02963  12.5881  -25.1027  
3.211  11.8661  -17.5027  
0.721645  11.4728  -16.5716  
16.9015  12.435  -23.1116  
19.6378  12.9612  -23.4043  
12.7097  -28.9319  -23.856  
15.3422  -29.0905  -25.313  
1.65327  -3.07565  -15.7616  
4.4068  -2.7443  -15.6968  
-22.8022  -1.93555  -7.2161  
-24.3971  -2.38359  -4.78737  
-3.22035  26.0832  -10.9162  
-2.95521  23.7459  -13.1095  
-12.5815  26.895  16.5319  
-15.0134  27.6374  18.2449  
22.7125  9.54233  -18.9963  
20.1274  9.76679  -20.45  
-15.2082  16.7551  6.41661  
-13.603  17.4533  3.92479  
-6.9158  -13.2866  17.8751  
-7.68028  -14.3199  15.3019  
-11.2739  -17.1158  -14.8592  
-12.7727  -19.2359  -13.3259  
-23.8953  -6.86501  -0.461475  
-21.1207  -6.6482  -1.21044  
0.61049  15.1184  27.7585  
0.455651  13.6364  25.2878  
-15.614  -14.5539  18.3406  
-16.6457  -11.8405  18.0356  
21.3473  29.4119  15.0006  
21.2287  29.2818  12.2978  
8.01123  9.39014  7.0135  
11.1117  9.29936  6.7841  
14.2948  -0.628771  -2.54507  
13.5875  -1.19856  0.291283  
15.7109  -0.142603  18.6205  
15.9679  -2.64475  19.8881  
29.2941  25.7994  21.2643  
26.5242  25.2481  20.3702  
19.5786  -26.3263  1.46073  
20.7565  -27.1392  -1.14583  
-9.10282  -23.7799  -0.537331  
-10.8381  -24.9507  1.72485  
23.6757  -25.034  -6.74793  
23.4218  -27.0406  -8.8878  
15.3427  -10.6933  23.7923  
14.5753  -13.5544  24.2615  
-4.94563  -29.186  25.4587  
-5.67148  27.5379  27.7911  
25.3839  -23.5845  -21.9808  
25.3352  -26.0567  -23.5024  
17.9601  26.2935  -7.23979  
17.5816  24.9112  -4.71106  
7.22665  12.7243  27.764  
4.38216  12.5114  27.1793  
0.576214  -5.23441  -23.5141  
0.572788  -3.30313  -25.67  
14.2667  -24.6455  -17.3037  
11.3178  -24.4921  -17.3965  
2.80522  -28.4731  8.90815  
5.14197  28.6701  9.27985  
-3.09728  -20.6838  27.4011  
-0.212074  -19.955  27.3354  
-2.05502  10.1991  -11.622  
-4.94882  11.4769  -12.2249  
-20.7362  -23.2477  -6.2683  
-19.8696  -25.3904  -8.09549  
-23.5288  16.2808  15.1879  
-24.577  14.3396  13.2518  
-2.63799  -7.50145  0.558496  
-0.130473  -6.03248  0.892784  
-18.709  -15.5559  -23.6065  
-21.1344  -15.5307  -21.8545  
-8.96216  -28.7932  0.181661  
-10.929  28.1353  1.28074  
17.0907  3.70175  4.04654  
14.1614  2.86897  3.69225  
-13.5929  -22.6781  19.8247  
-14.1045  -25.1458  21.1165  
22.2285  -19.1682  29.0763  
21.6915  -17.4029  26.8416  
8.20881  0.660659  12.2955  
10.7528  0.618374  14.3785  
14.4024  -5.90821  -28.2324  
15.6147  -8.21732  29.1921  
18.8806  6.10713  -5.13811  
18.6182  8.50723  -3.62492  
14.4477  -20.2447  -22.8919  
13.7757  -18.467  -20.6434  
-8.72034  1.58085  -14.5951  
-7.46465  0.999789  -17.1356  
3.53072  25.768  14.9368  
6.44176  26.0767  14.7733  
14.5639  14.7429  -7.9722  
12.2757  13.5646  -9.14639  
24.8568  -22.4479  8.07667  
22.5731  -22.2796  6.25706  
12.7699  6.74657  17.1853  
15.194  6.24578  18.6436  
