2.074341058731079102e+00 7.476840019226074219e-01 3.336339950561523438e+00
1.508814573287963867e+00 4.379850029945373535e-01 2.561559915542602539e+00
8.386459946632385254e-01 1.444050073623657227e-01 1.581809997558593750e+00
4.283707141876220703e-01 3.157009929418563843e-02 9.711589813232421875e-01
1.186706781387329102e+00 1.495469957590103149e-01 2.257669925689697266e+00
9.150253534317016602e-01 4.684650152921676636e-02 1.889060020446777344e+00
6.783506274223327637e-01 6.430520210415124893e-03 1.636729955673217773e+00
4.214403331279754639e-01 3.194300006725825369e-05 1.374420046806335449e+00
1.227214455604553223e+00 6.141369938850402832e-01 1.824270009994506836e+00
9.444665908813476562e-01 4.540770053863525391e-01 1.443709969520568848e+00
6.105288863182067871e-01 1.798889935016632080e-01 9.707880020141601562e-01
4.050610959529876709e-01 4.872180148959159851e-02 6.712340116500854492e-01
3.512001037597656250e-01 6.084620021283626556e-03 6.162289977073669434e-01
2.671394348144531250e-01 8.734640141483396292e-05 4.809989929199218750e-01
1.925363987684249878e-01 2.707919932731783774e-08 3.417170047760009766e-01
8.795958757400512695e-02 1.497590026307095918e-18 2.439659982919692993e-01
2.762927860021591187e-02 4.395940050017088652e-04 9.924150258302688599e-02
2.147317677736282349e-01 3.044839948415756226e-02 4.492599964141845703e-01
1.598665118217468262e-02 3.840890130959451199e-04 6.960529834032058716e-02
7.262247055768966675e-02 2.166320104151964188e-03 1.792940050363540649e-01
4.494993388652801514e-01 5.399969965219497681e-02 1.099349975585937500e+00
4.494993388652801514e-01 5.399969965219497681e-02 1.099349975585937500e+00
4.494993388652801514e-01 5.399969965219497681e-02 1.099349975585937500e+00
2.883756533265113831e-02 1.686119940131902695e-04 7.898300141096115112e-02
3.555164858698844910e-02 5.165920127183198929e-03 1.133529990911483765e-01
1.025849673897027969e-02 1.014419976854696870e-04 5.641280114650726318e-02
6.930672097951173782e-03 3.299459931440651417e-04 6.238310039043426514e-02
