8.674428462982177734e-01 3.216293752193450928e-01 1.513601303100585938e+00
2.715616226196289062e-01 6.656569242477416992e-02 6.570966839790344238e-01
9.716652333736419678e-02 1.539561431854963303e-02 3.695431351661682129e-01
4.172503352165222168e-01 7.176653295755386353e-02 9.851562380790710449e-01
1.500851511955261230e-01 6.031746161170303822e-04 5.874250531196594238e-01
4.411967471241950989e-02 1.550639012748433743e-07 4.497137367725372314e-01
2.454433679580688477e+00 1.134864091873168945e+00 3.698849916458129883e+00
1.221061706542968750e+00 5.117804408073425293e-01 1.892491817474365234e+00
8.101240396499633789e-01 3.343025743961334229e-01 1.265899658203125000e+00
7.024032473564147949e-01 2.063755691051483154e-01 1.194233298301696777e+00
3.850721716880798340e-01 1.345154643058776855e-02 7.259173393249511719e-01
1.759197115898132324e-01 2.874753590731415898e-05 4.497394263744354248e-01
3.332570195198059082e-01 3.414199873805046082e-02 8.274736404418945312e-01
3.331394493579864502e-01 3.570497408509254456e-02 7.426247596740722656e-01
2.715647220611572266e-01 6.247901171445846558e-02 7.627599239349365234e-01
2.715584933757781982e-01 5.558606982231140137e-02 6.646780371665954590e-01
3.443941771984100342e-01 2.381021715700626373e-02 7.612871527671813965e-01
3.717128038406372070e-01 5.438351631164550781e-02 7.466760873794555664e-01
2.701953351497650146e-01 4.627344012260437012e-02 6.749551296234130859e-01
2.729279100894927979e-01 4.944760352373123169e-02 7.212575078010559082e-01
3.395482003688812256e-01 3.624775633215904236e-02 6.824952363967895508e-01
3.657055199146270752e-01 4.859511554241180420e-02 7.692882418632507324e-01
2.743550240993499756e-01 5.604383721947669983e-02 6.636443734169006348e-01
2.687682211399078369e-01 3.546553850173950195e-02 7.426054477691650391e-01
8.327850103378295898e-01 1.585377156734466553e-01 1.734950542449951172e+00
8.325610160827636719e-01 1.699208766222000122e-01 1.657627820968627930e+00
1.221169233322143555e+00 5.106471180915832520e-01 2.110155105590820312e+00
1.220954179763793945e+00 5.129137635231018066e-01 2.032995223999023438e+00
8.490402698516845703e-01 9.789800643920898438e-02 1.658340930938720703e+00
1.258002161979675293e+00 1.946757286787033081e-01 1.910619735717773438e+00
1.044301629066467285e+00 4.037829339504241943e-01 1.804725170135498047e+00
1.397821545600891113e+00 4.768831729888916016e-01 2.161798000335693359e+00
8.634350299835205078e-01 1.823315769433975220e-01 1.700419783592224121e+00
1.311730861663818359e+00 7.840452194213867188e-01 2.130831718444824219e+00
1.067843914031982422e+00 2.391848862171173096e-01 1.963866472244262695e+00
1.374279379844665527e+00 6.936879158020019531e-01 2.186846733093261719e+00
