8.674393892288208008e-01 3.216289877891540527e-01 1.513599991798400879e+00
5.895725488662719727e-01 1.921460032463073730e-01 1.134999990463256836e+00
2.715623378753662109e-01 6.656569987535476685e-02 6.570969820022583008e-01
9.716714918613433838e-02 1.539560034871101379e-02 3.695429861545562744e-01
4.172496199607849121e-01 7.176650315523147583e-02 9.851559996604919434e-01
2.735460996627807617e-01 1.317740045487880707e-02 7.772859930992126465e-01
1.500855386257171631e-01 6.031739758327603340e-04 5.874249935150146484e-01
4.411940649151802063e-02 1.550640007508263807e-07 4.497140049934387207e-01
2.454433202743530273e+00 1.134860038757324219e+00 3.698849916458129883e+00
1.888948678970336914e+00 8.352820277214050293e-01 2.885390043258666992e+00
1.221055984497070312e+00 5.117800235748291016e-01 1.892490029335021973e+00
8.101221323013305664e-01 3.343029916286468506e-01 1.265900015830993652e+00
7.024052143096923828e-01 2.063760012388229370e-01 1.194229960441589355e+00
5.342862606048583984e-01 8.005200326442718506e-02 9.579740166664123535e-01
3.850744664669036865e-01 1.345160044729709625e-02 7.259169816970825195e-01
1.759193986654281616e-01 2.874759957194328308e-05 4.497390091419219971e-01
1.095965621061623096e-03 1.542539939691778272e-05 2.452760003507137299e-02
1.640734449028968811e-02 1.519880024716258049e-03 6.489080190658569336e-02
3.685231495182961226e-04 7.009250111877918243e-06 1.023750007152557373e-02
1.045004930347204208e-03 2.591890006442554295e-05 1.139989960938692093e-02
1.325784716755151749e-02 9.076269925571978092e-04 4.502150043845176697e-02
1.650616526603698730e-01 3.337680175900459290e-02 3.920899927616119385e-01
5.414471961557865143e-03 2.028320013778284192e-04 3.745549917221069336e-02
2.896394953131675720e-02 2.549439901486039162e-03 1.017989963293075562e-01
5.421931296586990356e-02 2.611479954794049263e-03 1.892630010843276978e-01
1.237163171172142029e-01 1.679239980876445770e-02 3.788259923458099365e-01
8.847750723361968994e-02 2.287039998918771744e-03 2.891780138015747070e-01
8.874160051345825195e-02 4.080510232597589493e-03 3.354170024394989014e-01
3.178104385733604431e-02 1.091869999072514474e-04 1.270859986543655396e-01
2.292293123900890350e-02 1.662040012888610363e-04 1.436800062656402588e-01
