-24.132  -23.323  26.3704  
-22.1578  -23.9453  28.4656  
23.5398  -23.593  18.7261  
25.0916  -22.5732  16.4367  
-21.7946  0.239985  -8.96992  
-21.0162  -0.864201  -6.3547  
2.38073  -13.3352  22.8328  
0.929451  -15.1534  24.6747  
10.4047  -1.38368  -4.33705  
8.65709  -3.37801  -5.79854  
-18.2053  -5.87411  -6.07891  
-17.418  -8.15673  -4.34434  
-17.8019  17.3562  23.093  
-20.1327  19.057  24.1702  
-14.0457  -20.8393  -26.3425  
-15.8055  -21.7125  -24.2482  
-4.48499  5.87639  14.1049  
-4.15926  5.20852  11.174  
-0.228593  24.6752  21.372  
-1.65192  27.34  21.7442  
-25.0854  -0.706498  25.4131  
-27.9372  -1.19151  24.6976  
21.6179  -26.9762  -9.66474  
23.0633  -26.0767  -7.42793  
9.38366  12.3839  -13.4203  
7.54249  10.8601  -15.3397  
16.4743  10.4531  -25.1362  
16.3331  8.63728  -27.2654  
21.3859  -24.7411  28.3875  
22.0169  -27.2611  -29.3935  
7.53904  -4.05664  13.4777  
4.89165  -3.07192  12.8751  
-10.2532  -18.4383  14.1062  
-7.62552  -17.7747  13.183  
-9.18318  9.91888  10.6229  
-11.4254  9.96503  12.5082  
13.1365  23.9024  28.5356  
11.0422  26.2808  28.5337  
-1.60535  -9.44077  9.8305  
0.929727  -8.82329  11.1132  
-0.507542  -19.4715  -11.2828  
-0.638004  -18.0654  -13.8015  
4.07812  12.5428  -28.5465  
3.34967  12.0866  27.3286  
12.2859  -20.1344  4.95917  
9.71082  -18.4064  4.33177  
-11.778  -7.92655  22.1455  
-14.0499  -6.64297  20.8629  
-19.627  15.8403  -24.2046  
-19.1521  16.0272  -21.322  
1.94124  -5.09247  -19.9621  
4.582  -3.67064  -20.6743  
22.1636  15.4429  25.9367  
20.5916  13.0326  26.0103  
9.76557  -5.52445  -10.3294  
11.6852  -3.46326  -9.15397  
3.27519  -22.4089  5.82724  
3.17188  -19.6372  7.01344  
-20.0199  18.5137  -9.78892  
-20.917  17.1165  -12.2648  
-22.8867  -1.43166  1.97066  
-22.7619  -3.46609  0.152994  
20.885  1.04502  10.1284  
22.3074  2.91344  8.45415  
-21.2991  -2.48252  27.3276  
-21.7378  0.315611  28.2254  
11.9424  16.444  5.75188  
9.59046  16.3291  7.35107  
8.12321  -24.3432  15.1393  
9.56915  -22.3939  13.3459  
22.852  -12.0787  -20.7959  
24.0772  -9.8041  -19.3591  
15.2602  13.0641  16.3246  
17.7763  13.7453  17.4191  
15.6497  20.9157  -3.64136  
14.4886  19.6766  -6.11521  
20.8238  22.3582  15.9973  
18.5301  23.6711  14.4773  
-26.7329  16.3527  24.8616  
-27.1686  13.5573  25.2038  
-8.71993  -22.3118  -20.4579  
-6.13815  -23.6617  -19.3101  
-28.9064  12.7427  -13.3472  
28.3507  11.38  -11.3325  
9.69489  -9.75251  16.3943  
7.92257  -10.9693  14.0355  
-13.1182  12.3316  17.2986  
-11.8086  15.0118  17.9716  
-3.17258  8.34843  23.5097  
-1.91143  6.48586  25.2826  
4.38061  18.2413  25.0783  
6.93472  16.8256  25.3265  
-28.3002  22.1701  -13.6336  
-28.5853  24.7294  -12.191  
-4.20998  10.113  -27.8145  
-4.77033  8.58195  28.7224  
11.3087  12.2194  26.2061  
12.2538  9.27497  25.6336  
-2.30949  -16.1903  -27.5357  
-4.62276  -16.5543  29.3817  
24.5736  -25.8455  -2.95158  
21.8024  -24.6165  -3.19012  
22.6353  -25.5126  15.1452  
20.748  -27.9459  15.1104  
-0.234813  -19.8904  25.9779  
-1.28323  -17.4842  27.2875  
9.44898  -5.14764  -1.81302  
9.1807  -6.96951  0.552885  
11.8365  1.2318  -20.5007  
9.93226  3.26655  -19.7879  
-22.1944  -17.4436  -25.1247  
-21.5707  -15.5307  -27.3657  
21.8068  6.2124  5.73063  
19.2415  4.92637  5.60244  
25.7923  -18.7343  -28.4867  
23.8969  -19.9272  -26.7064  
-13.6236  -13.5394  -25.557  
-14.3583  -12.9661  -28.2506  
14.2295  27.2622  -13.8916  
12.8184  24.6738  -14.7487  
8.38101  -14.1898  -5.44752  
9.86407  -12.0403  -6.80248  
10.4008  27.5159  -22.3479  
12.3793  29.1045  -24.0258  
13.7159  -10.7967  -12.2496  
14.2905  -13.5769  -12.9469  
21.0454  -25.7842  11.2691  
18.8727  -24.208  10.0108  
-4.19948  21.2642  28.1519  
-6.64935  20.8168  -28.9622  
-22.353  -26.4373  -21.8969  
-21.0119  -28.9399  -22.3721  
11.3936  -10.285  -29.3262  
13.9535  -11.7878  29.2639  
-9.87364  -15.4284  -16.151  
-10.8617  -12.6395  -16.5276  
7.9176  1.77343  26.0535  
7.2929  1.90498  23.3477  
-4.96147  -3.48103  -3.8925  
-6.78698  -5.25865  -2.72211  
-1.63439  -28.4992  12.9996  
-0.320665  27.9177  12.2741  
1.69438  10.1392  5.27873  
4.33684  9.37708  5.57856  
2.19178  3.99696  14.5332  
2.53918  3.3267  11.5919  
-28.6381  13.0744  -25.25  
-27.9409  10.1664  -25.1396  
-8.88044  -26.1566  -4.86939  
-8.15282  -23.6989  -3.77528  
0.455628  -29.4206  8.25107  
2.85207  28.3684  7.12277  
16.4113  -0.414335  -11.6343  
13.7483  0.352537  -12.9028  
24.4463  12.4758  23.597  
26.6223  12.8618  21.5669  
-4.61254  2.44856  7.59163  
-5.7697  4.90153  6.45043  
-11.1897  -8.88544  4.94957  
-12.9645  -6.58498  5.17105  
-24.2399  22.4679  5.7828  
-24.7105  21.6232  2.98284  
29.1321  -0.612362  8.47129  
-28.015  -0.968319  6.07151  
20.0573  18.7753  27.8977  
20.5911  19.1942  24.9964  
-22.1562  -13.2604  7.12999  
-21.7625  -16.0391  6.65611  
7.15509  28.0984  11.136  
8.71977  -29.38  13.145  
14.6224  -2.00151  -4.37252  
14.8102  -4.25878  -2.54754  
-29.0045  27.7947  28.6903  
-28.7676  -28.2462  28.4756  
3.17128  -11.8363  -26.0934  
0.422917  -10.6472  -25.5061  
-19.7797  -12.4724  10.348  
-20.9191  -10.0418  9.62507  
-11.5186  -23.2322  -5.67698  
-14.0858  -23.2998  -7.20127  
-25.6782  -22.0711  20.699  
-27.8109  -20.2935  20.335  
3.62414  3.50201  -8.71268  
6.33309  4.28496  -9.3482  
-15.9822  -4.35301  -2.54939  
-13.3862  -2.84554  -2.13437  
10.1604  -24.2643  -12.6022  
9.11939  -25.4929  -15.0429  
-16.9045  23.778  -3.18952  
-16.6785  25.7991  -5.09251  
22.714  -1.04473  -14.4716  
24.1198  -1.22647  -11.9006  
21.306  6.84378  -21.8342  
20.0907  8.6  -23.9231  
13.1831  -9.82304  -4.59684  
12.3353  -8.02345  -6.78694  
-24.3881  25.4068  -19.8693  
-21.6609  24.6423  -19.6392  
2.90375  -5.56435  -6.26875  
0.910818  -3.88909  -7.52343  
0.265434  27.0046  -19.2784  
0.849622  25.8874  -16.6477  
-27.3682  -18.9635  13.9005  
-26.4594  -20.7402  16.0176  
17.9851  -28.954  -12.2754  
17.6567  -28.385  -9.3497  
28.6242  -17.658  -13.4553  
29.0874  -16.1445  -11.0813  
-3.90633  14.2545  -4.23208  
-6.27975  13.4439  -5.52197  
5.76733  -20.5757  -17.3544  
7.22887  -18.0973  -16.5038  
-8.61766  -26.8939  16.5084  
-8.23876  -27.0049  13.5658  
0.510226  -6.0169  -27.7287  
0.245122  -3.4215  -26.3754  
-19.3264  24.7707  -15.9884  
-17.6626  25.3302  -18.3071  
-8.20417  24.4566  -8.16049  
-10.9156  25.883  -7.92533  
11.8546  -12.8892  -16.5716  
10.9279  -12.3828  -19.249  
5.67784  -23.1046  -27.8495  
7.5407  -20.9722  -26.995  
-16.4545  26.6284  11.2058  
-17.4764  24.5244  12.6766  
-4.52014  0.782289  20.7439  
-6.36733  1.57868  22.853  
8.9018  -16.0183  29.0372  
6.1244  -16.1722  28.8784  
0.872674  -18.7236  -19.266  
0.441679  -18.2572  -22.2154  
7.50172  -24.9469  5.4075  
9.60788  -22.8163  5.19155  
21.8785  3.13806  2.54339  
23.6825  3.46086  0.168229  
-14.0251  -22.7962  28.4172  
-12.7634  -20.2817  28.2454  
1.24969  -17.2269  -26.2134  
0.585319  -14.8553  -24.9451  
-13.9423  -25.7465  11.023  
-12.3898  -25.9371  8.4067  
-10.1449  -12.0633  -29.1785  
-9.51379  -9.33206  28.9476  
-21.6887  11.6974  -21.9921  
-23.3524  9.47064  -22.5191  
17.4614  1.72594  12.1818  
18.3005  -0.963647  12.4998  
-8.73037  10.4027  -7.06975  
-5.87286  9.62154  -6.87241  
-5.04056  -28.5219  3.20529  
-5.31616  27.893  4.96193  
-3.57381  -12.5781  2.57656  
-1.48634  -10.4489  3.0653  
-17.7025  18.7947  27.3486  
-15.6067  18.2625  29.2152  
17.8447  10.1583  -10.2958  
17.0626  7.34985  -9.82389  
-8.49667  16.4354  16.659  
-10.9772  17.7405  15.3458  
-22.9042  -8.69126  -27.2669  
-21.9237  -8.52604  29.1902  
27.8226  -2.33761  16.0682  
25.5398  -3.78854  14.9788  
-17.356  7.84164  -18.3244  
-20.2772  7.9478  -17.9542  
-15.1695  7.16675  -28.0655  
-15.9315  9.57174  -26.4994  
16.8686  -14.9682  -0.111761  
17.4708  -13.212  2.20399  
-5.13506  -7.37965  16.8369  
-6.23913  -4.89248  18.2186  
26.3643  -3.00319  26.2941  
27.49  -0.856011  28.0129  
-15.3718  4.33802  -20.9665  
-15.5175  1.83474  -22.3981  
-13.9633  -7.09966  -21.6121  
-14.9537  -7.91028  -19.032  
10.4397  23.9938  5.50986  
10.6418  26.9079  4.69278  
21.0422  14.306  19.4898  
19.3462  13.4137  21.5031  
18.3684  -0.868783  3.91916  
16.605  -3.50564  2.98336  
-15.5076  23.2793  19.0334  
-13.2786  21.4892  20.3499  
-25.823  5.57949  24.1811  
-26.8287  2.99687  23.5903  
10.6777  -1.33294  -17.7239  
11.7693  -3.15523  -15.424  
-6.10416  10.9521  1.02439  
-8.47108  12.612  0.71479  
-11.5048  -16.9272  24.5294  
-13.3247  -15.4581  26.4573  
28.4531  -4.13415  -3.40047  
26.69  -1.77407  -3.24165  
-8.83977  4.51161  -22.5716  
-8.76102  1.60326  -23.3322  
-28.6579  -13.7645  -14.2599  
-29.1986  -12.381  -16.9351  
19.9998  -6.17294  13.3471  
18.9484  -8.82615  13.5551  
5.84057  -26.6118  22.6354  
5.66591  -23.712  23.1964  
23.5154  9.94874  19.6238  
23.626  6.71236  19.2331  
16.1092  28.0949  -25.5604  
13.9323  27.1878  -27.4834  
-1.26159  11.2585  -17.9139  
-0.368314  12.5021  -15.494  
13.8993  24.8033  20.3954  
12.2983  27.1701  20.5699  
17.0475  13.6185  -16.9984  
15.1829  15.822  -17.0704  
-10.3692  -4.92488  -29.0831  
-11.5879  -6.73893  -27.2798  
22.7659  26.3621  -15.0336  
21.3222  27.4276  -17.226  
-19.5619  2.51184  -2.00928  
-20.1163  3.42785  0.763247  
-14.231  1.52599  1.08851  
-15.2036  2.08348  3.87884  
2.5992  5.49538  18  
0.406704  7.12121  16.8405  
14.5194  -21.2758  20.2861  
16.6113  -20.0334  18.7486  
-16.1666  -13.9183  24.651  
-15.3621  -11.5151  26.2069  
-16.4315  -24.5759  25.3442  
-15.0549  -26.9983  25.8953  
-14.696  19.2688  -4.93572  
-15.0143  20.4047  -7.83015  
11.9716  15.1951  -3.38071  
10.9315  14.4593  -0.633591  
28.4938  20.8565  -3.836  
28.7053  20.3432  -6.73685  
-27.9002  -16.3768  -28.0624  
-25.5628  -15.1573  -26.7668  
10.8324  -19.3007  18.5028  
10.7078  -22.0252  17.4818  
-27.6837  13.5426  1.58426  
-26.1293  15.3889  3.06315  
5.15879  4.05927  28.077  
5.1774  6.61508  26.6027  
9.63583  8.06143  -23.6147  
10.454  8.10201  -26.2748  
12.3304  -2.59248  -27.6225  
11.8857  -1.19837  28.7612  
21.5137  -19.8288  -3.77587  
21.0102  -18.8882  -6.48873  
25.7691  -3.05257  9.45722  
24.8294  -0.380253  8.79361  
-27.9207  -10.1958  -21.3394  
-28.0631  -9.29665  -24.1651  
-24.7195  24.626  -5.10445  
-26.1727  22.3996  -6.23021  
-15.761  27.1141  -24.019  
-15.9322  25.4141  -26.3675  
-18.5791  -26.3422  28.7728  
-21.1238  -27.7513  29.3881  
3.5309  -4.97891  22.2955  
1.35651  -3.96276  20.655  
16.2262  -7.61548  0.883588  
19.0668  -6.79013  0.314713  
-19.0461  3.7322  -16.1412  
-17.347  1.24378  -15.9902  
-15.4128  15.8885  0.0160451  
-13.964  18.1251  0.948312  
-0.43485  -5.82425  8.26936  
-0.480359  -3.6911  6.57676  
2.09411  18.8021  -5.20766  
2.65003  17.5891  -2.8024  
-17.4718  16.7905  -13.8111  
-17.1667  14.2555  -14.9451  
-27.4085  3.7181  3.98913  
-27.5309  1.41932  2.10599  
-6.32085  26.8513  9.6787  
-3.5688  28.2088  9.95473  
20.5545  -11.1173  3.74541  
18.5243  -9.13997  2.85616  
-24.2533  20.2862  -12.8088  
-25.0942  20.1215  -15.5648  
11.5201  16.2177  20.6427  
10.8951  13.988  22.293  
-12.8475  9.58033  3.20731  
-11.8432  6.84514  3.05792  
-3.55075  22.1918  17.1577  
-1.42677  22.642  15.3966  
27.5501  -20.8809  5.40505  
25.5523  -22.8595  4.75122  
-25.377  18.3527  5.67655  
-24.9953  15.8105  7.13539  
-4.1434  26.2551  -3.19507  
-1.50786  26.3267  -3.41906  
-10.325  -3.90875  20.7036  
-8.0828  -1.92577  20.4232  
-28.686  -7.70231  -0.401993  
-29.1443  -8.36417  -3.29413  
-23.4497  -2.21099  -15.4445  
-21.3095  -0.278393  -14.727  
11.3832  -12.1422  13.5342  
13.0454  -14.4236  12.4724  
-18.0827  6.23936  -3.31178  
-19.294  7.46688  -5.75473  
-13.8421  4.25395  21.1635  
-15.0145  1.84191  19.8424  
9.54853  6.67426  -2.94525  
8.33941  4.05499  -2.5292  
20.4626  -7.23218  22.9297  
22.9225  -6.45188  21.4784  
-28.6777  9.72804  1.52215  
27.8094  11.0884  1.50304  
-10.9413  -3.1514  -10.4145  
-9.10401  -4.21505  -8.45808  
13.0241  7.72002  22.3767  
14.054  6.29585  19.9953  
-9.37277  7.29574  -19.9915  
-8.87873  8.3948  -22.4554  
1.11964  -5.49743  -2.03605  
-0.672013  -3.68046  -0.490296  
-20.8847  -7.98706  21.7273  
-23.4263  -7.78462  23.2958  
24.9593  27.2855  28.9596  
22.0058  27.1955  27.6944  
14.6135  1.68607  -1.11595  
15.5882  1.36141  1.43791  
22.6766  14.9745  4.67972  
25.5268  14.5575  5.46857  
-28.593  26.9812  -18.5364  
-26.3814  28.7831  -17.5417  
-21.5187  -20.1512  26.0771  
-20.2316  -17.5759  26.6612  
11.5405  23.881  10.9537  
9.79805  23.9925  13.3348  
0.40273  -11.0249  -1.68419  
-0.614957  -10.4846  -4.41485  
-15.5589  24.144  23.3255  
-17.5272  26.0232  24.4881  
22.3804  -5.37864  -1.7422  
21.2367  -7.35836  -3.59417  
-12.6193  -20.1209  -21.4421  
-10.2001  -18.7322  -22.0301  
12.0875  -15.1115  21.0396  
13.8931  -12.8587  21.3955  
-24.4292  27.7446  -2.91017  
-27.2574  27.0919  -2.82702  
13.7928  11.3531  -2.65338  
16.2925  10.2219  -3.00015  
19.2043  27.8836  7.11704  
17.6146  27.7869  9.49552  
27.9174  2.43807  -16.6837  
26.504  1.52346  -14.2195  
8.79197  12.6742  2.36444  
9.31101  15.4393  2.8617  
10.5257  -26.124  1.01935  
10.5719  -24.8813  -1.64169  
-25.7662  -20.9219  0.203779  
-27.368  -18.2833  0.511376  
-26.0134  19.7509  27.9844  
-27.3187  21.0016  25.6583  
-28.0332  5.03316  19.962  
-27.5996  4.29298  17.1421  
-7.11503  26.7247  0.993718  
-9.71729  26.3167  1.36276  
19.6468  12.9332  -2.22039  
20.3199  10.1265  -2.45868  
13.5288  -20.4136  -4.55649  
12.9519  -19.9157  -1.73949  
1.46499  13.0692  -11.8693  
-1.58251  13.3254  -11.3599  
-21.8407  23.2017  23.7791  
-23.6852  21.0995  24.6033  
17.3064  -3.52726  15.1892  
19.8936  -2.47753  16.4156  
-14.1719  -3.97508  12.4378  
-15.4758  -3.43064  9.82123  
15.7655  -28.8813  29.1219  
17.9402  -27.2618  28.3578  
-29.3091  29.4077  -24.2363  
-27.3657  28.77  -22.1  
-6.91298  -3.41462  -12.0994  
-7.29615  -2.97837  -14.9087  
-8.46144  -8.38518  -9.35813  
-6.77318  -7.91139  -7.30888  
-17.8101  -3.63465  26.1137  
-20.0697  -5.59401  25.3174  
16.1364  -17.4661  -21.2118  
15.5438  -20.2198  -20.3494  
26.6821  -25.0766  -19.3275  
25.8912  -23.5992  -21.7941  
6.93502  -15.4558  3.37446  
9.59199  -15.0553  2.3678  
-3.84295  23.2927  1.02265  
-5.34812  22.5586  3.41657  
-27.7353  -20.5795  4.07284  
-27.5785  -22.3824  6.35425  
9.11824  -22.7967  28.1622  
11.2462  -20.8343  27.531  
-23.5704  10.7104  -8.10229  
-24.027  12.8435  -9.99432  
-10.3401  0.841764  -5.2341  
-9.13422  -0.142663  -7.77822  
-1.62935  3.0516  -7.04296  
-0.0662122  1.63792  -8.85637  
19.7627  17.3637  9.65702  
17.2999  17.8607  10.7236  
20.3323  6.48343  -3.05745  
22.5919  5.08262  -4.29857  
5.77873  6.45205  20.937  
6.14995  6.5949  18.0927  
3.41677  21.1277  -9.28088  
1.13894  19.7138  -8.88755  
-26.0934  3.83742  -12.0485  
-25.8573  6.80973  -12.0068  
-9.53049  -0.440672  9.86877  
-9.15531  -2.7158  11.9336  
21.7772  -28.2467  4.77369  
20.317  -27.0451  6.83307  
3.67457  17.5655  1.19427  
4.98905  15.2073  0.234247  
28.9604  22.4233  21.603  
27.8216  22.3038  24.3546  
5.77262  -7.71066  8.63467  
4.75376  -5.17419  8.03189  
-26.073  -10.1991  -15.5826  
-23.5049  -9.01361  -14.981  
-14.2455  26.2399  -14.902  
-13.5967  24.5993  -12.7657  
-2.31261  3.00421  -21.9302  
-1.35111  0.20776  -22.0995  
23.9576  11.9288  1.15086  
24.8246  12.272  -1.83355  
-15.6142  -11.9907  -5.22963  
-13.8674  -10.4426  -3.57969  
-4.00326  -26.7103  -13.0974  
-6.86441  -25.8277  -13.9005  
7.53086  -17.1383  16.7397  
9.01572  -14.6251  16.9155  
6.4171  -13.4896  21.1296  
4.60043  -12.7064  19.1591  
1.4516  -18.0539  0.252729  
1.68384  -18.6933  3.10219  
-24.5677  -1.96441  -28.4149  
-25.3754  -1.62288  -25.6256  
18.214  -20.0331  23.2088  
17.63  -18.0177  25.1782  
10.4885  12.3786  -24.7744  
10.048  14.6584  -23.1734  
9.74809  0.396145  1.71556  
6.86188  -1.09371  1.49447  
-20.3769  -29.1533  4.61453  
-22.5044  27.7562  4.52785  
-18.0348  -21.0516  23.4476  
-18.0784  -23.2013  21.4501  
-7.73395  -6.49343  -25.7048  
-6.45882  -6.20252  -23.0924  
4.84256  14.068  19.1642  
3.54397  13.8082  16.445  
-28.2127  16.8941  -23.6009  
-26.9636  17.4596  -26.2572  
9.6843  20.1422  -27.6043  
9.36629  23.0383  -27.7049  
-12.1062  -25.9363  3.8987  
-13.9808  -26.129  1.49385  
-2.12714  -18.9603  -3.04943  
-4.87152  -18.2189  -4.22197  
13.3661  17.9915  -28.588  
11.6211  16.6238  -26.7165  
-18.2229  19.4041  -1.11432  
-20.9614  19.6407  -0.468519  
-17.6689  4.38504  21.2634  
-19.3711  6.38165  22.4249  
-21.498  -21.1506  -13.8122  
-23.8563  -22.4378  -15.0523  
-26.6649  19.6801  14.2304  
-23.8483  19.7504  13.2669  
-2.12321  14.4315  1.14683  
0.583538  13.624  0.39411  
16.9309  13.5521  -22.2591  
14.09  13.4705  -22.3887  
25.1417  20.3266  -25.8573  
23.6278  20.1987  -23.3615  
-7.36117  23.7529  -4.31639  
-4.76713  22.3705  -5.01976  
-20.1266  0.259047  16.9241  
-21.4864  -2.1464  18.197  
-19.9887  18.9633  12.6228  
-21.1167  16.8718  14.6939  
11.2749  25.5984  -10.5135  
10.1043  26.524  -8.2287  
-16.4939  -26.9173  -1.44415  
-14.9476  -24.7695  -2.83612  
6.9981  -3.65641  17.454  
8.57535  -1.74574  19.0981  
-12.6747  1.03383  -11.7395  
-11.1184  2.50053  -10.0294  
13.0464  -8.60981  20.6795  
12.3938  -9.02981  23.4811  
21.0015  -11.276  -13.6374  
23.3589  -9.27107  -13.6865  
-13.4692  1.07834  -26.016  
-15.3803  -1.11271  -25.3569  
14.0273  -22.2934  -10.25  
12.4145  -21.2993  -12.3212  
-1.31971  16.4665  21.793  
-3.3234  16.0427  24.1416  
-4.32754  -27.3861  15.6706  
-2.03441  -25.7277  16.863  
1.05527  26.7594  -29.0279  
2.00668  23.9749  29.3973  
2.81543  -26.4432  -28.7945  
4.97347  -26.9303  -26.8951  
24.5492  -15.5615  20.3477  
26.4548  -14.5137  18.5392  
29.2408  -27.9876  7.62165  
27.0259  29.3939  9.1599  
24.1697  23.2778  -0.0374869  
21.1856  22.536  -0.00968432  
24.4667  13.9569  -10.5633  
25.2371  13.12  -7.80982  
10.8656  -0.462212  24.5335  
13.5426  -1.79826  23.991  
22.9526  26.8491  -26.7065  
23.6239  24.6196  -24.8395  
4.90608  12.0283  -5.3547  
7.50726  13.5331  -5.26931  
3.12463  12.8015  8.40507  
5.17506  14.2102  9.81016  
21.8833  -29.2008  -0.637277  
21.6277  26.8583  -0.706687  
16.3019  -6.86186  -26.4078  
17.4371  -9.08269  -27.604  
28.0937  14.3464  11.836  
27.2518  16.5842  10.2506  
-20.7599  -21.3165  -23.4109  
-19.8375  -19.6574  -21.495  
-22.5508  -21.9278  -1.91756  
-21.8897  -22.5262  1.02646  
-9.21079  -26.8784  -25.308  
-8.15608  -26.3567  -22.7167  
8.62304  3.75216  12.3441  
6.46445  2.27504  13.4033  
-20.4143  -13.4423  -10.9531  
-22.1173  -13.1146  -8.66943  
11.2767  -26.8046  15.1298  
12.7906  -29.1689  15.6122  
16.3432  -22.8609  -15.464  
18.7286  -23.2415  -17.2324  
0.390585  -22.6399  19.5116  
-0.801565  -25.0908  20.827  
18.2405  5.47581  14.9272  
19.4446  3.13883  15.4642  
-0.892929  2.87736  -28.9646  
-1.616  4.14625  -26.3438  
-20.2142  -4.65479  -19.7001  
-22.6653  -3.72905  -20.6013  
13.7857  5.44186  0.642354  
14.2294  8.22485  -0.393744  
-16.4933  -16.3777  17.9681  
-14.5689  -17.8892  16.3874  
12.8359  14.7045  -10.9881  
13.7631  14.2796  -13.7365  
4.9394  21.0597  -22.7165  
7.498  21.1988  -23.8143  
19.9259  10.7027  -19.751  
20.5525  10.399  -17.0103  
24.8463  7.55655  -0.848668  
27.3031  5.83858  -1.20364  
2.51549  20.2692  29.2709  
4.91647  21.3031  -28.1383  
11.3978  -27.8208  -19.8755  
8.93837  -26.606  -18.9439  
26.03  -15.9563  -8.40523  
27.0182  -13.3567  -8.19487  
-2.09337  -3.77373  -21.9111  
-3.26112  -2.98537  -24.431  
16.9574  16.2548  14.7137  
17.422  19.3578  14.4236  
-5.03842  5.30895  -23.6819  
-3.06035  6.81782  -21.93  
25.2431  -12.706  13.845  
25.265  -14.7523  11.976  
-21.3251  -6.43045  11.8897  
-24.1034  -7.46952  11.4304  
3.83225  8.39398  -11.7613  
1.21012  7.18742  -11.0985  
-10.0105  20.0308  22.235  
-10.1263  19.2653  19.4354  
-17.4648  -11.691  -1.39288  
-19.0683  -11.0617  1.16897  
-11.2433  25.4991  10.382  
-9.88755  24.8267  12.8181  
17.1244  15.9886  28.8413  
17.8809  17.6085  -27.6858  
-6.44972  29.2339  -24.9411  
-5.36532  26.503  -25.0524  
3.96804  -27.4799  -4.83625  
5.55825  -26.7686  -2.67347  
6.08106  -19.1704  -6.76394  
4.60257  -16.7511  -8.09619  
28.7436  24.8791  -27.8986  
27.1303  23.8502  28.6915  
14.8802  -26.742  10.2062  
14.2193  29.4286  11.1302  
25.4479  -27.3577  21.4355  
27.4186  29.2838  21.7829  
-17.2589  -13.3789  20.7648  
-14.666  -15.0164  21.1443  
-25.5909  19.0652  -19.3172  
-23.8069  21.6715  -19.2831  
22.3893  -22.8501  -11.4523  
20.6548  -21.9749  -13.5689  
5.92303  29.0125  -16.1899  
3.982  28.5982  -18.1831  
-9.20272  19.0901  -7.15611  
-8.07487  17.6275  -4.92317  
-22.375  26.1566  -23.4964  
-19.8239  26.6868  -24.8953  
-2.32279  1.29709  -18.0825  
-2.06306  0.571097  -15.1769  
23.3866  10.9283  5.59644  
24.8722  8.77287  7.10752  
-10.5646  -28.6328  25.0101  
-8.29625  29.1697  26.8318  
-25.0093  17.7006  -3.29381  
-24.938  17.0369  -0.696052  
9.85985  17.2396  -12.2415  
9.18045  18.8136  -9.7174  
-25.0158  20.4681  17.811  
-23.8858  20.4233  20.5602  
3.57546  12.8601  -22.0115  
2.68668  12.9718  -19.2951  
20.0833  -23.7494  -22.4746  
22.0868  -24.4266  -20.546  
28.4715  16.5931  -14.0193  
-27.7419  17.0466  -14.2693  
2.11369  -2.53488  8.98392  
4.35739  -0.348207  8.77323  
4.78498  -3.65207  -26.995  
6.63514  -2.52709  -24.9794  
25.9991  -28.9572  -12.7562  
25.4896  -26.4818  -11.117  
-4.93508  9.98968  10.5452  
-6.06019  12.156  11.7708  
-14.2611  29.3803  -8.25172  
-17.1439  28.7847  -7.73452  
19.5298  -27.3826  -19.6102  
18.5479  28.9715  -20.5465  
15.1684  -16.7249  -3.38456  
17.9231  -17.4002  -3.79027  
-29.0322  -27.833  0.153973  
28.2148  -26.023  -1.14104  
-26.0793  -26.5425  -23.1511  
-25.5099  -24.5468  -21.1507  
-9.03378  -10.8045  -19.6952  
-11.0862  -8.90881  -18.7323  
20.3074  -12.8444  20.4088  
20.2119  -10.0085  19.9122  
3.40724  10.1351  -0.900346  
3.93701  11.0794  1.91921  
0.669989  2.91926  -1.74134  
0.992528  5.08101  -3.35301  
-19.4458  14.9764  -5.88939  
-21.383  12.9547  -6.44089  
11.9484  -11.6039  8.95995  
11.7869  -9.14498  7.73482  
27.5265  28.8299  -3.16062  
28.504  28.0259  -5.85015  
10.9744  -28.1875  22.3734  
9.77312  -28.66  19.7333  
1.35115  17.3835  18.4501  
-0.943773  19.3017  18.0973  
29.0024  6.53498  24.1344  
27.1183  8.8428  23.946  
11.5438  -11.8316  4.37904  
13.3714  -13.3271  2.34998  
2.1277  -13.0966  -5.83106  
4.49901  -12.7388  -7.33837  
2.52837  22.8733  -14.1472  
-0.585438  23.5215  -14.1869  
24.7314  3.35686  17.5636  
27.201  4.83585  18.6834  
13.5559  18.7519  16.3391  
11.2787  20.3416  17.7001  
27.513  -9.68401  -7.247  
26.226  -9.91308  -9.76718  
-2.20317  -8.5221  -7.54753  
-3.6855  -11.0344  -7.60935  
24.5957  22.1822  18.6362  
22.7366  24.1172  19.7972  
-22.0341  -14.3028  27.276  
-19.2169  -14.1546  27.9865  
11.6495  29.1707  -4.78452  
9.091  -28.5515  -5.74209  
-25.6985  -27.5245  17.2938  
-23.1897  -28.4375  15.9217  
-8.90547  -2.75746  26.8034  
-10.4749  -0.696717  28.325  
-4.57427  25.0756  -12.988  
-4.2665  22.2306  -11.7174  
-10.3309  20.9772  -20.7082  
-8.17455  22.9354  -21.035  
27.8802  -10.0297  -13.9227  
27.7429  -7.19594  -12.7494  
5.45382  2.26674  -5.48827  
6.78803  0.401172  -3.89007  
-0.361219  26.2532  -23.413  
0.293086  23.8122  -21.842  
-10.5527  -28.7028  -10.5984  
-12.859  28.9842  -12.0963  
3.53238  21.6442  3.97753  
6.09784  21.2817  2.99071  
-12.9655  9.9498  -7.20865  
-12.0572  7.88917  -5.39629  
19.1693  19.0883  -7.07588  
19.9497  16.5802  -8.23326  
4.38894  -10.3338  29.311  
6.44513  -12.4135  -29.0781  
20.7628  0.297413  -10.9531  
19.3092  -1.99607  -9.67509  
-4.02353  -16.762  -0.114763  
-2.18793  -16.5952  2.22478  
20.4956  9.90733  12.1242  
21.9297  10.2846  9.34325  
-6.75248  -10.9473  15.4336  
-5.17318  -9.53182  13.1934  
-23.5186  2.31116  3.13087  
-21.0775  1.48011  4.8473  
-25.3552  -21.6182  -10.861  
-27.3299  -19.7152  -10.5434  
-10.1727  -1.80343  -23.4208  
-7.62706  -1.52589  -24.8223  
-27.0053  -7.76581  -7.22112  
-27.245  -10.6404  -6.64467  
-26.9608  3.29032  -5.09203  
-28.5145  4.80178  -6.98095  
-13.651  5.64235  -0.643099  
-15.7906  3.94682  -1.6701  
-20.1822  -11.5395  -22.5628  
-20.9742  -14.1  -23.5198  
-25.0805  7.67441  -17.7915  
-24.8488  5.15424  -16.3393  
-8.67907  -28.9194  -19.5018  
-8.45938  28.333  -16.7339  
-5.33309  -0.984954  -29.2192  
-4.10925  0.946777  -27.3  
-1.86699  10.1937  6.32772  
-1.66098  7.82591  4.51232  
1.63077  20.8825  24.8832  
0.18319  18.2089  25.2133  
-10.0064  12.0274  20.9918  
-8.80726  11.7187  23.805  
-5.27918  -24.6395  11.0388  
-5.88709  -27.5436  10.1503  
-3.94827  -8.62831  23.6703  
-4.97343  -8.08967  20.7228  
21.0529  24.9863  9.6222  
21.7617  23.1904  11.7513  
-17.8086  -14.116  -7.6049  
-16.069  -16.0462  -6.42801  
15.0344  -23.0452  8.54924  
14.8477  -21.7947  11.0736  
22.1175  -7.61396  6.74873  
22.4386  -4.88149  5.86815  
-5.46353  21.0668  -15.3782  
-7.57816  20.6403  -17.46  
-19.4272  17.9841  2.84026  
-21.1255  19.1036  4.77062  
-19.3666  -2.99035  -26.4265  
-19.2968  -2.64107  -23.6947  
24.2149  20.6304  26.8486  
26.6688  19.8303  27.9898  
17.5325  11.7662  29.3476  
15.9831  12.3385  26.9259  
-28.1459  -7.90755  11.85  
-26.4558  -8.80552  14.2119  
19.0377  7.85481  25.7213  
20.6211  5.72849  26.8058  
15.2123  3.82646  17.1715  
12.7085  2.80907  18.3856  
28.8232  -3.42291  -21.4039  
-28.8317  -6.05609  -21.6488  
-6.23075  27.6311  -28.7601  
-5.11078  25.8157  27.7115  
-4.92288  -21.7228  -26.935  
-6.82081  -23.3024  -28.5655  
28.1651  6.52552  -16.3905  
28.4979  8.96241  -14.7131  
27.9739  25.0003  -1.31325  
29.1987  22.9918  0.148202  
-28.8705  16.583  -18.7637  
-29.2562  19.1371  -20.4083  
17.6524  2.90384  -8.59865  
18.4027  4.61116  -6.51679  
-22.9869  -26.7526  -5.89812  
-24.2131  -24.4336  -6.17298  
-6.00956  13.0206  -10.0015  
-5.87071  13.6866  -12.8706  
-13.2995  12.6025  9.32936  
-15.1266  14.0173  7.81182  
-27.0632  -2.47857  2.17152  
28.9885  -2.86943  2.18895  
0.543511  -25.8032  -1.68327  
2.36767  -25.5599  0.713445  
-24.4585  28.6611  28.9603  
-22.6534  27.6459  -27.884  
-18.0166  -15.0898  13.616  
-20.6395  -14.2537  14.1905  
-14.4235  9.1281  -21.3429  
-13.1759  8.54588  -18.6231  
-19.8033  -4.00731  15.0353  
-17.8578  -5.25068  13.1577  
0.413265  -3.6198  16.7932  
-1.40858  -5.54867  18.0237  
6.60984  15.4959  -20.1302  
7.63524  17.9215  -21.4093  
-2.40191  -20.6456  -22.9183  
-5.07844  -22.0736  -22.6232  
-9.46853  -2.41867  -3.32663  
-10.3694  -0.231824  -1.70372  
-12.9881  28.8358  3.67039  
-13.9143  26.1915  2.91245  
-25.8945  23.8505  -0.413064  
-25.8673  20.8906  -0.765764  
22.5918  -9.52017  14.7713  
22.252  -11.2682  16.9803  
2.84765  -26.4675  26.0456  
0.323631  -26.2271  27.0598  
27.9534  -25.3754  -14.9481  
27.4986  -22.5451  -15.9886  
3.63057  -16.4235  9.68059  
5.89926  -18.2535  10.1901  
17.7639  -7.00319  25.7604  
16.5889  -8.86148  23.8848  
22.2148  -17.6678  13.0122  
23.393  -18.994  10.6887  
-21.2171  -26.1975  8.71627  
-22.2983  -27.4739  10.9609  
-22.5015  3.22394  16.4701  
-20.7205  3.63201  18.7818  
1.1422  23.84  -6.26163  
2.23827  25.6191  -4.47354  
25.1089  -18.1944  -1.98503  
23.6262  -18.6479  0.368881  
-6.41602  -14.704  7.58398  
-8.62831  -13.737  9.27385  
6.19037  7.85435  -25.9205  
4.20761  6.93251  -27.926  
10.3413  4.62817  -12.7065  
10.2803  2.74954  -15.099  
7.2214  -23.3686  -5.76218  
9.39118  -21.3897  -5.26701  
-1.12414  -6.71347  -13.671  
-3.12256  -4.60176  -14.1737  
21.3242  -17.8341  3.94489  
24.0679  -18.6546  4.25484  
21.5213  -15.7616  -10.1686  
22.2644  -18.4097  -10.4856  
-5.96928  3.98451  17.5017  
-8.51451  5.37105  16.7277  
25.4794  14.0972  -18.4338  
22.541  13.5781  -18.2116  
-5.8174  9.79214  20.8767  
-5.10302  7.36434  19.3544  
-11.3574  -13.6989  -11.8618  
-13.0487  -13.8494  -9.17722  
-17.2911  -6.7784  16.9477  
-14.9163  -8.47079  16.6012  
12.1987  19.5075  -18.3571  
10.9573  16.9997  -19.3512  
22.8967  14.2639  15.5447  
24.9928  14.2543  17.6114  
-6.495  13.6695  -17.1333  
-8.2128  11.6703  -15.9241  
11.0597  -18.6561  11.4686  
9.77094  -19.4855  9.0827  
8.49868  -10.8126  9.50532  
5.55394  -11.5785  10.0353  
17.1704  4.47784  26.4174  
15.51  2.25568  27.6585  
13.0642  -28.9983  7.09683  
11.2055  -27.3515  5.40945  
9.53764  -0.42079  12.5684  
11.127  -2.12455  10.8255  
-21.2951  -13.9545  -19.5809  
-23.4126  -12.7724  -17.6095  
-19.0136  25.5021  2.95515  
-18.3883  22.9859  1.66939  
3.32444  -20.2754  -9.26213  
2.42677  -22.0783  -11.3983  
19.7102  20.3759  -16.1664  
21.1505  22.8567  -17.2512  
-26.9017  25.4409  5.96548  
-25.4351  25.913  8.45374  
18.1422  -17.0538  6.47481  
17.3001  -16.8733  3.71713  
-20.8015  11.4375  23.6737  
-21.5064  10.2193  21.1477  
17.5815  6.8148  -0.125433  
20.1601  5.58902  0.499172  
-10.1826  20.8728  -3.67555  
-10.0724  23.0041  -1.54678  
26.7672  -14.2036  -2.19862  
27.7186  -15.706  -4.68134  
-25.4352  -0.95663  9.40204  
-23.2851  -2.94743  10.604  
-17.6743  24.1744  -12.3542  
-19.3733  21.7721  -12.1729  
-1.00678  27.7918  1.1498  
0.683864  28.7571  3.69268  
21.2554  17.676  2.18546  
22.2027  19.2569  4.58004  
-0.630403  -2.68619  -11.7525  
1.36475  -0.420104  -11.7  
23.4974  20.5957  -3.30503  
22.4958  18.9574  -5.60765  
-11.6817  -26.2729  -14.0472  
-11.0564  -23.5958  -14.5928  
-26.4646  -14.9881  -7.49998  
-24.6244  -13.8647  -5.48891  
22.4685  -5.51754  26.8604  
24.3993  -7.3191  27.8749  
-23.3187  27.7437  12.681  
-20.4377  27.9593  13.0383  
-23.763  -4.33219  20.5985  
-25.0108  -1.93828  21.2638  
-5.59058  17.7824  27.0018  
-6.89082  15.0286  26.3369  
-19.4077  29.3762  -16.6181  
-20.5189  -27.3492  -18.3922  
-25.2454  3.40326  13.3322  
-25.9619  0.814731  14.5334  
28.579  9.69733  5.93083  
-29.4266  7.27443  7.2703  
17.3678  25.6367  -22.2881  
19.6974  26.7648  -23.6211  
17.1661  -24.3197  20.7846  
16.5967  -26.6571  22.7985  
-2.64199  19.1787  -26.7858  
-2.89207  17.2439  -24.7768  
-0.160159  -28.0768  24.0957  
-2.93043  -27.5164  23.0028  
-7.24866  -4.96118  1.36007  
-6.87612  -3.88448  3.97863  
-20.6147  -29.4041  -3.1274  
-21.4796  28.7374  -5.91163  
-20.1134  -21.1447  13.8033  
-18.0029  -19.9391  15.5873  
0.281283  19.8411  -23.2085  
0.944351  19.4273  -20.337  
-19.0135  -24.5626  -26.2066  
-18.8096  -25.2778  -23.4945  
-19.4135  18.6371  -27.5384  
-19.2362  19.5239  -24.8979  
-6.76354  -26.7478  24.456  
-6.56664  -25.5396  21.7981  
3.74223  26.5799  -0.448113  
5.09756  27.4778  -2.8614  
-18.0544  27.3151  -1.94231  
-19.133  28.5176  0.291771  
5.92359  26.9727  14.5308  
4.50928  26.7151  17.1237  
-7.33169  -7.32536  -13.3006  
-9.68808  -9.14623  -13.213  
-24.6269  -4.15275  -8.85644  
-26.4637  -4.84968  -10.9005  
17.3794  23.5823  7.22808  
17.4368  20.8369  7.42841  
15.8385  -19.6288  -25.0764  
17.0693  -18.2374  -27.226  
0.480928  13.8664  -4.68677  
0.0976042  12.7216  -7.09516  
21.3931  13.9494  11.9216  
23.6583  15.7404  12.3222  
-6.43331  -18.3788  -17.0313  
-8.53553  -17.5363  -18.8402  
-23.2042  -6.35846  7.10126  
-23.2904  -5.14026  4.36493  
23.6551  2.07803  13.1925  
24.1198  0.187077  15.2819  
-7.98586  -0.0725058  1.74855  
-10.5503  1.41671  1.89176  
-6.86498  -24.804  4.31833  
-4.27189  -23.7817  4.00908  
8.47736  -6.65325  4.87072  
9.8542  -4.78702  3.70812  
28.6944  4.21712  -11.1444  
26.446  5.01096  -9.65462  
-21.543  -25.6572  -9.73462  
-21.3839  -24.9519  -12.4816  
-27.412  26.122  12.6711  
-25.6481  23.863  12.2196  
-16.6355  12.746  -23.0893  
-13.7742  12.8221  -23.7784  
2.10433  -28.5136  -8.99595  
1.44082  27.5608  -8.57561  
23.0567  -20.9634  28.3449  
21.0368  -21.0024  26.1728  
28.8596  -3.27656  -11.8638  
-28.3409  -3.90721  -14.1689  
20.8462  -23.9356  -26.657  
19.2952  -21.825  -26.0452  
-3.54468  -19.5002  13.0054  
-3.5065  -16.9684  14.5113  
-10.7115  15.4138  -16.5651  
-13.3646  16.1227  -15.9811  
-8.81708  -2.39139  -18.4973  
-9.18419  0.41903  -17.3529  
25.9642  -26.8039  2.56276  
26.2653  -27.069  5.31632  
2.14313  -26.7892  11.5218  
3.99847  -25.388  13.1839  
-28.3659  8.72776  17.3637  
-26.0862  10.457  17.0069  
-1.84423  7.18819  -0.71298  
-2.00416  10.1034  0.071199  
-2.73152  -16.085  -10.7248  
-4.61503  -14.1197  -11.4799  
-12.0856  2.78476  9.48817  
-10.3884  2.17054  6.94305  
7.40599  7.17164  5.32778  
5.68521  5.07499  6.35777  
2.43888  7.28795  -6.04378  
1.22461  9.59466  -4.97707  
-8.75324  18.1896  25.2732  
-10.1323  20.5984  26.4265  
8.20524  -5.77523  -28.1242  
7.69795  -8.5699  -28.4661  
23.7886  -9.01039  -27.1049  
26.2933  -10.1474  -27.7773  
-15.2691  12.3122  -9.64984  
-17.1112  11.5915  -7.72283  
23.693  3.52118  28.0955  
22.9814  2.0668  25.6843  
14.6347  25.9451  15.1866  
17.1121  27.626  15.6152  
-10.8108  16.1403  -24.1922  
-10.9237  15.8815  -27.1475  
28.2871  10.575  -18.3813  
28.7454  12.0574  -20.9129  
-5.77499  -16.6364  -8.22757  
-6.91475  -19.5228  -8.02091  
18.0152  -13.8224  9.62491  
19.7334  -16.1785  10.0324  
15.0481  -23.9726  4.0557  
16.259  -21.3449  4.50849  
-23.1776  -27.9541  -15.1679  
-24.6839  29.0862  -13.387  
22.2861  7.0721  -8.49479  
24.0348  8.89921  -9.69709  
9.07816  -20.042  -13.7223  
9.77187  -17.6253  -12.6632  
19.6138  18.0885  21.2001  
20.6664  20.6793  20.7933  
-23.0556  6.7874  10.6553  
-22.0846  4.09513  9.77474  
-10.2991  11.0524  -25.5874  
-8.75951  9.01723  -26.7327  
0.267918  2.19894  26.1044  
1.52542  4.6414  27.0048  
-14.9257  11.6738  21.631  
-17.1064  10.1494  22.9168  
-27.7784  2.89565  7.65732  
-25.8538  4.9813  8.32529  
-2.96133  -23.7754  25.3908  
-2.96886  -22.8541  28.1483  
-29.3733  10.4618  10.4448  
-28.6725  10.8685  13.2082  
-20.0064  8.12152  -27.9991  
-22.3444  7.45752  28.9623  
8.93905  -28.3822  -25.1139  
8.67765  -28.2321  -28.0927  
3.6244  -19.7563  17.8806  
4.6911  -20.7573  20.5901  
16.2103  -10.1201  -20.9973  
17.6078  -8.22893  -18.9722  
8.37234  -15.497  24.6816  
8.31495  -17.2726  22.559  
21.399  -25.1282  21.9623  
23.3463  -23.4356  23.5746  
-18.1282  12.7516  -2.35226  
-15.4785  11.5127  -1.41409  
27.2336  -19.5462  -23.0328  
24.5824  -20.0748  -22.1212  
-20.725  18.6663  -18.7237  
-18.3539  17.42  -17.6648  
3.40801  -26.5101  6.39553  
4.3006  -24.9258  8.52461  
-0.18539  -28.9062  -12.7164  
-0.478195  -29.2633  -15.6616  
-11.7046  -20.3834  18.2562  
-12.508  -21.6005  15.733  
-0.448036  10.439  25.1966  
-0.0239945  13.2067  24.3454  
-4.80135  22.0392  -23.96  
-3.66565  24.0159  -22.2297  
-8.25104  4.56897  2.75975  
-7.6867  7.44775  2.99197  
24.8426  -20.2154  -14.2467  
25.0645  -19.0426  -16.7498  
6.71203  -7.67951  -3.71286  
4.57057  -9.23146  -4.27358  
-26.1915  -12.8693  1.71554  
-24.3607  -14.7202  2.98595  
-10.9551  -3.16482  16.3085  
-11.4787  -5.58652  14.5102  
25.4361  19.4309  -10.5607  
27.321  21.6463  -11.2085  
9.11508  24.416  1.44657  
7.44037  24.7138  -1.02277  
16.9243  -29.1411  -16.5906  
16.0175  -26.9603  -14.8861  
13.4062  10.8105  10.3482  
12.275  11.106  13.2066  
27.2092  21.8827  -22.4474  
28.3609  23.2836  -20.0653  
-16.1188  -17.0533  1.72713  
-16.7446  -13.9739  1.63743  
25.1155  -1.47038  -23.2275  
27.3102  -0.580907  -24.8747  
-13.6075  -9.84531  8.26021  
-16.1758  -10.8332  9.11409  
20.7961  8.6857  16.2927  
18.3871  10.1824  15.4148  
5.89951  -12.2416  -11.8967  
4.69205  -11.1499  -14.1099  
26.0231  -27.4532  -23.0931  
25.4563  28.7789  -24.4035  
22.0674  17.1008  -12.7108  
23.84  15.7651  -14.4528  
-14.2509  11.5565  25.7588  
-14.5014  10.7342  28.7612  
25.3571  15.4944  -4.37133  
27.4772  13.4271  -4.6509  
-23.7233  -29.2011  20.4538  
-25.7406  28.6052  22.3397  
-14.8315  3.56396  -9.13593  
-16.3061  4.77533  -7.01704  
-23.8887  -19.0804  -21.1524  
-24.6474  -17.0462  -19.117  
20.6762  0.926031  -28.8563  
18.1745  1.06253  -27.1561  
-26.4293  -26.3343  4.87104  
-25.4123  -26.0055  7.79717  
-0.844461  -21.1023  5.68195  
-3.48602  -20.1098  5.68664  
7.75749  24.106  17.1249  
10.5758  24.3235  17.8826  
14.1204  5.07194  -14.6543  
16.0865  6.97729  -13.8869  
18.0665  -17.0964  16.7861  
15.6432  -16.2709  18.2069  
16.0591  -14.3791  26.6636  
14.868  -15.2821  24.0949  
-27.1233  -0.477482  -3.61711  
-24.7523  -0.327249  -4.88344  
7.48403  -15.9227  -1.07789  
8.592  -17.6744  -3.21773  
-21.9161  12.7842  -13.1617  
-24.5222  13.0338  -14.4346  
3.33539  -7.96769  4.64057  
2.34317  -7.74656  2.05285  
-0.853881  11.848  16.2349  
-2.6555  10.6615  18.1855  
-14.2689  -3.26841  -13.2518  
-15.5958  -4.06513  -10.9282  
13.8797  -5.3494  9.44397  
14.9468  -7.79263  10.0997  
-16.219  -7.53044  -25.7778  
-14.2892  -9.69986  -25.7387  
4.087  -18.4116  13.3662  
3.88083  -16.3585  15.2606  
3.23394  -11.6998  15.1631  
1.18169  -13.451  16.317  
-29.2351  16.9753  17.0532  
28.4818  17.7735  14.5878  
24.938  1.50285  21.6509  
22.7174  -0.265381  21.5774  
15.0373  16.1593  -0.346056  
16.6025  18.2613  0.846193  
4.60686  -24.2398  17.7072  
5.34457  -27.0528  17.6497  
-26.922  -23.7533  -17.1858  
-25.5474  -21.4736  -18.4378  
-20.6996  -19.3403  8.96962  
-18.4103  -18.1037  7.77294  
-25.557  0.842609  -22.2962  
-22.869  0.866735  -22.7234  
-4.87203  13.5219  16.3726  
-5.36345  15.4474  14.2493  
1.50276  -0.502834  3.30158  
-0.193139  0.307564  5.31049  
3.7869  -10.4052  -22.4437  
4.55566  -8.14334  -20.7934  
-15.8907  26.6579  15.7407  
-13.4099  26.2541  17.0501  
-10.0129  -9.30289  -5.24627  
-9.86351  -11.8432  -3.80712  
25.3296  -21.6758  8.33586  
23.3039  -22.882  10.2352  
-13.2539  16.5368  11.4349  
-11.527  18.7302  11.2158  
5.85017  10.656  -18.9673  
5.46249  7.70196  -17.8336  
9.84539  15.1184  28.4926  
7.53425  13.2586  27.9383  
-0.795497  -7.33229  26.2605  
-0.630946  -5.65742  23.9298  
8.5529  -19.452  -22.7715  
10.5519  -20.4357  -24.5562  
-9.152  -17.1999  28.2586  
-7.31764  -19.196  29.3626  
-17.2567  19.4433  6.33767  
-16.7351  22.2211  6.03671  
20.3035  -21.4814  0.331377  
18.6737  -23.4891  1.54517  
-13.6981  28.8481  8.92739  
-13.5364  26.4871  7.17728  
-9.359  22.7924  4.44802  
-7.48738  22.4919  6.79227  
24.8713  25.1366  -5.99677  
24.4573  22.8989  -7.89235  
-25.5909  -22.7873  -28.4626  
-26.3109  -23.3538  -25.5665  
-13.7961  -21.6249  22.0173  
-11.1296  -21.32  22.9712  
27.0603  -22.9269  12.8356  
-29.4112  -22.3426  14.2296  
-10.8821  -23.9213  -28.7835  
-9.45787  -26.3826  28.9946  
-21.3279  -25.6685  18.5089  
-19.3872  -23.8985  17.526  
15.2619  -23.7003  -6.73662  
16.7066  -21.3316  -6.64396  
26.9171  6.13989  28.0734  
25.6698  6.64627  -28.2788  
9.60057  -6.88204  26.7573  
10.3635  -5.11481  24.7602  
-13.7423  -28.3035  21.8009  
-13.9685  28.2319  23.5882  
6.92926  -5.32633  -13.2432  
7.08951  -8.0505  -12.4107  
-12.7545  24.5018  -18.9846  
-13.7282  27.1325  -19.6233  
-16.5823  -22.5462  -19.5347  
-17.0165  -20.0932  -17.999  
26.9386  -9.4864  23.7605  
27.663  -7.06747  22.1434  
-4.53291  6.17791  -14.3956  
-4.65808  4.06245  -15.9041  
-13.6978  -2.64693  25.5051  
-15.7038  -0.432883  25.5161  
10.4653  4.59075  25.2793  
13.3242  4.89959  25.5723  
-1.42351  -10.9756  -12.1068  
1.31317  -10.2007  -12.5004  
-22.5555  -18.0539  -3.98195  
-23.0192  -20.0149  -6.29269  
8.9303  7.39836  -19.4906  
11.636  6.65999  -20.1396  
-6.57502  1.76132  -6.23754  
-4.36028  1.26198  -4.00669  
3.13265  10.6252  -25.3487  
0.839239  12.1863  -24.9693  
-27.0297  12.8956  -6.3232  
-27.3429  11.9965  -3.58602  
-13.827  -25.5575  -17.6499  
-16.6633  -26.1777  -17.9774  
-21.1126  -14.765  -15.3514  
-18.5655  -13.9541  -14.6359  
-27.0271  -12.7679  14.7032  
-28.0597  -11.4782  17.1713  
14.1356  -27.3734  -7.43273  
15.9631  -27.9847  -5.40591  
-10.2017  13.7661  -2.81725  
-12.1366  15.1723  -0.816984  
-9.66616  -14.5627  14.7377  
-10.058  -13.5444  17.5284  
-12.2247  5.2942  -26.0295  
-12.1514  4.14338  -28.6709  
0.886377  23.7595  11.9104  
2.24582  24.8722  14.3037  
-19.9107  16.31  18.6465  
-22.6935  17.2813  18.313  
-17.1906  2.67307  27.6606  
-17.4165  3.36577  24.8867  
-23.2544  19.7675  -27.0179  
-25.8029  21.7813  -26.6769  
-20.7167  14.7696  25.5586  
-23.5639  13.9577  24.9551  
13.9748  2.12677  -6.09682  
11.6259  2.70135  -4.49216  
-8.25606  -9.95951  2.5763  
-8.3888  -11.737  5.10025  
-11.4465  21.568  -10.6674  
-12.9628  19.382  -12.321  
17.8717  21.8488  3.02279  
16.5032  22.605  0.457545  
3.24722  -24.007  -15.9056  
0.835869  -25.1757  -14.37  
-19.3789  3.70802  -22.3683  
-21.6021  5.07807  -21.0861  
-29.1243  13.2826  18.5011  
-28.3336  14.9569  20.6116  
27.714  -2.12942  -7.6218  
27.7178  0.0136288  -9.40548  
-6.81606  19.4446  10.4228  
-8.82776  21.8056  10.4161  
23.535  28.059  21.1375  
21.1323  27.0359  22.4971  
-26.8016  -4.13341  -18.5419  
-25.3432  -6.19792  -17.0922  
9.3045  1.62146  16.3493  
8.40492  2.68368  18.8635  
-8.05237  -8.86244  -1.4997  
-5.4356  -8.89919  -0.184833  
-18.8919  19.8893  -6.57941  
-21.6947  20.9763  -6.76114  
-14.7033  -24.9465  -11.0953  
-17.4692  -24.0767  -10.3652  
-2.82956  -12.4781  15.6468  
-2.75705  -14.2602  18.0002  
-14.4198  -27.9673  -21.3572  
-12.1445  -28.6406  -23.1357  
11.1159  13.3048  18.9568  
12.5162  10.8152  18.4813  
22.856  -17.1288  17.2472  
21.6679  -19.7672  16.8586  
9.18998  17.469  15.167  
6.52707  16.5446  15.3975  
-3.82342  18.5643  1.91427  
-5.40078  16.1826  1.49796  
7.94918  8.25134  -11.7348  
9.69187  7.63395  -9.54316  
11.971  -21.4802  -17.0916  
12.8441  -23.7613  -18.3321  
-16.8005  9.70532  10.0363  
-17.917  7.45221  8.02405  
-24.53  -25.7446  0.828169  
-24.3381  -28.501  2.19352  
-3.99482  5.86833  -5.81847  
-3.20076  8.27432  -4.4499  
22.18  28.0453  -11.4972  
23.8369  26.0406  -10.3732  
-10.1459  13.2119  6.67545  
-9.35497  11.6033  4.69981  
-18.7748  3.14382  -8.99254  
-19.9882  2.91652  -11.7444  
-13.4058  -9.81103  12.6575  
-11.6931  -10.621  14.8646  
-9.39651  28.7038  -2.19477  
-11.8188  -28.9374  -3.29334  
-20.5865  -8.39938  4.31386  
-18.7275  -10.1974  5.32979  
-5.59677  -10.2759  9.57866  
-5.56327  -7.60622  9.09939  
6.13836  23.6099  -11.4962  
6.52065  20.7309  -12.1029  
-9.01419  5.47419  23.7759  
-6.27181  5.99359  24.5977  
-14.9935  24.69  27.8008  
-15.6825  22.2506  -29.3844  
29.2189  -21.9554  -1.3884  
26.478  -21.8093  -1.66727  
-1.65105  -7.49198  -19.3298  
-1.47633  -5.21095  -17.4312  
-28.2864  -9.91488  3.32368  
-25.8047  -8.50936  3.34673  
-19.3258  -5.91072  -10.6478  
-19.9679  -3.27684  -9.21295  
15.1729  9.58145  -20.5669  
15.3962  7.28296  -18.6161  
13.5576  -6.56173  -10.8942  
15.3774  -7.22375  -13.2875  
19.5205  16.4454  -0.354543  
22.0193  17.2388  -1.91585  
-16.3236  18.5235  19.8584  
-15.4086  15.9048  19.5166  
-27.0768  26.0191  -25.3408  
-28.2708  23.8787  -23.7899  
-24.7282  12.4441  0.00805278  
-22.1933  11.8492  -1.88786  
18.7341  -1.47751  20.3997  
20.573  -3.6894  20.2152  
-28.4778  -23.3369  -8.00516  
28.9623  -23.4421  -5.40388  
17.7772  -28.0882  3.19355  
14.8782  -27.8285  2.2649  
6.83171  -7.44967  23.5369  
5.10642  -9.39505  22.129  
-7.07915  -13.5153  -22.8592  
-6.5725  -10.6655  -23.2201  
-0.258742  2.62135  9.04091  
0.471464  5.03979  7.97126  
4.18664  2.15157  20.7089  
3.91882  -0.413991  22.3187  
-14.3993  -25.3366  15.6705  
-15.9769  -23.3418  14.3164  
10.4303  -24.7978  -26.1366  
13.2776  -24.4742  -25.3562  
18.9534  -2.78964  28.8261  
18.7735  -5.70217  -29.0417  
-29.0696  9.79748  26.6769  
-27.974  10.8792  29.243  
23.4743  -13.953  3.96945  
24.4977  -11.8044  2.04087  
-29.1986  26.0709  23.3953  
-28.6436  28.4147  24.8291  
-1.26041  -1.02766  13.3512  
1.14306  0.195946  14.3176  
-11.2313  19.0786  4.48671  
-13.5972  20.4968  5.02408  
-17.8798  10.6752  -11.7805  
-18.7317  9.83552  -14.4951  
5.03805  13.9851  -13.8924  
5.01106  16.5287  -12.5635  
-24.9665  -12.106  24.892  
-24.291  -14.713  23.7687  
-12.2336  4.71049  14.3687  
-12.9519  4.233  17.2947  
1.56676  -15.4306  -16.8813  
2.56123  -17.8731  -16.0588  
21.0778  -2.25598  -19.3442  
22.4294  -4.07645  -17.6283  
-17.5132  13.2154  2.92344  
-16.9471  11.4854  5.26284  
-13.5537  4.86894  25.2189  
-13.2713  7.32481  23.5223  
23.8878  -1.22806  2.74313  
25.3653  -2.23137  5.22272  
-18.4116  -18.0591  -13.9439  
-17.108  -20.5858  -12.8198  
3.43396  4.74284  -19.6789  
3.03104  4.12146  -16.6662  
20.5738  -7.7237  -24.6936  
22.7964  -8.43401  -23.0395  
-26.195  6.20381  -24.28  
-24.3066  7.61863  -26.2097  
26.864  -12.0659  4.97058  
29.2355  -13.1027  6.67385  
-26.6362  -2.72211  17.2145  
-27.391  -3.8492  14.7846  
-5.91286  -21.51  -1.4026  
-6.19501  -23.7158  0.491659  
16.7643  22.363  -9.22496  
15.2594  22.4529  -11.5299  
28.2063  26.9638  5.66916  
28.5808  24.9203  3.4713  
13.2842  -5.05727  -24.0036  
12.0182  -6.39919  -26.2725  
-1.55242  29.0282  -25.7894  
0.921089  -28.6884  -25.9596  
8.89482  -21.1711  21.0778  
8.65622  -21.1357  24.0435  
25.4824  -2.9811  22.157  
25.7595  -3.86647  19.3405  
-6.85719  -19.097  20.6415  
-5.96409  -16.4913  21.9484  
-13.1237  -1.28888  -16.9669  
-15.7701  -2.41033  -17.0924  
-21.5118  10.1248  17.2574  
-22.3424  12.8488  17.6727  
29.3918  -4.69855  27.9103  
-27.456  -5.18592  -29.072  
1.23208  -2.30694  28.3709  
1.7656  -2.13482  25.5513  
-26.9065  -24.2281  24.0959  
-25.0592  -26.2184  23.0193  
-28.9801  -16.2184  -24.3104  
-27.9389  -17.6487  -21.8022  
-6.53312  -23.1589  -10.1983  
-8.08041  -23.2878  -7.82424  
3.98678  -7.06112  13.8941  
1.54277  -7.56786  15.3603  
-2.96798  24.4832  24.8426  
-1.4122  24.9089  27.1716  
26.5479  -5.98886  -18.8987  
25.7372  -7.29704  -16.5363  
1.36957  -10.6189  26.1889  
3.14327  -8.55592  25.7869  
-15.3413  -29.2725  18.3836  
-16.8589  -26.8167  18.7937  
3.08162  12.3406  22.6501  
5.59298  14.0045  22.6024  
0.793833  17.0741  -14.3082  
-0.429275  19.7283  -14.6586  
1.23265  20.3477  9.26782  
1.22075  23.0761  7.66227  
-28.0566  -14.9166  25.4553  
29.2234  -16.5547  27.1724  
-0.583835  7.06709  -18.7214  
-3.29452  7.43441  -17.9263  
-16.5182  -19.6315  -1.46436  
-14.716  -20.7084  0.845102  
-1.40388  15.9591  8.16825  
1.08704  16.2772  9.61611  
3.92403  2.55039  -12.6129  
4.12519  0.318751  -14.5423  
-10.8427  -13.2987  21.5972  
-10.0509  -16.0945  21.018  
0.731769  25.2691  3.56927  
-0.529693  22.8525  3.91809  
-7.66037  -7.23888  -18.5872  
-5.14387  -5.64125  -18.9822  
-21.3624  -14.1902  -2.1043  
-23.8907  -15.0113  -1.25836  
17.3647  22.597  -19.6948  
15.8145  21.531  -22.0908  
-22.4811  11.3761  10.2979  
-24.8355  10.4025  11.4459  
-10.4459  -21.6665  1.45289  
-11.0833  -19.0853  2.47956  
26.5761  -10.7366  17.376  
27.9951  -10.4692  19.9576  
-13.5019  -7.34922  -13.0088  
-12.9226  -10.2918  -12.0266  
13.6179  5.32814  -27.19  
12.7479  6.54578  29.264  
-8.89268  3.28248  27.2328  
-8.58018  2.07549  -28.9638  
-16.9046  -1.77368  18.9994  
-15.2118  -1.73119  21.381  
29.2168  -14.2812  -20.3933  
27.3913  -12.1094  -20.1015  
-7.49227  -4.30179  8.52533  
-8.99126  -6.18934  7.13778  
-5.05566  17.6072  -17.9013  
-2.94296  15.4565  -18.3218  
2.05111  21.0885  20.8222  
4.25435  22.499  22.1622  
21.0525  19.4297  -20.1262  
22.7387  17.3145  -20.4513  
-23.8588  -20.9496  12.4648  
-22.3051  -22.9512  10.8617  
-18.3622  -6.71345  -16.4714  
-19.7185  -4.30941  -15.2013  
20.6396  -6.02893  -8.59192  
18.2247  -5.90802  -10.2861  
-1.4471  19.304  -4.00658  
-4.26147  18.5676  -3.92234  
16.0443  -1.39283  9.44357  
15.1163  -2.12156  6.62346  
-27.5361  -8.92176  23.8946  
-26.5265  -8.08806  26.346  
-23.7917  -12.6737  17.0632  
-22.202  -14.8066  18.5988  
10.0506  -6.18876  18.5811  
12.5214  -6.69394  17.1442  
24.0172  8.06414  -15.4062  
22.1313  7.44302  -13.2864  
9.76794  13.3674  10.4998  
8.37701  15.7756  11.4209  
22.3107  -15.8882  -27.7891  
22.8235  -13.0623  -27.5139  
18.531  -13.1818  -10.4112  
18.6568  -15.0335  -12.7126  
-22.8273  8.52515  24.898  
-25.2804  8.90945  26.5874  
18.1128  -10.2588  7.18693  
19.0758  -9.39698  9.85887  
-9.89029  -11.0173  25.1254  
-8.21971  -10.3518  22.7977  
18.5382  -5.29848  -16.3577  
19.032  -7.87167  -15.2395  
22.4742  13.6487  -29.3542  
23.89  12.349  -27.0782  
20.0502  24.7248  -7.30535  
18.4499  26.6775  -8.8379  
10.5063  -28.6978  26.5654  
7.90022  28.5849  26.5099  
25.4775  3.73506  -20.3455  
27.0828  1.32232  -21.161  
-15.9992  -2.34118  6.01462  
-14.535  -0.40676  7.35508  
-16.5158  -14.7735  -23.018  
-14.9922  -17.1034  -23.5762  
7.30204  28.1323  -11.8461  
4.24666  28.1621  -11.8284  
13.2625  -18.7474  -28.6942  
12.746  -17.2942  27.7659  
28.1387  2.29746  -28.2146  
-28.8607  0.044259  -27.7535  
3.37412  -13.3089  6.94588  
1.73344  -11.7646  8.70612  
-4.07398  -4.015  26.3626  
-5.12838  -1.66542  24.9033  
-11.4407  14.0838  -10.7886  
-13.07  15.8354  -9.31646  
23.9153  -9.87304  -1.16734  
26.8082  -9.50654  -0.885507  
28.8456  -20.4421  28.0476  
-29.0147  -20.3153  -28.3013  
12.8893  -4.42224  -19.8513  
15.2449  -5.81825  -20.7476  
-17.6938  -9.39711  19.4979  
-19.9605  -11.2999  19.186  
18.1488  -10.8453  27.4291  
19.1323  -12.8484  -29.3252  
21.0373  -20.2175  -19.6794  
21.7827  -17.234  -20.4482  
12.2715  -7.96802  -1.15508  
13.4161  -10.2188  0.132699  
-27.5377  -17.7556  7.50199  
-25.7082  -15.295  7.40743  
-10.1112  -19.1772  -14.3067  
-8.64843  -20.9861  -12.4148  
3.44796  -23.6482  -24.3003  
3.1728  -21.426  -22.4967  
-20.779  14.9045  7.15656  
-21.6592  15.8061  9.92556  
2.17871  -17.9978  28.6471  
4.18038  -19.4586  -28.5289  
-28.9886  -8.96975  -28.2702  
-28.4341  -11.7389  -27.4767  
-2.75125  7.74407  -10.6102  
-1.94473  5.05152  -10.3689  
7.72678  7.01747  9.6572  
9.98121  7.94956  11.1704  
27.6835  26.9937  13.8542  
-29.4102  28.2037  15.8266  
-6.51255  17.6038  -10.8387  
-7.79085  19.0623  -12.8254  
-26.382  27.5328  -10.1707  
-25.1391  25.1167  -9.5044  
-2.99186  -11.2929  -17.4021  
-3.30593  -11.5323  -20.2971  
-8.35304  4.80479  -15.9954  
-10.7141  3.67396  -14.623  
-20.2686  26.7565  -10.3786  
-20.4457  -29.157  -10.3235  
26.9118  10.1059  -25.7049  
24.0085  9.25387  -24.8184  
7.70908  24.5622  -20.9631  
7.6441  26.9781  -19.4771  
-19.6556  8.41678  13.5594  
-19.6507  6.42585  15.8334  
-14.0177  -7.79859  24.9983  
-16.3912  -7.51969  26.7818  
20.0406  -9.83794  -6.83259  
23.1  -9.44589  -7.1971  
-19.3295  1.6631  -27.0908  
-20.2666  4.07688  -28.4139  
27.297  -18.5346  20.6062  
28.5696  -17.9061  23.0743  
-5.59296  -11.1153  28.4583  
-3.29468  -12.7682  28.4774  
-16.8073  20.8265  10.2387  
-15.4171  20.0981  12.7312  
12.023  23.101  -1.18039  
14.3736  25.0129  -2.24645  
-1.93436  -14.1108  22.1601  
-4.18326  -12.4643  21.7565  
15.7913  15.5888  3.77971  
16.4661  16.2793  6.55498  
19.8858  16.7823  -23.3354  
20.0139  14.7137  -25.3908  
15.1156  6.81348  4.17429  
16.1066  7.9129  6.72284  
-24.4443  11.109  -18.6614  
-27.1682  11.4362  -17.561  
-6.3016  -17.8927  -23.9986  
-7.99253  -16.8199  -26.056  
8.40647  8.07082  24.1419  
6.20061  9.96936  23.288  
-10.3124  -18.724  9.54843  
-12.2907  -18.1264  7.65741  
4.08804  -11.7309  -18.8535  
1.42849  -11.83  -17.5287  
5.02132  -24.0086  -20.1675  
5.42738  -26.1882  -18.2888  
16.2272  17.6413  -23.9058  
13.8967  18.4158  -22.0484  
-27.5698  -15.7983  11.2369  
29.019  -15.1954  13.0756  
-28.2891  -27.7511  -7.72721  
28.6751  -28.529  -9.72693  
27.3733  -23.9717  26.509  
27.9868  -21.8257  24.2819  
-16.6241  -11.8095  -17.3714  
-15.5477  -9.94437  -15.5159  
16.2116  21.0004  21.4412  
13.7056  20.3837  20.1188  
14.2493  -5.58149  13.3406  
13.0277  -3.21846  14.5647  
-12.9757  8.18373  15.9392  
-15.5895  9.20937  15.512  
22.7524  -14.2114  24.1027  
21.0659  -16.4581  23.2403  
28.2399  -9.87165  8.56254  
27.3445  -10.8555  11.2137  
26.5479  -6.64545  11.4161  
23.8995  -5.84802  11.5232  
21.2652  3.13309  -19.3776  
22.2453  5.34115  -18.0178  
-22.338  6.0328  -8.59475  
-24.2377  6.53504  -6.64237  
29.2119  -26.136  15.6972  
28.4492  -27.7272  18.1552  
7.27521  0.172203  5.56705  
8.56939  1.86564  7.46689  
7.21951  -2.63243  -15.8112  
4.57412  -3.67447  -16.5477  
-23.6713  -7.66322  -3.04574  
-21.5305  -6.60831  -4.81756  
-17.6222  -1.07334  -3.1282  
-17.5009  0.775203  -5.19979  
10.573  -11.2459  -23.27  
8.40833  -9.79611  -21.6707  
-2.59808  9.7864  -24.4354  
-3.74296  12.5215  -24.6951  
-27.6821  0.683645  -12.7583  
-24.9482  0.0867848  -12.2654  
0.702495  -26.2144  -6.21125  
2.09634  -24.0397  -7.97975  
-21.48  26.7263  26.4481  
-21.9537  27.3068  23.6397  
17.4945  11.2131  8.98799  
15.6696  12.3492  6.91043  
21.1312  -1.2902  -24.4334  
21.9118  -3.90368  -23.516  
-10.25  11.9494  27.5487  
-7.27907  11.511  28.2102  
20.7123  -14.6585  -23.7752  
18.8101  -14.1263  -21.6112  
17.2278  -11.3724  16.4092  
15.4092  -11.2491  13.9242  
-11.9138  17.524  27.7961  
-13.2622  14.9244  28.5931  
-11.3999  22.9758  29.4081  
-8.90499  24.3085  28.7907  
15.1258  -1.09813  -21.2608  
16.1565  1.40163  -20.4611  
-24.3083  -18.2854  20.7365  
-22.0306  -17.7406  22.4544  
26.6927  18.9517  6.89431  
29.3526  17.5153  6.89029  
24.9936  16.4666  -27.4323  
27.8971  17.1032  -27.0754  
-14.7104  5.78218  10.7334  
-11.9654  6.7307  10.7961  
13.524  23.2977  -18.518  
10.7512  23.948  -18.3247  
-21.517  0.41083  8.92234  
-18.8469  0.858691  7.89396  
28.5521  20.9417  17.3291  
28.439  23.9802  17.3084  
-9.13738  25.1712  17.1105  
-9.49567  27.8994  15.83  
-2.02091  -9.38032  -28.6214  
-2.82313  -8.1138  -26.1445  
-24.1572  7.43554  3.79303  
-23.1437  9.53323  2.12465  
26.9852  -27.1371  -27.6562  
29.0483  -25.1221  -28.2308  
16.9229  27.2052  -4.51583  
17.3921  28.2245  -1.86068  
-5.10398  -20.0957  16.969  
-3.94401  -21.9235  18.9706  
15.3258  -18.5226  -14.1053  
16.7545  -17.0592  -16.4053  
19.6322  12.226  -6.92456  
21.3144  12.1586  -9.14449  
18.3277  -28.1051  18.6616  
19.863  28.3514  18.6474  
14.2066  -13.9666  -22.9153  
14.193  -13.6881  -19.9054  
-21.6087  -6.95007  -22.7797  
-23.6576  -8.94726  -23.2392  
-18.444  -19.6487  -4.91005  
-15.3315  -20.4535  -5.05635  
-15.2085  -15.2102  -19.487  
-14.0443  -15.0508  -16.8974  
7.53109  20.8313  23.5501  
8.65763  22.5552  21.2693  
-9.84862  -15.4914  -2.25819  
-8.88229  -16.0116  -4.86138  
-5.68468  -13.8938  -16.0706  
-6.25564  -11.6414  -14.4126  
-4.32949  13.2873  7.95568  
-3.60075  14.1926  5.30559  
-12.2143  17.1898  -20.0078  
-13.5667  18.8694  -22.1126  
10.5931  21.9808  -7.84302  
9.96076  20.621  -5.30909  
4.10318  -11.919  3.00558  
2.98646  -14.9472  3.02562  
-4.31344  -1.78507  0.248823  
-2.19191  -0.129371  1.02108  
-12.7004  -15.498  1.46979  
-9.77078  -14.3072  1.91542  
-27.8351  5.0833  0.209335  
-27.7172  6.52677  -2.51887  
-7.78775  -18.189  6.30689  
-5.68001  -17.1914  4.36874  
-2.43138  -22.2479  9.42513  
-1.03818  -22.8483  11.8046  
13.1892  4.243  7.62074  
13.1086  1.63714  8.43022  
15.5965  0.782335  20.9032  
16.5173  0.764583  23.4357  
-8.1333  -20.1426  24.5219  
-7.25948  -23.0202  24.7311  
-3.60359  19.2771  13.536  
-2.86686  17.9059  10.8753  
27.8241  24.7199  -16.035  
25.878  25.8768  -17.7585  
-3.2926  -20.8287  -15.5321  
-2.14812  -20.5782  -18.0446  
5.13001  0.634545  -22.4394  
7.58757  -0.215423  -21.2207  
-15.0772  -14.9334  8.55281  
-15.3943  -15.8381  5.73817  
-16.3099  22.4432  -23.1656  
-17.1665  20.4928  -21.1774  
-2.88219  -1.56979  9.07679  
-5.16785  -0.671286  10.5394  
19.772  9.17656  21.6519  
16.9241  9.44715  21.9978  
-15.2497  -4.43993  1.93313  
-16.8351  -6.26411  3.40592  
3.73404  4.70073  -23.9799  
1.89118  2.96704  -22.6443  
-21.3529  -9.75101  -11.1361  
-23.0901  -7.37636  -11.122  
-5.8941  29.369  -12.3444  
-7.45551  26.9926  -11.3186  
18.1483  24.7578  25.7887  
18.2  27.5686  26.0605  
24.4612  -11.6309  27.2963  
26.3002  -13.4119  25.9213  
24.0733  29.3669  12.7349  
24.2086  26.6961  11.2098  
4.93203  24.3953  8.41595  
6.90068  26.0256  6.84035  
9.76964  15.1516  -8.22576  
11.3841  12.7605  -7.56632  
3.34528  10.1652  14.7321  
2.21896  11.7884  12.7564  
15.953  20.7865  27.4621  
14.6312  21.6949  24.9554  
11.0853  20.3223  7.01624  
13.4077  21.9168  7.01805  
-16.8444  -26.7597  6.93176  
-18.7473  -25.1918  5.12206  
17.1812  -13.4229  -5.81207  
15.7346  -11.3981  -7.30919  
6.58771  -0.168948  -28.8975  
4.49306  -0.0876316  27.9361  
2.1404  29.3451  20.1764  
4.47028  28.1659  21.5328  
18.0423  17.1273  -14.3707  
18.2567  19.4967  -12.4113  
13.1113  8.80742  -6.1417  
13.72  9.18249  -9.02489  
7.2433  8.24139  13.9971  
8.31701  9.93241  16.0506  
14.7532  2.02163  -24.8376  
13.5897  1.06357  -27.2751  
1.84675  -21.2932  -1.91241  
2.9165  -19.1612  -3.35226  
-3.81608  -26.2093  -3.95877  
-2.56657  -28.9588  -4.0058  
-10.7324  7.24388  -15.5923  
-12.1267  9.56513  -14.2501  
-5.28334  15.6087  -22.0847  
-6.924  15.1219  -24.6696  
-19.8996  -21.1023  4.81137  
-18.2804  -21.6072  2.4584  
-19.3423  6.47802  3.76957  
-16.1985  6.8309  3.62031  
2.37689  -1.03056  -0.263413  
4.07908  0.927145  -1.41017  
-26.2086  4.66428  -20.568  
-28.9385  3.84354  -21.6604  
-10.3192  -22.7107  6.75132  
-8.7059  -24.7965  8.18096  
8.56126  -14.4928  -9.81817  
10.0605  -13.6957  -12.2003  
-7.56511  -23.3722  18.716  
-10.3347  -24.4095  19.7515  
14.4037  -26.7248  26.1059  
12.4737  -24.5624  25.3234  
-2.3789  0.769547  16.9901  
-1.64792  3.37179  18.0073  
17.9105  3.0626  -16.8902  
18.4958  0.366336  -16.3374  
10.7371  8.40867  1.97904  
7.88919  9.23728  1.09327  
11.0082  -15.8332  -24.867  
11.5149  -13.6231  -26.9379  
6.30495  25.5793  24.438  
4.09324  26.8828  26.0076  
15.7229  -17.3307  11.2406  
14.8771  -17.8162  13.9787  
22.1517  -0.328875  -1.22499  
21.8424  -1.16072  -4.13795  
25.9521  22.7953  5.55123  
23.7797  22.3232  7.42542  
-5.07687  24.2939  19.9975  
-7.41314  22.4177  19.8872  
