-24.1145  -23.3406  26.385  
-22.1947  -23.8245  28.5615  
23.5579  -23.303  18.8078  
25.1901  -22.7723  16.3811  
-21.8407  0.271733  -8.78643  
-21.0612  -1.08239  -6.31392  
2.41363  -13.238  22.827  
0.951066  -15.0775  24.6228  
10.4066  -1.37496  -4.31969  
8.67913  -3.37315  -5.61918  
-18.1202  -5.81869  -6.13444  
-17.3858  -8.09889  -4.43882  
-17.871  17.3389  23.1918  
-20.0019  19.0949  24.1201  
-13.9224  -20.7444  -26.2012  
-15.8924  -21.6431  -24.3505  
-4.54598  5.89654  14.0105  
-4.00252  5.38436  11.1594  
-0.383985  24.6619  21.3954  
-1.76508  27.3136  21.7631  
-25.0105  -0.677987  25.4541  
-27.8718  -1.08728  24.8324  
21.4096  -26.964  -9.83133  
23.0913  -26.0943  -7.65881  
9.37051  12.6057  -13.5765  
7.55598  10.9098  -15.2599  
16.2723  10.7634  -25.0173  
16.394  8.55773  -27.2557  
21.35  -24.7051  28.413  
21.8464  -27.4366  -29.4255  
7.56239  -3.84913  13.3686  
4.80624  -3.17414  13.0286  
-10.2645  -18.4832  14.2626  
-7.64392  -17.702  13.1795  
-9.24282  10.0586  10.5733  
-11.4796  9.92591  12.6134  
13.0996  23.9726  28.5067  
11.1538  26.2078  28.6353  
-1.69595  -9.22537  9.81866  
0.89462  -8.81371  11.1125  
-0.252811  -19.7736  -11.2949  
-0.620728  -18.1156  -13.7739  
4.082  12.5847  -28.6245  
3.30291  12.0765  27.4823  
12.2105  -20.1107  5.01536  
9.81301  -18.3652  4.32842  
-11.716  -7.9191  22.1095  
-13.9118  -6.46469  20.812  
-19.6993  15.8043  -24.1597  
-19.1601  15.9538  -21.3251  
1.93383  -5.04764  -19.8202  
4.49338  -3.63143  -20.4863  
22.0586  15.5815  25.854  
20.5018  13.0251  25.9333  
9.8188  -5.51962  -10.1737  
11.8178  -3.62452  -9.22422  
3.14745  -22.4041  5.75633  
3.01406  -19.7888  7.03951  
-19.946  18.4799  -9.87151  
-20.9499  17.0577  -12.2302  
-22.8213  -1.43417  2.00211  
-22.888  -3.3713  -0.175927  
20.9297  0.973416  10.1315  
22.3046  2.78961  8.4843  
-21.4177  -2.47422  27.4277  
-21.5052  0.35832  28.2952  
12.1047  16.5718  5.81542  
9.66429  16.3902  7.40615  
8.15108  -24.1611  15.1678  
9.57163  -22.4558  13.2733  
22.8993  -12.1786  -20.7319  
23.9735  -9.79086  -19.208  
15.2612  12.9687  16.412  
17.8134  13.7857  17.5346  
15.5086  20.9185  -3.72447  
14.5781  19.6633  -6.26866  
20.8059  22.3355  16.0215  
18.6242  23.5905  14.5178  
-26.5551  16.5147  24.8602  
-27.2578  13.6559  25.2601  
-8.65686  -22.4367  -20.6243  
-6.3356  -23.7499  -19.0349  
-28.9161  12.7265  -13.1934  
28.4148  11.3156  -11.3532  
9.69065  -9.95301  16.3538  
7.917  -10.8365  14.0352  
-13.2011  12.3595  17.4276  
-11.8258  14.9612  17.8977  
-3.18661  8.17504  23.4894  
-1.87754  6.42309  25.5283  
4.26484  17.9606  25.1528  
6.95665  16.5935  25.201  
-28.3533  22.234  -13.556  
-28.6064  24.6756  -12.2789  
-4.22506  10.2141  -27.7965  
-4.61007  8.57877  28.4858  
11.3655  12.0932  26.1635  
12.4331  9.40787  25.6042  
-2.17086  -16.2544  -27.5821  
-4.62581  -16.5052  -29.2645  
24.7271  -25.5232  -3.08858  
21.4341  -24.6393  -3.43232  
22.6454  -25.5724  14.9789  
20.9088  -27.8333  15.1076  
-0.335861  -19.8768  25.7559  
-1.22456  -17.5339  27.1885  
9.38633  -5.15953  -1.68428  
9.27586  -6.83641  0.755208  
12.0177  1.24352  -20.2548  
9.93234  3.22919  -19.6903  
-21.9256  -17.3947  -25.0051  
-21.6812  -15.4667  -27.321  
21.9241  6.21767  5.91994  
19.3546  4.91399  5.91075  
25.8808  -18.7378  -28.4741  
23.9359  -19.7693  -26.5777  
-13.5072  -13.6525  -25.5847  
-14.361  -12.9632  -28.5765  
14.2075  27.1603  -13.7555  
12.9909  24.7831  -14.7349  
8.27368  -14.32  -5.51456  
9.88417  -11.9946  -6.60995  
10.4154  27.8187  -22.2696  
12.3674  29.0638  -24.1069  
13.7267  -10.6696  -12.3719  
14.4591  -13.6703  -13.0007  
20.8941  -25.8203  11.2326  
18.9158  -24.0694  9.95481  
-4.12493  21.3161  28.2592  
-6.49051  20.7021  -29.2183  
-22.3645  -26.4554  -21.9769  
-21.0421  -28.9384  -22.4857  
11.5248  -10.2685  -29.207  
14.1645  -11.8464  29.291  
-9.67981  -15.3641  -16.1481  
-10.7634  -12.6143  -16.3743  
8.04558  1.62728  26.1286  
7.1706  1.91218  23.4712  
-4.58979  -3.04085  -3.91923  
-6.51582  -5.50401  -2.73525  
-1.49187  -28.4585  13.0564  
-0.291774  27.9439  12.2703  
1.65333  10.0851  5.26072  
4.38913  9.57832  5.71268  
2.30342  4.05805  14.4951  
2.47184  3.34756  11.5487  
-28.6  13.1195  -25.2882  
-27.8756  10.2163  -24.982  
-9.03261  -26.1826  -4.9441  
-8.08385  -23.7669  -3.7646  
0.435564  -29.4107  8.20421  
2.91447  28.1799  7.17039  
16.3264  -0.630932  -11.5551  
13.8244  0.406422  -12.7573  
24.393  12.4614  23.5001  
26.6186  12.8286  21.6645  
-4.56481  2.48594  7.9514  
-5.9044  4.94243  6.39271  
-11.3088  -8.87973  5.0711  
-13.1347  -6.57669  5.22352  
-24.122  22.6326  5.65409  
-24.7221  21.5358  3.06545  
29.1731  -0.771432  8.53484  
-28.0392  -0.949557  6.32279  
19.9935  18.7133  27.7867  
20.6467  19.2668  24.9207  
-21.9798  -13.226  7.0591  
-21.8314  -16.0947  6.53644  
7.0905  28.1083  10.9501  
8.89965  29.3675  13.227  
14.2032  -1.88242  -4.37323  
14.9383  -4.05483  -2.51115  
-28.8759  27.7088  28.6089  
-28.8888  -28.2682  28.5901  
3.29766  -11.8455  -26.0885  
0.692542  -10.7582  -25.5232  
-19.8026  -12.4939  10.3778  
-20.9418  -9.84096  9.69385  
-11.6852  -23.2459  -5.6505  
-14.0582  -23.2374  -7.2562  
-25.6295  -22.2643  20.6314  
-27.734  -20.3489  20.3109  
3.76709  3.62457  -8.83956  
6.48568  4.17275  -9.325  
-15.6192  -4.63186  -2.55663  
-13.3472  -2.66381  -2.13878  
10.2553  -24.3858  -12.547  
9.34825  -25.5803  -15.1677  
-16.7148  23.4405  -3.16538  
-16.4437  25.9521  -5.21221  
22.5598  -1.04142  -14.4943  
24.0734  -1.28042  -11.9932  
21.3497  7.03293  -21.9085  
19.92  8.66754  -24.0262  
13.2007  -9.83583  -4.53101  
12.3813  -8.04717  -6.7131  
-24.487  25.4269  -19.9484  
-21.6541  24.805  -19.6087  
2.89808  -5.68999  -6.30272  
0.884243  -3.54782  -7.67642  
0.178093  26.918  -19.2823  
1.09495  25.9563  -16.737  
-27.1475  -18.9286  13.9973  
-26.2665  -20.7862  16.0996  
17.9851  -28.9152  -12.292  
17.6337  -28.2215  -9.48239  
28.7071  -17.677  -13.5783  
29.0207  -16.1111  -11.0811  
-3.89648  14.1779  -4.22472  
-6.27949  13.3536  -5.59984  
5.802  -20.5238  -17.2861  
7.3615  -17.8415  -16.6485  
-8.6313  -26.8496  16.4451  
-8.14648  -27.1215  13.5155  
0.551063  -5.8355  -27.8154  
0.309371  -3.45298  -26.3481  
-19.3996  24.843  -16.0968  
-17.6234  25.4134  -18.223  
-8.2945  24.6121  -8.17336  
-11.0145  25.7097  -7.94013  
11.7603  -12.869  -16.552  
10.7724  -12.2748  -19.2023  
5.74638  -23.0465  -27.8183  
7.51287  -20.9675  -26.9664  
-16.4349  26.5628  11.2188  
-17.5772  24.3339  12.6377  
-4.44501  0.643644  20.8826  
-6.32475  1.68118  22.8718  
9.01445  -16.1261  29.0385  
5.99629  -16.0574  28.768  
0.881101  -18.7406  -19.4907  
0.490092  -18.3355  -22.3839  
7.57145  -24.8912  5.36754  
9.59299  -22.826  5.21534  
21.7647  3.10905  2.63433  
23.5086  3.65958  0.283905  
-14.305  -22.7953  28.4981  
-12.8129  -20.3052  28.2491  
1.22017  -17.193  -26.2245  
0.630359  -14.7863  -24.7905  
-13.9308  -25.9077  10.9525  
-12.2901  -25.8391  8.41881  
-10.1696  -12.2088  -29.2135  
-9.52071  -9.39662  29.0089  
-21.4686  11.6355  -22.0464  
-23.3383  9.41385  -22.4637  
17.5006  1.72212  12.1719  
18.4117  -1.00429  12.4517  
-8.76644  10.4087  -7.00334  
-5.94739  9.48098  -6.86835  
-4.96248  -28.6062  3.17675  
-5.08894  27.9502  4.88156  
-3.54039  -12.6226  2.57429  
-1.50457  -10.4826  3.11864  
-17.6519  18.8225  27.4098  
-15.5464  18.2625  29.3257  
17.8127  10.2747  -10.1875  
17.0566  7.48336  -9.83622  
-8.59194  16.3634  16.6093  
-10.8976  17.6544  15.3378  
-22.8251  -8.59554  -27.2495  
-21.5016  -8.69249  28.6626  
27.8012  -2.43132  16.1714  
25.6347  -3.91352  14.8759  
-17.3355  7.81748  -18.2918  
-20.2852  7.952  -18.0361  
-15.3333  7.22245  -27.926  
-16.0531  9.7259  -26.5311  
16.9823  -15.0522  -0.230765  
17.5828  -13.1215  2.16437  
-5.15923  -7.31223  16.82  
-6.32678  -4.99597  18.3738  
26.3462  -3.0785  26.2234  
27.5211  -1.00202  28.0386  
-15.3517  4.39247  -20.8713  
-15.5485  1.92713  -22.4229  
-13.93  -7.26152  -21.5381  
-14.845  -7.94411  -18.9369  
10.4021  24.0657  5.56613  
10.6509  26.885  4.73015  
21.2684  14.2351  19.3524  
19.4102  13.3846  21.5377  
17.8098  -1.09991  3.89558  
16.703  -3.20654  2.88256  
-15.5869  23.2206  19.135  
-13.3846  21.6012  20.2035  
-25.8544  5.53205  24.1662  
-26.9163  2.88727  23.5789  
10.6523  -1.38407  -17.4907  
11.8433  -3.22107  -15.4488  
-5.81315  10.903  0.983967  
-8.82497  12.4088  0.334159  
-11.7365  -16.9741  24.7872  
-13.217  -15.5172  26.5681  
28.5737  -4.02316  -3.29365  
26.5958  -1.77783  -3.1587  
-8.6783  4.31602  -22.6315  
-8.53219  1.47826  -23.312  
-28.6155  -13.7185  -14.2579  
-29.2149  -12.4063  -16.8004  
20.0492  -6.1532  13.5286  
19.0033  -8.90321  13.6793  
5.60482  -26.3868  22.7166  
5.83524  -23.612  23.0471  
23.5606  9.68383  19.6562  
23.4195  6.82096  19.3857  
15.9421  28.0891  -25.672  
13.7786  27.1726  -27.4834  
-1.09493  11.2384  -17.9452  
-0.370899  12.5461  -15.5475  
13.8561  24.6666  20.4412  
12.1766  27.132  20.4233  
17.1234  13.7865  -16.8982  
15.1221  15.7959  -17.3731  
-10.4234  -4.7772  -29.0839  
-11.8975  -6.57627  -27.1885  
22.7421  26.4225  -14.9552  
21.5485  27.537  -17.4549  
-19.6027  2.45045  -2.02147  
-20.0774  3.43769  0.682741  
-14.1856  1.60122  1.11631  
-14.8914  1.7971  3.65556  
2.66142  5.77275  18.2932  
0.435685  6.81914  16.6519  
14.5097  -21.376  20.2622  
16.6092  -20.0551  18.8997  
-16.3243  -13.919  24.5206  
-15.419  -11.4453  26.16  
-16.5112  -24.6216  25.3082  
-14.9224  -26.9329  25.9132  
-14.7643  19.1661  -4.94651  
-14.9253  20.1791  -7.92087  
11.8266  15.1941  -3.43663  
11.0623  14.6327  -0.599434  
28.215  20.5721  -3.83565  
28.6968  20.2451  -6.70447  
-27.9438  -16.4059  -28.2585  
-25.6512  -15.2628  -26.5997  
10.8336  -19.2357  18.5248  
10.7312  -21.9386  17.4271  
-27.768  13.559  1.61926  
-26.0288  15.2254  3.03225  
5.22581  4.07906  28.2373  
5.12286  6.61383  26.6853  
9.50836  8.0108  -23.582  
10.6498  8.16248  -26.2435  
12.2245  -2.61454  -27.5799  
11.9176  -1.3885  28.5201  
21.4982  -19.8179  -3.84057  
21.0611  -19.0022  -6.61291  
25.7802  -3.01916  9.35021  
24.7894  -0.336538  8.87291  
-27.9249  -10.195  -21.4724  
-27.957  -9.19087  -24.1499  
-24.676  24.3818  -5.34721  
-26.1851  22.2947  -6.27454  
-15.6923  27.1127  -24.0223  
-15.9554  25.3179  -26.3247  
-18.6201  -26.2922  28.6068  
-21.0136  -27.7927  -29.3254  
3.5208  -4.93527  22.3737  
1.47536  -3.96468  20.6639  
16.0975  -7.53484  0.791248  
18.9221  -6.52891  0.419043  
-18.8685  3.78153  -16.0552  
-17.2883  1.28199  -15.8506  
-15.5391  15.9691  0.0209906  
-13.9794  18.3417  0.991305  
-0.202326  -6.01536  8.33007  
-0.479509  -3.71097  6.12705  
2.46858  18.9912  -5.52355  
2.51863  17.4301  -2.60613  
-17.3554  16.8471  -13.7236  
-17.317  14.1737  -14.7589  
-27.1922  3.77663  4.10881  
-27.5883  1.55573  2.27615  
-6.30436  27.0417  9.58633  
-3.62296  28.2586  10.173  
20.7546  -11.1865  3.60729  
18.5644  -9.09827  2.76811  
-24.4064  20.2587  -12.8015  
-25.019  20.0806  -15.5376  
11.5008  16.5328  20.6839  
10.8184  14.0353  22.3633  
-13.0323  9.59963  2.99676  
-11.9522  7.04615  3.27795  
-3.64122  22.1798  17.0139  
-1.32235  22.7547  15.2966  
27.5669  -21.0123  5.44397  
25.4536  -22.9094  4.6745  
-25.4332  18.3367  5.69004  
-25.0555  15.8903  7.06377  
-4.15486  26.1163  -3.30721  
-1.33738  26.2792  -3.51872  
-10.3192  -3.9573  20.6614  
-8.20027  -1.96214  20.384  
-28.677  -7.87329  -0.378015  
-29.0348  -8.24367  -3.31075  
-23.3037  -2.16669  -15.3852  
-21.3277  -0.149965  -14.7108  
11.4781  -12.198  13.5555  
13.1122  -14.4488  12.4865  
-18.2755  6.36709  -3.43504  
-19.1107  7.44648  -5.77787  
-13.7809  4.14877  21.123  
-14.9147  1.74631  19.7244  
9.36579  6.56393  -3.11461  
8.37919  3.88073  -2.48084  
20.3601  -7.28731  22.8104  
22.8603  -6.40302  21.5186  
-28.7317  9.75219  1.39732  
27.6284  11.1345  1.60029  
-10.9715  -3.1131  -10.2751  
-8.91477  -4.14554  -8.56662  
12.781  7.7196  22.2971  
14.0231  6.41322  19.8156  
-9.38839  7.34738  -20.0209  
-8.90992  8.37148  -22.5154  
1.02095  -5.38926  -2.07537  
-0.708816  -3.84123  -0.362052  
-21.0374  -8.01342  21.7596  
-23.4648  -7.59016  23.3538  
24.7789  27.4026  28.9559  
22.0962  27.1635  27.7675  
13.6985  1.44115  -1.35294  
15.5939  1.45386  1.37432  
22.7585  15.1416  4.69449  
25.5251  14.624  5.41849  
-28.4868  27.0827  -18.3374  
-26.1961  28.7299  -17.4863  
-21.4248  -20.1597  26.2489  
-20.2648  -17.551  26.492  
11.5476  23.8947  10.9229  
9.66986  23.9484  13.3452  
0.42823  -11.1332  -1.69317  
-0.722705  -10.5233  -4.26937  
-15.5302  24.1769  23.3144  
-17.5268  25.9084  24.5287  
22.2905  -5.14148  -1.92691  
21.2794  -7.40664  -3.55753  
-12.4529  -20.2856  -21.5298  
-10.0633  -18.9743  -22.1096  
12.0753  -15.0405  21.1124  
13.9055  -12.8341  21.1645  
-24.2669  27.8723  -3.0302  
-27.0264  27.0287  -2.86248  
13.7295  11.3311  -2.58906  
16.331  10.2366  -3.08891  
19.2328  27.9165  7.19675  
17.4468  27.748  9.44209  
28.1123  2.30611  -16.5956  
26.3674  1.50786  -14.2748  
8.76804  12.7342  2.27463  
9.15007  15.4767  3.05939  
10.7212  -25.9743  1.05491  
10.7507  -24.7068  -1.57996  
-25.8333  -20.8697  0.221076  
-27.4121  -18.2621  0.404018  
-26.1162  19.8352  28.0657  
-27.4767  20.6996  25.5282  
-27.7895  5.07153  19.8965  
-27.6844  4.39727  17.0182  
-7.09522  26.7681  1.0139  
-9.85928  26.2285  1.51972  
19.9261  13.0794  -2.46519  
20.2898  10.1037  -2.39446  
13.4733  -20.3441  -4.39155  
12.9511  -19.6818  -1.71884  
1.26635  13.2079  -11.8048  
-1.50579  13.4436  -11.4023  
-21.924  23.1627  23.8711  
-23.7201  20.865  24.6398  
17.4217  -3.62647  15.0806  
19.8412  -2.591  16.3727  
-14.1105  -4.13571  12.239  
-15.6115  -3.56992  9.8072  
15.7372  -28.8914  29.2511  
17.9852  -27.2415  28.3441  
-29.2243  -29.2459  -24.1043  
-27.2143  28.8215  -22.08  
-7.09202  -3.38585  -12.0721  
-7.24329  -2.96584  -15.0218  
-8.49455  -8.31934  -9.14515  
-6.36836  -7.93493  -7.1058  
-17.7113  -3.7965  26.1126  
-19.9976  -5.50287  25.3683  
16.1613  -17.4891  -21.2051  
15.5414  -20.2529  -20.3716  
26.5079  -25.0253  -19.2465  
25.8568  -23.6294  -21.7337  
6.85601  -15.3833  3.04603  
9.55928  -14.9918  2.22048  
-3.85489  23.1963  0.896614  
-5.24644  22.6761  3.39891  
-27.7259  -20.6582  4.168  
-27.6074  -22.5055  6.45845  
9.08452  -22.5566  27.9039  
11.165  -20.7818  27.3913  
-23.681  10.5591  -8.14769  
-24.0247  12.87  -9.88503  
-10.3856  0.847695  -5.44542  
-9.1483  -0.117087  -7.88017  
-1.57706  2.88748  -6.90805  
-0.177813  1.70383  -9.06529  
19.892  17.4107  9.76243  
17.1567  18.0247  10.7252  
20.1936  6.42558  -3.1469  
22.6911  5.11105  -4.27049  
5.93422  6.41141  20.8985  
6.28725  6.6503  18.0079  
3.5279  21.2069  -9.56371  
1.16263  19.8667  -8.72739  
-25.8658  3.83824  -12.0682  
-25.6776  6.77968  -11.9198  
-9.35609  -0.687806  9.9279  
-9.16835  -2.62918  12.0309  
21.7499  -28.0554  4.63639  
20.3027  -27.042  6.93886  
3.77332  17.5915  1.21865  
5.22298  15.312  0.141517  
29.0742  22.4369  21.5429  
27.9129  22.1407  24.2709  
5.75326  -7.84099  8.52048  
4.81077  -5.08432  8.11455  
-26.1012  -10.2802  -15.6959  
-23.4908  -9.19804  -14.9368  
-14.2035  26.2163  -14.9952  
-13.4666  24.4605  -12.7311  
-2.26943  2.94173  -22.0043  
-1.52762  0.0947899  -22.01  
23.9492  12.0109  1.01035  
24.858  12.0244  -1.70157  
-15.6443  -12.0979  -5.23685  
-13.7725  -10.4083  -3.7518  
-3.83145  -26.5808  -13.2162  
-6.72795  -25.9101  -13.6742  
7.70466  -17.0314  16.5246  
9.16612  -14.5834  17.073  
6.44378  -13.7527  21.2235  
4.50137  -12.8547  19.1754  
1.54601  -17.9865  0.290309  
1.82236  -18.6496  3.11507  
-24.6292  -1.72614  -28.4796  
-25.3121  -1.66702  -25.5626  
18.1721  -19.8442  23.2037  
17.6262  -17.87  25.292  
10.5555  12.2989  -24.6926  
10.054  14.6691  -23.0829  
9.56804  0.467291  1.67453  
7.04206  -1.08207  1.55661  
-20.5503  -29.076  4.60126  
-22.6058  27.7329  4.51741  
-18.0398  -21.1371  23.468  
-18.2613  -23.3527  21.5626  
-7.49248  -6.51557  -25.8784  
-6.62282  -6.19542  -23.1373  
4.81799  14.0324  19.1356  
3.54837  13.9146  16.638  
-28.231  16.731  -23.6268  
-26.952  17.5434  -26.1617  
9.45874  20.0432  -27.644  
9.39228  22.9494  -27.8626  
-12.08  -26.0167  3.94367  
-13.9175  -26.0488  1.57769  
-2.24921  -19.0174  -2.9323  
-4.81417  -18.2616  -4.09363  
13.6115  17.9854  -28.4459  
11.5353  16.476  -26.7434  
-18.1437  19.4537  -0.986784  
-20.837  19.618  -0.666252  
-17.6723  4.47355  21.2568  
-19.608  6.4059  22.481  
-21.3685  -21.1467  -13.7948  
-23.6939  -22.5828  -15.135  
-26.781  19.8537  14.2834  
-24.0186  19.7837  13.2851  
-2.05574  14.4842  1.06511  
0.594974  13.7363  0.487864  
16.6528  13.5282  -22.1948  
13.8544  13.2949  -22.3271  
25.2671  20.1396  -25.8177  
23.6322  20.2598  -23.4256  
-7.30982  23.741  -4.37318  
-4.75884  22.2953  -4.89651  
-20.0404  0.162678  16.967  
-21.4678  -1.97449  18.2891  
-19.8501  18.9604  12.6549  
-21.2343  17.0489  14.4111  
11.3138  25.4669  -10.6414  
10.2772  26.6792  -8.18075  
-16.4701  -26.8349  -1.42509  
-14.9616  -24.7052  -2.84033  
6.77395  -3.75737  17.4921  
8.51665  -1.96796  19.0317  
-12.7968  0.927138  -11.9665  
-11.0572  2.34568  -10.0395  
13.1237  -8.64701  20.6497  
12.3808  -8.91777  23.4067  
21.1031  -11.0978  -13.6769  
23.4476  -9.15527  -13.7396  
-13.5958  0.803678  -25.9069  
-15.6089  -1.29251  -25.3442  
14.1851  -22.3976  -10.3799  
12.4044  -21.3458  -12.4368  
-1.36446  16.409  21.7461  
-3.23959  16.0014  24.009  
-4.36323  -27.2467  15.7025  
-2.14716  -25.8062  16.8471  
1.08081  26.851  -28.9874  
2.13062  24.1714  29.433  
2.71452  -26.4748  -28.9035  
4.95227  -26.8424  -26.9582  
24.4491  -15.6649  20.3739  
26.4992  -14.5476  18.6401  
29.2687  -28.1275  7.71384  
27.0176  -29.4067  9.13835  
24.3424  23.2145  0.0329038  
21.2779  22.6676  -0.0480922  
24.7645  13.968  -10.5737  
25.3344  13.186  -7.69485  
10.8065  -0.556166  24.4832  
13.3583  -1.71404  23.9414  
22.766  26.7798  -26.7558  
23.4866  24.5973  -24.9135  
5.09918  11.8074  -5.04022  
7.49335  13.3546  -5.41603  
3.17834  12.8917  8.41594  
5.19598  14.1903  10.1066  
21.9304  -29.243  -0.823343  
21.8256  26.5579  -0.509612  
16.1955  -7.03533  -26.208  
17.6233  -9.21891  -27.6214  
28.312  14.3308  11.8713  
27.4139  16.5619  10.2681  
-20.8828  -21.2535  -23.5456  
-19.6974  -19.6478  -21.5435  
-22.6367  -21.9916  -1.81476  
-21.9024  -22.495  0.967732  
-9.22905  -26.8269  -25.3385  
-8.2042  -26.275  -22.6656  
8.70399  3.74133  12.4606  
6.37868  2.2746  13.2747  
-20.4954  -13.5929  -10.8992  
-22.246  -13.0658  -8.52587  
11.2038  -26.7077  15.1716  
13.2153  -29.2837  15.6863  
16.5577  -22.7528  -15.3164  
18.5537  -23.5127  -17.2411  
0.609844  -22.6034  19.6825  
-0.769478  -25.0334  20.835  
18.4195  5.58083  14.9527  
19.4435  2.98972  15.5248  
-0.827274  3.05798  -28.8202  
-1.66967  3.97502  -26.1445  
-20.0641  -4.7282  -19.7581  
-22.5503  -3.83552  -20.6185  
13.7535  5.53195  0.738155  
14.1104  8.204  -0.297507  
-16.4836  -16.3637  18.0417  
-14.4724  -17.8029  16.4333  
12.8905  14.6419  -11.2376  
14.0469  14.5295  -13.9321  
4.89953  20.9958  -22.4768  
7.2875  21.3269  -24.0791  
20.1995  10.7191  -19.8759  
20.5531  10.2614  -16.9982  
24.9049  7.46448  -0.817275  
27.2629  5.87243  -1.00899  
2.48482  20.2137  29.2598  
4.92979  21.3037  -28.1598  
11.2579  -27.8737  -19.9892  
8.93885  -26.1925  -18.9398  
25.9939  -16.0731  -8.35714  
26.9954  -13.3504  -8.11904  
-1.92876  -3.8709  -22.1757  
-3.57043  -2.9224  -24.4521  
16.7323  16.3441  14.6168  
17.6119  19.2067  14.4421  
-5.05923  5.53727  -23.8835  
-3.07989  6.59566  -22.053  
25.138  -12.8016  13.8256  
25.0754  -14.8208  11.7446  
-21.3332  -6.54472  11.9314  
-24.0936  -7.40176  11.4717  
3.76958  8.7934  -11.4111  
1.29478  6.99496  -11.318  
-10.2154  19.9574  22.1081  
-10.0279  19.2989  19.1806  
-17.5643  -11.7319  -1.51916  
-19.0765  -11.0785  0.954513  
-11.2506  25.4518  10.2018  
-9.79572  25.0186  12.7415  
17.1386  16.1042  28.896  
17.8611  17.5763  -27.5937  
-6.37605  29.2426  -25.0221  
-5.37896  26.5305  -24.911  
4.00186  -27.4857  -5.14104  
5.51873  -26.8896  -2.62475  
6.03665  -18.981  -6.80314  
4.61158  -16.6969  -8.15362  
28.7055  24.8812  -27.8425  
27.2768  23.9246  28.638  
15.0509  -26.663  10.3319  
14.415  -29.3551  11.0455  
25.2948  -27.2571  21.4604  
27.2901  29.3862  21.8021  
-17.1242  -13.4126  20.9173  
-14.5551  -14.8955  21.0855  
-25.3821  19.0541  -19.2333  
-23.8773  21.6194  -19.3514  
22.3683  -22.8324  -11.382  
20.6924  -22.0515  -13.6112  
6.07718  29.0263  -16.1335  
3.95353  28.7524  -18.0208  
-9.25329  18.8065  -7.35117  
-7.98146  17.6804  -5.10702  
-22.4461  26.0719  -23.4263  
-19.949  26.7382  -24.7743  
-2.30242  1.30566  -18.1192  
-2.23936  0.792242  -15.3562  
23.2974  10.7085  5.8083  
24.9417  8.73343  7.12924  
-10.567  -28.6394  25.1604  
-8.37573  29.2177  26.9572  
-24.8223  17.5304  -3.33895  
-25.1661  16.891  -0.473697  
9.87305  17.1449  -12.1824  
9.20692  18.8259  -9.70268  
-25.0977  20.5387  17.7209  
-23.8623  20.2657  20.6419  
3.51542  12.7665  -21.8822  
2.64379  13.1318  -19.0894  
20.0792  -23.6026  -22.3945  
22.025  -24.5992  -20.4943  
28.2986  16.5995  -13.9426  
-27.5767  17.0995  -13.9123  
1.93082  -2.3546  8.89507  
4.34206  -0.454115  8.91379  
4.63671  -3.69793  -26.9256  
6.6082  -2.55441  -25.0569  
26.0061  -28.8844  -12.6463  
25.5303  -26.5537  -11.0929  
-4.88955  10.0017  10.579  
-6.09963  12.2223  11.7175  
-14.0574  29.4303  -8.22895  
-16.9551  28.6309  -7.85296  
19.3782  -27.3281  -19.6536  
18.565  28.8837  -20.5894  
15.2122  -16.8528  -3.46754  
18.0393  -17.2558  -3.91389  
-29.0663  -27.9961  0.138882  
28.1986  -25.8827  -1.08793  
-26.0453  -26.6666  -23.1994  
-25.4423  -24.502  -21.2014  
-8.90179  -10.8486  -19.6104  
-11.1793  -9.04576  -18.7609  
20.3324  -12.8821  20.501  
20.1756  -9.93628  19.9492  
3.56001  9.92488  -0.846392  
4.09663  10.9222  1.73238  
0.690902  2.85955  -1.416  
1.1006  5.3802  -3.07092  
-19.6016  15.0917  -5.8382  
-21.4148  12.9041  -6.46163  
12.1755  -11.7848  8.85889  
11.7673  -9.06127  7.76431  
27.5652  28.8198  -3.08534  
28.4539  28.1068  -5.71723  
10.8252  -28.1474  22.3634  
9.74068  -28.7383  19.7087  
1.46896  17.2767  18.5276  
-0.663553  19.2999  17.9907  
28.9041  6.5665  24.1869  
26.9746  8.79562  23.9982  
11.5785  -11.7535  4.14073  
13.3018  -13.4083  2.35326  
2.12141  -13.0446  -5.68817  
4.60129  -12.7241  -7.36069  
2.58596  22.9676  -14.1299  
-0.404937  23.4282  -14.0982  
24.7763  3.27391  17.7038  
27.1965  4.44719  18.8163  
13.6669  18.6433  16.4596  
11.2759  20.235  17.2593  
27.5406  -9.74013  -7.39573  
26.0854  -9.99429  -9.96953  
-2.08503  -8.47014  -7.67499  
-3.59564  -10.9487  -7.65036  
24.6  22.2717  18.6767  
22.6005  24.0784  19.7027  
-22.224  -14.1154  27.4065  
-19.308  -13.9693  27.9292  
11.5236  29.2842  -4.88659  
9.13432  -28.7725  -5.68166  
-25.6143  -27.4209  17.1197  
-23.1858  -28.5745  15.904  
-9.00241  -2.7775  26.7742  
-10.4847  -0.68453  28.0421  
-4.402  24.6662  -13.0653  
-4.35724  21.8788  -11.4758  
-10.3217  20.9019  -20.6424  
-8.19369  22.8306  -20.9781  
27.7995  -10.0264  -13.7573  
27.7421  -7.30611  -12.8294  
5.3743  2.37648  -5.4952  
6.75046  0.282888  -4.12415  
-0.180522  26.2335  -23.4174  
0.139409  23.6788  -21.9064  
-10.4245  -28.8718  -10.7766  
-13.0132  28.7902  -12.1713  
3.41957  21.7369  3.95628  
6.2177  21.2972  2.65794  
-13.0209  9.87638  -7.19885  
-11.9269  7.65142  -5.24586  
19.0617  18.9871  -6.99167  
20.1464  16.5722  -8.25656  
4.3967  -10.3245  29.3511  
6.45403  -12.3936  -29.0901  
20.639  0.170321  -10.9575  
19.5095  -2.02399  -9.5197  
-4.20473  -16.7673  -0.00744836  
-2.1113  -16.5976  1.9964  
20.5138  9.99403  12.1325  
21.6464  10.2537  9.38934  
-6.65523  -10.976  15.4164  
-5.18479  -9.49701  13.3047  
-23.3382  2.22554  2.95558  
-21.2078  1.6155  4.90919  
-25.2844  -21.6985  -10.8613  
-27.3188  -19.6828  -10.526  
-10.1532  -1.90874  -23.4684  
-7.49784  -1.52019  -24.8561  
-27.2613  -7.87635  -7.11899  
-27.2899  -10.6887  -6.52946  
-26.8563  3.30214  -5.07095  
-28.5629  4.61123  -7.0641  
-13.5602  5.52436  -0.503216  
-15.909  3.96057  -1.31321  
-20.2735  -11.4444  -22.5657  
-20.9055  -14.0739  -23.5076  
-25.0231  7.55922  -17.8936  
-24.8869  5.17522  -16.379  
-8.75297  -29.1532  -19.5535  
-8.57616  28.5964  -16.889  
-5.29972  -0.91838  -29.225  
-4.19219  0.979576  -27.3523  
-1.80278  10.0785  6.2685  
-1.70636  7.80331  4.41751  
1.55732  20.6499  24.8423  
0.0914691  18.1928  25.2119  
-9.66471  12.012  21.1538  
-8.57827  11.8349  23.7365  
-5.35185  -24.6798  11.1278  
-6.05588  -27.2995  10.0721  
-4.11937  -8.573  23.3875  
-5.07255  -8.08356  20.6731  
21.0601  25.0407  9.67612  
21.8664  23.1462  11.7238  
-17.7744  -14.0437  -7.93022  
-16.1937  -16.1278  -6.39517  
15.1232  -23.1147  8.55841  
14.8073  -21.6965  11.0472  
22.2396  -7.24748  6.86887  
22.6997  -4.7801  5.83779  
-5.51686  20.9992  -15.5504  
-7.81996  20.7936  -17.3199  
-19.2205  18.0811  2.54208  
-21.143  18.925  4.71053  
-19.8407  -2.8924  -26.7581  
-19.4334  -2.46156  -23.5849  
24.3319  20.7016  26.8423  
26.5638  19.7526  28.2414  
17.4295  11.8371  29.3431  
15.9519  12.3252  26.9768  
-28.2609  -7.93662  11.8943  
-26.6573  -8.6565  14.1886  
19.1287  7.97415  25.5797  
20.526  5.66075  26.9434  
15.4348  3.45909  17.2272  
12.654  2.81529  18.3763  
28.7323  -3.5051  -21.556  
-28.8105  -6.14583  -21.3671  
-6.26861  27.5139  -28.6423  
-5.40047  26.0896  27.7917  
-4.86299  -21.8397  -27.0314  
-6.73867  -23.3438  -28.6403  
28.595  6.28532  -16.1641  
28.351  9.17735  -14.9156  
27.9471  25.2859  -1.63804  
29.3108  23.1568  0.140442  
-28.9252  16.6734  -18.8384  
-29.1447  19.153  -20.365  
17.5798  2.86867  -8.66686  
18.3956  4.63869  -6.68912  
-22.8662  -26.5224  -5.82797  
-24.8103  -23.8108  -6.00823  
-5.79524  13.0075  -10.0151  
-5.73521  13.7487  -12.859  
-13.1299  12.6657  9.26324  
-15.0504  14.1895  7.59875  
-27.0749  -2.64696  2.10636  
28.644  -2.86137  2.26722  
0.349165  -25.9623  -1.83065  
2.03027  -25.5354  0.493878  
-24.5438  28.5844  28.9394  
-22.6203  27.6177  -27.9296  
-17.8699  -15.374  13.6367  
-20.5849  -14.3189  14.1925  
-14.4317  9.08717  -21.2721  
-13.1327  8.55277  -18.6006  
-19.6896  -3.89928  15.0007  
-17.8873  -5.14362  12.9853  
0.365232  -3.80217  16.7528  
-1.50591  -5.52121  18.061  
6.66901  15.2656  -20.3375  
7.56525  17.8589  -21.3069  
-2.5378  -20.7651  -22.8174  
-5.16445  -22.0447  -22.5801  
-9.45286  -2.31047  -3.32598  
-10.3043  -0.0969854  -1.66381  
-12.9201  28.6884  3.58348  
-14.1839  25.9707  3.08963  
-25.694  23.8679  -0.486468  
-25.8613  20.8989  -0.638885  
22.6982  -9.53656  14.8426  
22.2177  -11.2582  17.0696  
2.81257  -26.5837  25.7568  
0.34084  -25.9689  27.0771  
27.9432  -25.2387  -14.965  
27.6673  -22.5021  -15.9455  
3.84346  -16.403  9.66112  
5.92202  -18.413  10.1444  
17.8501  -6.99185  25.8358  
16.5526  -8.77493  23.8357  
22.2954  -17.5356  13.016  
23.5413  -18.9053  10.8188  
-21.0512  -26.2769  8.61742  
-22.312  -27.4175  11.007  
-22.5556  3.22694  16.4761  
-20.8167  3.67059  18.8559  
1.12142  23.8109  -6.24639  
2.40745  25.6071  -4.48338  
25.178  -18.1254  -2.11381  
23.6617  -18.6553  0.32024  
-6.55303  -14.6383  7.73971  
-8.94711  -13.7251  9.46591  
6.12687  7.8414  -25.8596  
4.22025  7.0365  -27.9024  
10.2499  4.44206  -12.7098  
10.4668  2.86249  -15.236  
7.35057  -23.4781  -5.69673  
9.44135  -21.4414  -5.34805  
-1.03309  -6.81573  -13.6568  
-3.14896  -4.74238  -13.9896  
21.3964  -17.6753  4.01572  
24.1584  -18.6426  4.2551  
21.5847  -15.7985  -10.0337  
22.3399  -18.5257  -10.5564  
-5.82321  4.02199  17.3674  
-8.41969  5.2947  16.7129  
25.5725  14.061  -18.3958  
22.6645  13.6155  -18.1034  
-5.68559  9.69952  20.8608  
-5.05794  7.4284  19.3078  
-11.4545  -13.7112  -11.9307  
-13.0913  -13.5783  -9.26927  
-17.2064  -6.68828  16.7755  
-14.8142  -8.30238  16.5037  
12.3743  19.2777  -18.3442  
11.0107  17.0073  -19.2948  
22.7927  14.1818  15.5616  
24.9841  14.3917  17.5694  
-6.58681  13.795  -17.1157  
-8.18919  11.6596  -15.9625  
11.0215  -18.6197  11.4789  
9.85993  -19.6712  9.00994  
8.34058  -10.9156  9.68279  
5.51802  -11.6339  10.1296  
17.2555  4.55848  26.4669  
15.7387  2.40926  27.2861  
13.2817  -28.9071  7.04046  
11.1791  -27.4753  5.46745  
9.68212  -0.382793  12.5706  
11.2731  -2.14346  10.8887  
-21.3415  -14.0076  -19.4634  
-23.3419  -12.767  -17.7519  
-18.8575  25.5993  3.0379  
-18.3653  23.0051  1.80484  
3.43814  -20.245  -9.35767  
2.41656  -22.1521  -11.3442  
19.7746  20.4715  -16.2225  
20.9887  22.9528  -17.2722  
-26.9836  25.5499  5.95849  
-25.4274  25.8177  8.37888  
18.0317  -16.9715  6.61728  
17.5694  -16.8343  3.69572  
-20.9301  11.3249  23.7924  
-21.3472  10.3176  21.0543  
17.599  6.99802  0.090852  
20.1156  5.66906  0.216642  
-10.1284  20.821  -3.78097  
-10.0444  22.9925  -1.71097  
26.8444  -14.4261  -2.26475  
27.6331  -15.7057  -4.55666  
-25.4434  -0.979021  9.56573  
-23.4975  -2.90084  10.438  
-17.7281  24.1702  -12.4541  
-19.412  21.9514  -12.3278  
-1.02955  27.9  1.1235  
0.694033  28.7694  3.53361  
21.201  17.5471  2.3048  
22.2922  19.3729  4.57193  
-0.615526  -2.68465  -11.758  
1.401  -0.612608  -11.6389  
23.2605  20.6976  -3.25011  
22.7252  18.9419  -5.66291  
-11.53  -26.3514  -14.1117  
-11.0254  -23.5975  -14.7095  
-26.5118  -14.9751  -7.44426  
-24.479  -13.9992  -5.36943  
22.5512  -5.47826  26.9208  
24.5741  -7.28657  27.9243  
-23.2752  27.6288  12.6513  
-20.3983  27.9734  13.0061  
-23.7173  -4.3326  20.6306  
-25.121  -1.87507  21.2247  
-5.5215  17.6451  27.0153  
-6.91979  15.0758  26.3999  
-19.4193  -29.3473  -16.524  
-20.3926  -27.4301  -18.3919  
-25.0792  3.22587  13.1598  
-26.0957  0.9122  14.5998  
28.7248  9.7486  5.86645  
29.1992  7.30431  7.40206  
17.3766  25.5708  -22.3521  
19.7521  26.8219  -23.6685  
17.4356  -24.3675  20.8171  
16.4097  -26.4112  22.7824  
-2.59588  19.2355  -26.8752  
-3.17655  17.3531  -24.7583  
-0.42848  -28.0833  24.0508  
-3.00261  -27.4962  22.759  
-7.47068  -4.87864  1.25406  
-7.00398  -3.8965  3.98821  
-20.6543  -29.3547  -3.28008  
-21.4271  28.7932  -5.98549  
-19.8751  -21.2795  13.8066  
-17.9534  -19.8523  15.5608  
0.276558  19.8387  -23.1043  
0.935753  19.5341  -20.0101  
-19.1629  -24.6714  -26.2136  
-19.0389  -25.1576  -23.362  
-19.3068  18.5868  -27.5707  
-19.2486  19.6149  -24.8964  
-6.79759  -26.7259  24.4002  
-6.61088  -25.5367  21.7707  
3.82428  26.5244  -0.568687  
5.1945  27.6085  -2.59911  
-18.0379  27.1268  -2.0722  
-19.3032  28.6698  0.58975  
5.88056  27.1543  14.6917  
4.70029  26.8152  17.3175  
-7.25491  -7.36962  -13.2627  
-9.5829  -9.10357  -13.4653  
-24.4816  -4.2324  -8.89522  
-26.567  -4.81622  -10.9075  
17.3913  23.7892  7.14245  
17.6427  20.8465  7.34804  
16.0451  -19.4713  -24.7562  
17.3016  -18.1231  -27.2254  
0.716942  13.8421  -4.65147  
-0.118689  12.8517  -7.48767  
21.3734  14.0005  11.7944  
23.6063  15.7827  12.1668  
-6.23087  -18.2325  -17.0544  
-8.56767  -17.6898  -18.7443  
-23.2294  -6.6015  7.00693  
-23.3828  -5.0715  4.37958  
23.5646  2.00509  12.9402  
24.0209  0.169974  15.4049  
-8.10449  -0.112519  1.7102  
-10.4809  1.5307  1.80236  
-6.81047  -24.8592  4.36515  
-4.07408  -23.8798  4.15973  
8.50225  -6.71802  4.93701  
9.83523  -4.26183  3.70046  
28.6359  4.15165  -11.1392  
26.3593  4.92659  -9.64077  
-21.5248  -25.561  -9.7871  
-21.4386  -24.7587  -12.5096  
-27.2996  26.1431  12.7274  
-25.5431  23.9159  12.3432  
-16.6848  12.7451  -23.0692  
-14.015  12.562  -23.7882  
2.06209  -28.421  -9.04168  
1.45932  27.6244  -8.49945  
23.1044  -21.0113  28.2318  
21.0293  -21.0091  26.2157  
28.8632  -3.27407  -11.7368  
-28.4149  -3.98704  -14.2455  
20.7987  -24.0904  -26.771  
19.227  -21.6831  -26.0925  
-3.60299  -19.479  13.1851  
-3.39712  -16.9376  14.6916  
-10.6234  15.3674  -16.3869  
-13.524  15.9678  -16.0006  
-8.80949  -2.42491  -18.7159  
-9.22666  0.277958  -17.4635  
26.0164  -26.7912  2.52485  
26.1777  -27.1226  5.46963  
2.14143  -26.6829  11.597  
3.99931  -25.4423  13.298  
-28.2539  8.80227  17.2095  
-26.0415  10.6311  16.91  
-1.97418  7.19759  -0.816637  
-1.952  10.1327  -0.0899902  
-2.85831  -16.1566  -10.6932  
-4.55365  -14.0682  -11.5413  
-12.0449  2.75505  9.4437  
-10.6347  2.34502  6.7123  
7.42075  7.11998  5.38037  
5.87058  4.83323  6.45962  
2.27802  7.33312  -5.87141  
1.12511  9.84577  -5.11282  
-8.78383  18.1593  25.3868  
-10.1404  20.5445  26.3817  
8.31112  -5.74119  -28.0474  
7.81005  -8.63281  -28.427  
23.8045  -9.05484  -27.0745  
26.355  -10.1543  -27.8011  
-15.288  12.5478  -9.89962  
-17.3411  11.5532  -7.80612  
23.8262  3.50079  28.1263  
23.1187  1.84672  25.7759  
14.833  25.8352  15.0448  
17.0533  27.5851  15.6292  
-10.8238  16.1326  -24.2291  
-10.8642  15.8266  -27.1002  
28.1837  10.6596  -18.4927  
28.9891  12.0663  -20.982  
-5.89311  -16.6687  -7.97655  
-7.0019  -19.3537  -7.92216  
17.9116  -13.7725  9.53434  
19.7031  -16.0552  10.052  
15.3348  -23.841  3.86692  
16.3274  -21.2537  4.78386  
-23.2761  -27.9805  -15.163  
-24.7733  29.0974  -13.6838  
22.4627  6.94563  -8.2669  
24.1205  8.82977  -9.68505  
8.84014  -20.3229  -13.6619  
9.63924  -17.448  -12.6844  
19.4519  17.8991  21.1947  
20.7152  20.547  20.7823  
-23.1609  6.89347  10.6389  
-21.929  4.31161  9.6474  
-10.2282  11.1969  -25.7234  
-8.55524  8.93886  -26.9635  
0.205021  2.13469  26.0775  
1.54547  4.6313  26.9004  
-14.7404  11.6005  21.6266  
-17.1276  10.3046  22.6161  
-27.9088  2.91693  7.76152  
-25.933  4.9592  8.25765  
-2.89781  -23.7337  25.263  
-3.12782  -22.7412  28.0539  
-29.3265  10.4992  10.3444  
-28.5579  10.8851  13.1925  
-20.1514  8.16505  -28.1109  
-22.346  7.41208  29.0134  
8.91085  -28.4212  -25.2138  
8.62461  -28.3883  -28.1241  
3.63005  -19.9218  17.7364  
4.5763  -20.7191  20.4779  
16.3224  -9.98889  -21.0741  
17.45  -8.22221  -19.0749  
8.4009  -15.3232  24.7653  
8.23955  -17.3906  22.531  
21.4672  -25.1172  21.985  
23.3018  -23.5199  23.601  
-18.1134  12.7961  -2.20756  
-15.5699  11.5357  -1.35855  
27.17  -19.5593  -23.0521  
24.5048  -20.0051  -22.0139  
-20.7088  18.6885  -18.6775  
-18.2616  17.3379  -17.4921  
3.48619  -26.5382  6.4929  
4.38726  -24.8875  8.61922  
-0.298608  -28.9347  -12.6931  
-0.696567  -29.2352  -15.5344  
-11.636  -20.3912  18.1621  
-12.5904  -21.6337  15.6964  
-0.25061  10.3835  25.1497  
-0.213231  13.1895  24.4625  
-4.71726  21.8519  -23.7914  
-3.62475  24.1073  -22.3621  
-8.06703  4.70575  2.66784  
-7.51292  7.59424  3.00608  
24.7283  -20.1545  -14.2034  
25.2475  -18.9826  -16.7313  
6.90707  -7.71014  -3.60427  
4.572  -9.28045  -4.36304  
-26.095  -12.8512  1.57197  
-24.4762  -14.6587  3.0987  
-10.8971  -3.31924  16.2599  
-11.4076  -5.75013  14.6157  
25.4508  19.4282  -10.6842  
27.2257  21.7829  -11.1679  
9.07944  24.3076  1.42313  
7.42046  24.64  -0.890678  
17.0218  -29.0429  -16.5168  
15.7402  -27.0133  -14.9033  
13.3443  10.7752  10.4107  
12.3671  11.0857  13.0585  
27.3045  21.9342  -22.4226  
28.2872  23.3534  -20.0375  
-16.0014  -16.9681  1.76669  
-16.7789  -14.1437  1.54399  
25.0499  -1.507  -23.2641  
27.3365  -0.557837  -24.907  
-13.5802  -9.83013  8.33293  
-16.1112  -10.6876  9.38632  
20.862  8.62445  16.3001  
18.5229  10.0958  15.389  
5.96019  -12.2999  -11.9856  
4.6547  -11.1279  -14.3143  
26.0443  -27.6568  -23.1766  
25.3227  28.7306  -24.5077  
22.0146  17.2153  -12.7739  
23.9741  15.8757  -14.5749  
-14.2896  11.4797  25.7969  
-14.5035  10.8596  28.6067  
25.3779  15.3652  -4.33382  
27.3661  13.3698  -4.60147  
-23.8223  -29.0175  20.4377  
-25.7048  28.768  22.3647  
-14.4898  3.64266  -9.28206  
-16.258  4.57692  -6.90212  
-23.9138  -19.0368  -21.2259  
-24.6173  -17.0428  -19.261  
20.645  1.00382  -28.6674  
18.179  1.07615  -27.1782  
-26.3748  -26.4371  5.01562  
-25.4825  -26.1185  7.79321  
-0.790233  -20.9768  5.69023  
-3.63456  -20.0289  6.00071  
7.76767  23.9893  16.9845  
10.5088  24.3629  17.7821  
14.142  5.20292  -14.5506  
16.2725  7.24754  -13.9122  
18.216  -17.1671  16.8238  
15.5834  -16.1211  18.197  
16.0188  -14.3673  26.5308  
14.7965  -15.3684  24.0969  
-27.3661  -0.654616  -3.55319  
-24.7505  -0.341254  -5.04903  
7.43427  -16.1271  -1.00655  
8.58253  -17.5702  -3.16014  
-21.8412  12.8002  -13.2662  
-24.5617  12.9179  -14.434  
3.50539  -8.0247  4.57746  
2.26359  -7.54479  1.92163  
-0.731353  11.7628  16.2216  
-2.65275  10.7918  18.5374  
-14.2901  -3.23183  -13.3795  
-15.5883  -4.04977  -10.9189  
14.0332  -5.32842  9.45962  
14.9393  -8.09376  10.0699  
-16.3882  -7.62206  -25.7338  
-14.2241  -9.66172  -25.9062  
4.05441  -18.4284  13.393  
3.89367  -16.362  15.3856  
3.18826  -11.5781  15.2222  
1.20376  -13.4217  16.2341  
-29.1987  17.0769  17.1991  
28.5855  17.5509  14.4309  
24.8714  1.7838  21.6747  
22.6897  -0.155009  21.7559  
15.0877  16.2626  -0.307627  
16.6983  18.4952  0.822856  
4.59652  -24.151  17.7093  
5.24792  -26.9766  17.6364  
-27.0033  -23.7471  -17.1178  
-25.5164  -21.5071  -18.3645  
-20.8144  -19.4394  8.97302  
-18.4943  -17.9723  7.87262  
-25.6109  0.859446  -22.242  
-22.8576  0.943663  -22.691  
-4.8744  13.495  16.2688  
-5.489  15.559  14.3037  
1.49541  -0.172857  2.89292  
-0.242335  0.350795  5.40902  
3.83531  -10.3246  -22.6479  
4.61063  -8.0789  -20.8392  
-16.0858  26.4797  15.772  
-13.4574  26.2986  17.0262  
-9.98809  -9.2108  -5.1651  
-10.0072  -11.8366  -3.84169  
25.2446  -21.6429  8.39763  
23.3074  -22.9324  10.1236  
-13.4214  16.6052  11.4022  
-11.5121  18.7462  11.3842  
5.89273  10.5943  -18.9176  
5.52905  7.94414  -17.7411  
9.90665  15.352  28.5331  
7.66411  13.3267  27.8915  
-0.836782  -7.58804  26.1515  
-0.641263  -5.62255  23.9674  
8.7072  -19.4525  -22.9201  
10.6262  -20.587  -24.5222  
-9.11208  -17.136  28.3177  
-7.35584  -19.4546  29.3087  
-17.3384  19.4574  6.22413  
-16.8567  22.2931  6.05793  
20.3503  -21.6543  0.186613  
18.8981  -23.4414  1.54146  
-13.7335  28.7053  9.02403  
-13.5166  26.6784  6.99321  
-9.46555  22.7648  4.33761  
-7.65265  22.254  6.92196  
24.8137  25.17  -5.98082  
24.4057  22.9117  -7.85384  
-25.7173  -22.778  -28.5265  
-26.281  -23.3175  -25.6854  
-13.727  -21.6912  21.8366  
-11.0341  -21.4891  22.8854  
27.0731  -23.0245  12.6985  
-29.3748  -22.307  14.211  
-10.7615  -23.9695  -28.7022  
-9.59989  -26.3489  28.988  
-21.3002  -25.8413  18.4628  
-19.4343  -23.7898  17.5462  
15.256  -23.716  -6.60942  
16.6529  -21.1797  -6.52086  
26.8318  6.19599  27.923  
25.7969  6.59379  -28.217  
9.55566  -6.98783  26.8119  
10.4534  -5.11084  24.7321  
-13.7462  -28.3481  21.8646  
-14.0779  28.2739  23.6957  
6.86751  -5.24579  -13.0492  
7.04997  -7.95905  -12.2861  
-12.7923  24.5531  -18.9679  
-13.8384  27.1998  -19.5697  
-16.4934  -22.4771  -19.5277  
-17.1867  -20.0682  -18.1185  
27.019  -9.50166  23.8127  
27.5236  -7.0184  22.2789  
-4.60497  6.23168  -14.1752  
-4.56451  3.97388  -16.0147  
-13.5716  -2.4611  25.572  
-15.6067  -0.424867  25.3319  
10.5455  4.64806  25.1827  
13.3505  4.83702  25.5587  
-1.43039  -11.0917  -12.1948  
1.33189  -10.2406  -12.4568  
-22.4409  -18.0898  -3.91713  
-23.0124  -19.9613  -5.96131  
8.87865  7.48334  -19.5471  
11.6712  6.81777  -20.3928  
-6.37765  1.80292  -6.07775  
-4.34689  1.40175  -4.01339  
3.17893  10.5316  -25.2213  
0.856053  12.1953  -25.0253  
-27.0864  12.8924  -6.16653  
-27.2527  12.0406  -3.43475  
-13.7291  -25.7058  -17.64  
-16.6171  -26.3582  -17.8519  
-21.05  -14.8515  -15.4032  
-18.6355  -13.7986  -14.5045  
-26.8246  -12.9224  14.7791  
-28.1081  -11.4737  16.932  
14.0917  -27.3177  -7.31409  
16.0347  -28.079  -5.35591  
-10.269  13.7947  -2.5258  
-11.948  14.9459  -0.984572  
-9.58712  -14.4817  14.7978  
-10.1824  -13.5905  17.5302  
-12.4266  5.34577  -26.0714  
-12.0745  4.16266  -28.5477  
1.03164  23.7597  11.9399  
2.28682  24.9065  14.2972  
-19.8471  16.4335  18.3516  
-22.6633  17.2476  18.2142  
-17.1096  2.79113  27.7877  
-17.5471  3.32312  24.9392  
-23.4088  19.7245  -26.984  
-25.6214  21.6737  -26.7005  
-20.7654  14.8143  25.5492  
-23.477  13.9468  25.1274  
14.0103  2.20766  -6.08149  
11.6603  2.70917  -4.47993  
-8.1878  -10.1488  2.49508  
-8.4108  -11.7666  5.01986  
-11.4305  21.5158  -10.72  
-12.9784  19.2228  -12.4046  
17.8192  21.8171  3.06614  
16.541  22.6002  0.523322  
3.21919  -23.8582  -15.8032  
1.0214  -25.1905  -14.531  
-19.318  3.82317  -22.3222  
-21.9005  4.67555  -20.8581  
-28.9818  13.2337  18.4963  
-28.3742  14.9941  20.7363  
27.6318  -2.23565  -7.51983  
27.6108  0.161236  -9.34458  
-6.95402  19.5948  10.4333  
-8.84388  21.9387  10.3387  
23.4315  28.0618  21.1024  
21.1169  26.8327  22.6357  
-26.7043  -4.30281  -18.4948  
-25.0884  -6.262  -17.1019  
9.15089  1.8643  16.3637  
8.55196  2.73879  18.9465  
-8.1275  -8.85171  -1.69521  
-5.57733  -8.93374  -0.168106  
-18.9136  19.9655  -6.46389  
-21.8271  20.9532  -6.77489  
-14.5451  -24.9189  -11.3504  
-17.3691  -24.1397  -10.2587  
-2.91323  -12.5927  15.6271  
-2.49737  -14.2464  17.9488  
-14.5285  -27.9019  -21.5303  
-12.1597  -28.5931  -23.1077  
11.0874  13.14  18.7844  
12.4207  10.6003  18.5961  
22.7792  -17.009  17.2534  
21.8476  -19.7306  16.7076  
9.34168  17.4883  15.2439  
6.60542  16.5355  15.2779  
-3.69395  18.8712  1.97022  
-5.32333  16.2317  1.74443  
7.95825  8.45229  -11.7051  
9.76722  7.54563  -9.58432  
11.8541  -20.934  -17.0568  
12.6066  -23.7274  -18.4537  
-17.07  9.30742  9.80429  
-17.8447  7.38905  8.01257  
-24.8678  -25.7098  0.963939  
-24.4313  -28.189  2.03187  
-4.00156  5.81833  -5.6606  
-3.13369  8.30357  -4.53104  
21.9998  28.0439  -11.2799  
23.8821  25.9025  -10.4308  
-10.2446  13.3814  6.67768  
-8.8783  11.5763  4.3866  
-18.8693  3.10683  -9.26443  
-20.1255  2.84794  -11.8344  
-13.2958  -9.66363  12.5138  
-11.5952  -10.6159  14.7297  
-9.50264  28.5382  -2.27731  
-11.5592  -28.7227  -3.14087  
-20.589  -8.33154  4.18745  
-18.6131  -10.2639  5.44662  
-5.55095  -10.4035  9.53191  
-5.68595  -7.5796  9.25098  
6.12453  23.5547  -11.6767  
6.49363  20.7028  -12.0064  
-9.15258  5.32191  23.972  
-6.32194  6.01107  24.558  
-14.9853  24.6535  28.0415  
-15.68  22.2749  -29.3586  
29.2827  -21.7519  -1.23395  
26.4071  -21.7425  -1.77125  
-1.59797  -7.63253  -19.336  
-1.33988  -5.28692  -17.5933  
-28.2825  -9.95913  3.43256  
-25.7999  -8.42269  3.36752  
-19.3257  -5.78549  -10.4232  
-19.8894  -3.31857  -9.18125  
15.179  9.3939  -20.5339  
15.2915  7.29339  -18.6582  
13.5258  -6.80457  -10.8894  
15.4794  -7.16752  -13.1456  
19.3488  16.3156  -0.540184  
21.9065  17.0003  -1.90212  
-16.2128  18.6293  19.9087  
-15.3647  15.7743  19.5396  
-27.0691  26.0477  -25.0945  
-28.2949  23.6887  -23.9049  
-24.6837  12.5528  -0.00880479  
-22.2637  11.9874  -2.06832  
18.8274  -1.34848  20.513  
20.6169  -3.65254  20.2881  
-28.3313  -23.0515  -8.07463  
29.1189  -23.7465  -5.39466  
17.6397  -27.9148  3.00589  
14.9213  -27.8332  2.2696  
6.76596  -7.42753  23.4755  
5.11081  -9.33837  22.023  
-7.1475  -13.5649  -22.8456  
-6.71306  -10.6677  -23.389  
-0.20129  2.67571  9.12095  
0.446101  5.00391  7.84447  
4.08794  2.33319  20.5762  
3.81676  -0.421321  22.2657  
-14.4215  -25.5099  15.6139  
-15.9434  -23.3413  14.3985  
10.3466  -25.0324  -26.1012  
13.0177  -24.4681  -25.3204  
18.9596  -2.8572  28.9872  
18.7254  -5.65789  -29.1147  
-28.9999  9.71566  26.6441  
-28.1602  10.9181  -29.4001  
23.5481  -13.9038  3.87458  
24.458  -11.6874  2.22259  
-29.2011  26.0955  23.2193  
-28.647  28.444  24.8647  
-1.31523  -0.881498  13.4248  
1.12698  0.339897  14.3931  
-11.2492  19.053  4.41489  
-13.5442  20.5401  4.94951  
-17.8743  10.5671  -11.9131  
-18.6445  9.84897  -14.698  
5.04857  14.0827  -13.8344  
4.91103  16.649  -12.6864  
-25.1385  -12.0918  24.9875  
-24.3661  -14.7  23.6748  
-12.2201  4.67972  14.3498  
-12.8562  4.30314  17.2535  
1.44684  -15.3828  -16.8246  
2.57812  -17.9156  -16.1873  
21.1094  -2.26231  -19.1814  
22.5142  -4.23044  -17.6013  
-17.475  13.0856  2.79017  
-17.1137  11.6834  5.28195  
-13.6419  4.84385  25.1126  
-13.2549  7.35407  23.5569  
23.8102  -1.08902  2.81599  
25.2549  -2.23952  5.15859  
-18.3938  -17.9785  -13.8011  
-17.1515  -20.5021  -12.81  
3.50097  4.70408  -19.5954  
3.1398  4.13584  -16.6943  
20.7239  -7.81799  -24.635  
23.1058  -8.56984  -23.0427  
-26.1993  6.35103  -24.3416  
-24.2163  7.55519  -26.2411  
26.7883  -12.0206  5.21043  
29.3099  -13.2141  6.32473  
-26.5905  -2.72239  17.1528  
-27.2997  -3.93019  14.6087  
-5.98539  -21.4105  -1.3427  
-6.25236  -23.7565  0.43581  
16.9221  22.4095  -9.26079  
15.3025  22.5099  -11.4395  
28.079  26.8532  5.92926  
28.4404  25.1082  3.49825  
13.2879  -4.92228  -24.0689  
11.8394  -6.36597  -26.3208  
-1.7259  29.0528  -25.8338  
1.04378  -28.5731  -25.8985  
8.88199  -21.1075  21.1691  
8.62623  -21.194  24.0847  
25.6338  -2.83673  22.0218  
25.8812  -3.9663  19.4113  
-6.73921  -18.9326  20.679  
-5.95332  -16.5391  22.0469  
-13.0036  -1.15314  -17.0363  
-15.7016  -2.67093  -17.1856  
-21.6003  10.2402  17.0268  
-22.3482  12.9271  17.8633  
29.3842  -4.72604  27.826  
-27.4414  -5.14121  -29.0292  
1.23914  -2.30453  28.4894  
1.73846  -2.3426  25.4061  
-27.0719  -24.3259  24.1576  
-24.9049  -26.1232  23.1782  
-28.88  -16.3431  -24.1959  
-27.9993  -17.7008  -21.7651  
-6.32924  -23.0117  -10.2649  
-8.01223  -23.3528  -7.87607  
3.96586  -7.21372  13.9328  
1.55162  -7.55034  15.4188  
-2.9142  24.3564  24.8233  
-1.42334  24.6006  27.2682  
26.5835  -5.82849  -18.9514  
25.6964  -6.99548  -16.4941  
1.37531  -10.8365  26.3152  
3.06851  -8.59558  25.7532  
-15.3539  -29.3693  18.291  
-16.8534  -26.9303  18.9368  
3.06504  12.2519  22.6674  
5.35698  14.1593  22.619  
0.717218  17.0498  -14.4385  
-0.371599  19.7166  -14.6521  
1.24852  20.5111  9.17785  
1.30557  22.9283  7.75653  
-27.9363  -14.8027  25.572  
29.1833  -16.5583  27.0521  
-0.575214  6.97233  -18.7546  
-3.41108  7.25271  -18.0206  
-16.3927  -19.6872  -1.3783  
-14.6678  -20.6123  0.839682  
-1.28051  15.9744  8.1507  
0.98352  16.3105  9.71437  
3.90059  2.56681  -12.6808  
4.05397  0.333573  -14.4915  
-10.7184  -13.3029  21.658  
-9.98781  -16.0759  21.0009  
0.942716  25.2705  3.5884  
-0.653362  22.8746  3.94419  
-7.7726  -7.20925  -18.6449  
-5.18298  -5.76758  -19.1488  
-21.3463  -14.1183  -2.06722  
-23.8799  -14.9793  -1.14512  
17.4979  22.4063  -19.7831  
15.8261  21.5676  -22.014  
-22.4852  11.2908  10.1542  
-25.0485  10.7078  11.3638  
-10.2963  -21.812  1.46622  
-10.9198  -19.2323  2.4613  
26.4886  -10.747  17.4164  
28.0666  -10.5679  19.8894  
-13.503  -7.54032  -12.9028  
-12.9508  -10.2237  -12.0106  
13.6255  5.27552  -27.1729  
12.6572  6.52095  29.0841  
-8.81301  3.27977  27.3451  
-8.44109  2.09427  -28.9818  
-16.7603  -1.67344  18.9752  
-15.164  -1.80543  21.4691  
29.1385  -14.2425  -20.8063  
27.2799  -12.0468  -20.2817  
-7.67504  -4.21949  8.49883  
-8.9767  -6.35739  6.99977  
-5.06498  17.5865  -17.9717  
-2.94004  15.4655  -18.2794  
2.04931  21.0327  20.8836  
4.27993  22.6666  21.9952  
21.1289  19.4191  -20.1485  
22.7792  17.085  -20.3459  
-23.7247  -20.9448  12.3914  
-22.2714  -22.9902  10.9338  
-18.3751  -6.79034  -16.372  
-19.8169  -4.3515  -15.1833  
20.5679  -6.30129  -8.79448  
18.2809  -5.80251  -10.4508  
-1.37846  19.3561  -4.04398  
-3.9943  18.3913  -3.96546  
15.9591  -1.42508  9.39475  
15.1576  -2.18062  6.60503  
-27.6514  -8.75425  23.9876  
-26.4035  -8.04363  26.5141  
-23.6291  -12.6376  17.1441  
-22.3249  -14.7728  18.6956  
10.1064  -6.26457  18.6276  
12.5062  -6.57589  17.031  
24.0215  8.06239  -15.4569  
22.0637  7.26188  -13.3758  
9.66025  13.2751  10.4393  
8.47598  15.7564  11.6484  
22.4098  -15.9202  -27.6888  
22.617  -13.0498  -27.454  
18.5  -13.1325  -10.413  
18.5432  -15.0001  -12.7421  
-22.7611  8.2549  24.8856  
-25.1251  8.79225  26.5827  
18.0468  -10.263  7.15421  
18.8679  -9.38508  9.78383  
-9.92685  -10.9524  24.9977  
-8.16924  -10.1681  22.8339  
18.5623  -5.15774  -16.2659  
19.1772  -7.90076  -15.2255  
22.6371  13.7075  -29.215  
23.8255  12.2589  -26.9928  
20.0016  24.8667  -7.26532  
18.441  26.6995  -8.88384  
10.4709  -28.7487  26.6624  
8.01681  28.5457  26.5073  
25.4285  3.58617  -20.1255  
27.0737  1.43697  -21.2628  
-15.957  -2.41335  5.93379  
-14.3072  -0.522904  7.43477  
-16.5768  -14.5987  -23.1159  
-15.0469  -17.124  -23.5315  
7.24563  28.038  -12.05  
4.45083  28.2266  -11.8638  
13.1455  -18.8354  -28.5056  
12.9455  -17.2848  27.8989  
28.1568  2.3238  -28.1569  
-28.7907  0.0510972  -27.7191  
3.34846  -13.2247  6.75823  
1.69866  -11.8398  8.79163  
-4.04591  -4.202  26.3104  
-4.98903  -1.74389  25.0451  
-11.298  14.4339  -10.8197  
-13.0876  15.9004  -9.29419  
24.0299  -9.8726  -1.0823  
26.9031  -9.47358  -0.981593  
28.8949  -20.5328  28.0003  
-28.9209  -20.396  -28.2156  
12.756  -4.40115  -19.6635  
15.1623  -5.88846  -20.883  
-17.7271  -9.47437  19.3787  
-20.008  -11.3744  19.2934  
18.1219  -10.9173  27.4384  
19.0729  -12.9462  -29.4083  
21.2518  -20.0744  -19.7848  
21.6548  -17.3711  -20.3999  
12.2866  -7.96817  -1.12053  
13.4166  -10.3041  0.156115  
-27.6782  -17.6096  7.47619  
-25.7878  -15.4008  7.46206  
-10.0503  -19.2184  -14.035  
-8.62927  -20.915  -12.2891  
3.45511  -23.6512  -24.354  
3.25442  -21.4929  -22.4333  
-20.684  14.9633  7.14929  
-21.5232  15.6848  9.98012  
2.11719  -18.0872  28.6882  
4.26447  -19.358  -28.5391  
-28.8511  -8.96495  -28.2208  
-28.4427  -11.8169  -27.3599  
-2.67336  7.76022  -10.3737  
-1.76148  4.96749  -10.3201  
7.63419  6.86279  9.69219  
9.96289  7.98674  11.0756  
27.6331  27.0026  13.8047  
-29.4154  28.1887  15.6883  
-6.65998  17.4934  -10.8869  
-7.7284  19.2174  -12.8907  
-26.5308  27.4326  -10.1608  
-25.0578  24.9387  -9.50075  
-2.86277  -11.3234  -17.3383  
-3.33282  -11.5226  -20.1582  
-8.3241  4.84273  -15.9672  
-10.7159  3.64996  -14.6473  
-20.2882  26.818  -10.2602  
-20.2807  -29.2136  -10.343  
26.7239  10.1113  -25.6057  
24.034  9.09622  -24.8011  
7.72622  24.3353  -20.8613  
7.54628  26.8769  -19.3356  
-19.5958  8.37379  13.7098  
-19.5312  6.5233  15.933  
-13.9802  -7.61421  25.0556  
-16.0296  -7.41682  27.0652  
20.0422  -9.93627  -6.84386  
22.91  -9.3568  -7.15205  
-19.3319  1.53347  -27.0922  
-20.4216  4.03773  -28.2445  
27.2037  -18.3975  20.655  
28.7066  -17.8143  23.1809  
-5.67364  -11.0528  28.3255  
-3.34151  -12.7171  28.5305  
-16.7517  20.9838  10.2984  
-15.5077  20.205  12.8041  
12.1287  23.1981  -1.27536  
14.2828  24.9099  -2.24771  
-1.97369  -14.0073  22.2257  
-4.22899  -12.457  21.4127  
15.8394  15.6157  3.72036  
16.4333  16.2197  6.50684  
19.9131  16.6582  -23.327  
20.1006  14.6665  -25.5391  
15.2915  6.62984  4.08239  
15.9426  7.77904  6.67987  
-24.4491  11.0124  -18.4604  
-27.1048  11.4136  -17.6875  
-6.19484  -17.9975  -23.9571  
-7.99917  -16.8994  -25.906  
8.68829  8.10233  24.0288  
6.09904  9.78027  23.3226  
-10.3564  -18.6588  9.67365  
-12.3681  -18.3133  7.62727  
4.03078  -11.7844  -18.8588  
1.53656  -11.6875  -17.4601  
4.88198  -24.0494  -20.297  
5.34698  -26.1539  -18.1787  
16.2646  17.606  -23.9038  
13.8895  18.3563  -22.0677  
-27.6358  -15.7367  11.3149  
29.1521  -15.1703  13.2264  
-28.287  -27.7436  -7.78885  
28.9262  -28.4904  -9.96239  
27.3935  -24.0608  26.5544  
28.0374  -21.9993  24.3045  
-16.4616  -11.7831  -17.5203  
-15.4479  -9.87664  -15.5831  
16.1888  21.044  21.5405  
13.6501  20.3961  20.3438  
14.1913  -5.69402  13.6044  
12.9461  -3.29793  14.5089  
-12.9585  8.13686  15.8658  
-15.5714  9.26154  15.3823  
22.8755  -14.2255  24.0214  
21.1471  -16.564  23.3415  
28.2664  -9.79954  8.57058  
27.4057  -10.8075  11.1204  
26.3518  -6.76985  11.3561  
23.6935  -5.76013  11.6486  
21.0982  3.13877  -19.1961  
22.3174  5.49938  -18.1545  
-22.2051  5.98866  -8.50368  
-24.2431  6.52973  -6.5292  
29.0054  -26.1969  15.8708  
28.4771  -27.7813  18.2911  
7.44372  0.387523  5.53363  
8.4039  1.87522  7.69722  
7.28399  -2.78748  -15.7941  
4.63492  -3.66272  -16.5408  
-23.8358  -7.7001  -2.67483  
-21.6242  -6.88554  -4.70033  
-17.6141  -1.13236  -2.9553  
-17.5014  0.786982  -5.06139  
10.5021  -11.2533  -23.1187  
8.49976  -9.73176  -21.7638  
-2.7075  9.63675  -24.4824  
-3.58368  12.4971  -24.6698  
-27.6204  0.830098  -12.7186  
-24.8453  0.00428149  -12.2891  
0.608463  -25.9692  -6.33718  
2.20812  -24.11  -7.99158  
-21.4295  26.6844  26.4265  
-21.8242  27.4334  23.6679  
17.5228  11.1592  9.01211  
15.7541  12.44  7.00173  
21.0357  -1.29901  -24.4776  
21.9937  -3.95285  -23.5092  
-10.2904  12.0339  27.513  
-7.45351  11.3204  28.1599  
20.8739  -14.5182  -23.812  
18.8754  -14.1151  -21.6861  
17.1386  -11.1257  16.3264  
15.382  -11.3835  13.944  
-11.9401  17.4815  27.8086  
-13.2879  14.9862  28.5414  
-11.4478  23.0144  -29.3526  
-8.88376  24.3318  28.836  
15.0063  -1.15531  -21.4656  
16.3337  1.19751  -20.3539  
-24.3078  -18.2529  20.6237  
-22.0395  -17.6824  22.3929  
26.7223  18.7964  6.79855  
29.292  17.3739  6.73625  
25.221  16.2432  -27.7515  
27.9415  17.1403  -27.0788  
-14.7685  5.74479  10.8303  
-12.1042  6.84702  10.8259  
13.5723  23.2338  -18.5668  
10.7658  24.0157  -18.2576  
-21.4863  0.404784  8.83437  
-18.7473  0.802101  7.86572  
28.5135  21.043  17.3301  
28.4121  23.9303  17.2426  
-8.84072  25.2329  17.1578  
-9.54819  27.7156  15.7782  
-2.21753  -9.40471  -28.5121  
-2.76235  -8.00141  -26.0346  
-24.3423  7.20734  3.85914  
-23.3483  9.64227  2.13443  
26.92  -26.9301  -27.6274  
28.9424  -24.985  -28.285  
16.9522  27.1202  -4.54715  
17.4645  28.3915  -1.9169  
-5.10466  -20.1339  16.8973  
-3.92177  -21.7922  19.0061  
15.5747  -18.4158  -14.3178  
16.6734  -16.6439  -16.452  
19.5999  11.9461  -6.8923  
21.3921  12.2401  -9.04235  
18.2191  -28.0783  18.684  
19.9437  28.5242  18.5411  
14.2879  -13.8296  -22.8228  
14.0383  -13.7343  -19.994  
-21.4872  -6.98727  -22.7864  
-23.7233  -8.8882  -23.1342  
-18.2196  -19.7962  -4.98692  
-15.2882  -20.3766  -5.14293  
-15.2845  -15.2231  -19.5706  
-13.9489  -14.8472  -17.0203  
7.37853  20.7845  23.4309  
8.45755  22.645  21.4628  
-9.80568  -15.5711  -2.24438  
-8.82458  -16.1038  -5.02318  
-5.8176  -14.0187  -15.9076  
-6.0998  -11.489  -14.389  
-4.25896  13.068  7.94192  
-3.58779  14.2754  5.33993  
-12.1875  17.2055  -19.9851  
-13.5914  18.7126  -22.1326  
10.5061  22.231  -7.68671  
9.78481  20.4967  -5.35912  
4.09132  -12.0462  3.06669  
3.14364  -14.8874  3.0077  
-4.30559  -1.71187  0.286272  
-2.09869  -0.0109847  0.972035  
-12.5376  -15.4495  1.60838  
-9.88912  -14.5207  2.01572  
-27.5363  5.29291  0.243598  
-27.8276  6.59433  -2.4231  
-7.71713  -18.2888  6.26866  
-5.69406  -17.1527  4.3792  
-2.46266  -21.9548  9.46845  
-0.986894  -23.0026  11.7291  
13.3256  4.13147  7.45279  
13.0918  1.47736  8.48137  
15.4176  0.782988  20.8067  
16.4762  0.765316  23.41  
-7.92469  -20.0695  24.4914  
-7.4286  -23.0229  24.7665  
-3.75946  19.2925  13.3776  
-2.818  17.7897  11.0616  
27.976  24.7728  -15.9637  
25.7691  25.8867  -17.5567  
-3.07055  -20.9071  -15.3418  
-2.12882  -20.8429  -18.4228  
5.21889  0.650423  -22.3029  
7.57573  -0.291305  -21.0188  
-14.9945  -14.7594  8.40616  
-15.4892  -15.8602  5.78604  
-16.3844  22.5603  -23.0982  
-17.329  20.4065  -21.2343  
-2.68187  -1.67887  9.30414  
-5.23385  -0.786952  10.5848  
19.8871  9.17279  21.5799  
17.0774  9.39756  22.0545  
-15.3326  -4.32254  1.90954  
-16.8098  -6.38789  3.4769  
3.75212  4.63771  -24.0442  
1.82295  2.8504  -22.6812  
-21.2771  -9.69597  -11.0853  
-23.0904  -7.3387  -11.1806  
-5.82981  29.2946  -12.3673  
-7.51119  26.9412  -11.4137  
18.1381  24.793  25.7761  
18.1033  27.6541  26.074  
24.5708  -11.4875  27.6232  
26.3497  -13.2952  25.9023  
24.1295  29.417  12.6507  
24.2595  26.7435  11.3159  
4.99617  24.6559  8.35117  
6.94499  25.9149  6.68596  
9.56995  15.2732  -8.45275  
11.5332  12.7238  -7.6219  
3.51204  10.2512  14.8156  
2.18641  11.9428  12.868  
15.832  20.7143  27.582  
14.6632  21.7367  25.0472  
11.1246  20.387  7.07524  
13.6224  21.9973  7.09568  
-16.9394  -26.8104  6.89285  
-18.7567  -25.2652  5.22553  
17.2014  -13.5501  -5.80368  
15.8559  -11.2722  -7.19527  
6.70655  -0.267713  -29.0007  
4.53883  0.0690799  27.9666  
2.07239  29.3162  20.3159  
4.52672  28.1163  21.6511  
18.1022  17.2116  -14.5108  
18.1844  19.3738  -12.4157  
13.0772  8.91961  -6.1212  
13.6888  9.10412  -8.88586  
7.43862  8.10834  14.0211  
8.28961  9.99313  16.0851  
14.7457  1.95123  -24.7493  
13.3728  1.09057  -27.1581  
1.94969  -21.5361  -1.87501  
2.7352  -19.1606  -3.4628  
-3.86733  -26.3221  -3.97041  
-2.61965  -28.8605  -3.93346  
-10.7254  7.37972  -15.7223  
-12.4108  9.74888  -14.084  
-5.2834  15.3898  -22.2282  
-6.91257  15.1324  -24.6556  
-19.7957  -21.157  4.8936  
-18.2907  -21.753  2.48372  
-19.2448  6.63715  4.10191  
-16.4627  6.74507  3.7951  
2.66759  -1.31543  -0.245675  
4.11113  1.01334  -1.43804  
-26.267  4.63119  -20.6873  
-28.9786  3.96972  -21.5536  
-10.1511  -22.7659  6.71161  
-8.62397  -24.7377  8.35275  
8.58908  -14.5668  -9.94938  
10.0514  -13.6069  -12.1718  
-7.58389  -23.4237  18.7099  
-10.1579  -24.3677  19.7482  
14.2073  -26.7555  26.0304  
12.1772  -24.7029  25.4653  
-2.20069  0.886593  17.0975  
-1.72506  3.38783  18.3666  
17.7556  3.25626  -16.8955  
18.4481  0.273362  -16.36  
10.5674  8.4896  2.01215  
7.79635  9.15066  1.32491  
10.8986  -15.7828  -24.9245  
11.7159  -13.6823  -26.8559  
6.31951  25.5447  24.4886  
4.15948  26.8258  26.0062  
15.6471  -17.186  11.1815  
14.8388  -17.9258  13.9174  
22.1466  -0.286284  -1.25079  
21.9322  -1.03141  -4.5106  
26.0035  22.7637  5.59601  
23.8781  22.3035  7.57178  
-5.0927  24.2963  20.0707  
-7.4024  22.4263  19.6742  
