-23.4679  -22.6085  27.9703  
23.4698  -22.8853  16.9733  
-22.1199  -1.27821  -7.83345  
0.936622  -13.3714  23.941  
8.66399  -2.2713  -4.14759  
-18.3352  -6.48444  -4.4305  
-18.8608  17.7809  24.686  
-14.4517  -20.5233  -24.5133  
-3.32795  6.2001  12.7131  
-2.04445  25.4687  21.5401  
-26.3347  -0.444346  24.1429  
23.044  -26.0427  -9.30996  
7.66037  11.8057  -13.6587  
17.5063  9.84482  -26.609  
20.6982  -26.0199  -29.3626  
5.86664  -4.18037  14.0684  
-9.46114  -17.3938  12.9694  
-11.0015  9.5477  10.9589  
12.0251  24.9725  -29.2241  
0.0935961  -9.25546  9.50311  
-1.60645  -18.9124  -12.5183  
4.67146  11.7915  28.7144  
10.5471  -19.5434  5.54861  
-12.7649  -6.40317  22.2063  
-19.2768  14.7282  -22.7364  
3.79687  -5.04196  -19.5186  
22.2602  13.7618  25.6221  
11.102  -5.13514  -8.83046  
2.51557  -20.6839  5.49426  
-19.5029  18.0119  -11.6139  
-23.6381  -3.02121  1.43667  
22.5792  1.67784  9.86269  
-22.6156  -1.05902  27.7703  
10.3825  17.2576  5.95291  
9.79048  -23.5185  14.7033  
24.2137  -10.8715  -20.7201  
16.9917  13.336  15.9212  
16.1741  19.882  -5.13808  
19.7349  22.1823  14.5154  
-26.44  14.8686  24.0789  
-7.12814  -23.4149  -20.92  
-29.0881  11.0828  -12.4831  
8.95079  -11.395  15.539  
-12.939  13.6749  18.6882  
-2.73117  8.0402  25.2968  
5.81271  17.6976  24.2063  
29.24  23.4858  -13.1133  
-5.55587  9.41463  -28.9084  
12.5106  11.2297  25.061  
-2.88809  -15.9632  -29.2925  
22.8029  -26.1706  -2.6629  
22.1061  -26.9804  13.9787  
0.124369  -18.1714  26.1207  
9.42866  -6.91155  -1.11952  
10.3495  1.43086  -19.3948  
-22.5416  -15.7975  -25.6961  
21.1386  4.5118  5.8327  
24.0761  -18.7396  -28.1711  
-13.2015  -12.3554  -26.9447  
13.5281  25.6966  -13.1648  
8.75576  -13.4752  -7.09077  
10.9667  29.3788  -23.0263  
12.9843  -12.1782  -13.1353  
20.5734  -24.8302  9.69461  
-4.90377  20.0425  29.3372  
-20.7759  -27.3483  -21.5769  
12.1563  -12.0133  29.2298  
-11.1861  -14.2464  -15.6468  
8.72433  2.1295  24.4756  
-6.73873  -3.75079  -3.48549  
-1.01756  -29.4303  11.5378  
3.27296  10.8681  5.04539  
3.03629  2.8904  13.3031  
-29.2672  11.4341  -24.8364  
-8.78848  -24.4149  -5.34291  
1.63531  29.426  6.70299  
15.024  -0.947583  -12.8773  
25.5527  11.5736  22.4555  
-4.23094  4.12032  6.68008  
-11.9494  -7.58298  6.18961  
-23.8527  21.1033  4.60804  
-27.975  -0.373276  7.99214  
21.4324  18.7492  26.5183  
-22.8131  -14.6086  6.09482  
6.99929  29.0672  12.5241  
14.3467  -3.79883  -4.20708  
-27.8666  29.1226  28.0361  
1.9792  -11.9014  -24.836  
-19.9242  -11.3301  8.99755  
-13.4382  -22.8558  -5.58585  
-26.1448  -20.774  19.6246  
5.40566  2.85296  -8.72458  
-14.9752  -3.32357  -1.44243  
8.80842  -24.072  -13.8419  
-17.8815  24.9729  -4.06283  
23.1316  -0.136474  -13.0064  
21.2575  8.70448  -22.6508  
12.7833  -9.92057  -6.24328  
-23.1709  24.349  -20.6348  
1.08671  -5.06649  -6.2596  
0.910656  27.5095  -17.6944  
-26.6591  -20.6862  14.2884  
18.8523  -28.895  -10.6623  
-28.9126  -16.8183  -12.5345  
-5.66885  14.6809  -4.41752  
5.87034  -19.2427  -15.9381  
-8.22618  -28.0469  15.1156  
1.21556  -4.15978  -27.705  
-19.2693  25.7206  -17.6582  
-9.59133  25.215  -9.21056  
11.4011  -13.6338  -18.1168  
6.7326  -21.6936  -28.4422  
-17.5231  26.197  12.6468  
-5.66837  0.105168  22.1948  
7.45148  -15.1011  28.33  
0.739795  -19.6595  -21.0917  
9.28807  -24.599  4.81633  
22.0441  2.62138  0.888194  
-13.2836  -21.5341  29.4125  
-0.0253922  -16.4966  -25.0699  
-13.7748  -26.6929  9.24323  
-9.10152  -11.1089  28.4689  
-22.5148  10.4103  -21.1899  
17.8757  0.225582  11.1576  
-7.05727  10.9868  -7.26602  
-4.96667  28.4487  3.15534  
-3.37451  -10.9475  3.40316  
-17.0931  19.2814  29.1032  
16.5568  8.8724  -10.6862  
-10.1231  17.392  16.9665  
-23.4614  -8.52153  -28.8966  
25.9819  -2.76521  16.3426  
-18.8183  7.90659  -17.0315  
-16.2787  8.80885  -28.1188  
16.4862  -14.662  1.54993  
-4.8084  -6.00354  18.0848  
27.5968  -1.71915  26.3298  
-16.5563  3.03254  -21.3905  
-13.6413  -6.93458  -19.7974  
9.5495  25.3773  4.56539  
19.6517  14.6811  20.1864  
16.3924  -1.61473  3.6242  
-15.2281  21.8871  20.3525  
-27.1724  4.65955  23.2039  
10.5618  -3.05463  -16.9409  
-7.22018  12.172  1.77479  
-11.9106  -16.8594  26.3982  
28.1268  -2.45659  -4.15541  
-8.80084  3.23695  -23.9846  
-28.7304  -12.0774  -15.0377  
20.4351  -7.89415  12.9272  
4.58429  -25.1694  22.8488  
22.4052  8.35897  19.2872  
14.5659  28.6775  -26.7364  
-0.391369  12.7853  -17.2855  
13.5198  26.2755  19.521  
16.2328  15.0004  -16.0417  
-10.1453  -6.19373  -27.9212  
22.5028  26.1422  -16.7976  
-19.617  4.03381  -1.0305  
-14.0512  0.791671  2.79781  
0.96873  5.36825  17.1966  
16.3619  -21.2784  20.2499  
-15.8432  -13.3112  26.3289  
-15.8918  -25.6203  26.7387  
-15.8078  20.4052  -5.99981  
12.5033  14.7639  -1.84758  
-29.1821  20.3681  -5.22638  
-27.4072  -14.9562  -27.0024  
11.1812  -20.96  18.9734  
-26.243  14.5118  1.39446  
4.31796  5.76718  27.9528  
9.35642  8.92774  -25.1892  
11.5163  -1.14077  -28.4747  
20.2778  -19.9027  -5.24441  
26.1043  -1.5571  8.28417  
-27.2659  -8.81952  -22.5053  
-24.7425  23.335  -6.67818  
-16.6599  25.7004  -24.6573  
-20.1332  -26.1588  -29.2304  
2.25268  -3.59746  22.2849  
17.6413  -6.93655  1.7913  
-18.9637  2.11321  -15.4169  
-14.2882  17.1711  -0.503215  
-0.446565  -4.09912  8.16196  
1.30637  18.0438  -3.97708  
-16.8839  15.9364  -15.2427  
-26.924  3.18698  2.34061  
-5.04665  28.1196  8.90026  
18.9035  -10.8715  3.63136  
-25.73  19.9363  -13.7941  
10.2589  14.8623  20.9563  
-13.4962  7.9131  2.75411  
-2.33142  21.3788  15.9946  
25.7242  -21.1916  5.29962  
-26.1891  16.7101  5.91701  
-2.78332  26.94  -2.47195  
-9.06968  -3.25338  19.4936  
29.0619  -7.54294  -1.75172  
-22.3866  -1.49956  -14.0432  
12.8785  -12.5603  12.4592  
-17.6032  7.07894  -4.92774  
-14.8855  3.63088  19.7554  
9.92061  4.97053  -2.20955  
21.1289  -6.7701  21.1925  
29.314  11.0743  2.36502  
-9.29565  -2.70457  -9.58223  
13.8412  8.09063  20.5725  
-8.10166  7.77913  -20.9711  
0.620404  -5.00588  -0.277986  
-22.0685  -6.70201  22.5589  
23.1484  28.1353  28.9232  
15.4231  2.5497  -0.14832  
23.9928  13.7686  4.72279  
-26.8003  27.628  -18.8599  
-20.3022  -19.0112  25.3687  
11.5779  24.6322  12.5691  
0.354485  -11.694  -3.51463  
-15.6952  25.5878  24.4807  
21.5247  -6.88228  -1.80812  
-10.8668  -19.8397  -20.7762  
13.8332  -14.619  20.8782  
-25.4515  26.5618  -2.37348  
14.5437  9.70604  -2.85824  
18.6134  26.7378  8.52014  
27.9761  2.55548  -14.7878  
8.86594  14.3876  1.59421  
10.7086  -26.5031  -0.74213  
-27.4919  -20.1794  0.646028  
-26.3184  19.5024  26.2631  
-28.6118  5.37421  18.2747  
-8.61264  26.0184  0.182162  
19.3502  11.477  -3.30365  
12.5473  -19.2421  -3.3089  
-0.261512  12.221  -11.86  
-22.4145  21.4125  23.4156  
19.1571  -3.11962  14.7082  
-15.3072  -4.85769  11.0785  
16.5288  -28.258  27.7158  
-27.3866  29.3691  -23.8257  
-6.31423  -3.99412  -13.5947  
-8.40229  -7.56809  -7.59885  
-19.1179  -4.78596  26.8223  
16.7803  -19.2361  -21.2546  
25.574  -25.2216  -20.81  
8.32415  -16.3226  2.35751  
-3.86681  22.0058  2.38773  
-28.2057  -20.7903  5.90339  
10.3329  -22.2645  26.6289  
-23.8421  12.3944  -8.18016  
-9.40573  1.49037  -6.98822  
-0.144566  3.24297  -7.96438  
18.1605  18.0157  9.15573  
21.0069  5.99765  -4.79111  
5.62343  5.56472  19.3287  
2.4635  20.6502  -8.03874  
-26.132  5.49522  -12.987  
-8.23377  -1.92206  10.6029  
20.1863  -28.2587  5.57398  
3.6598  16.3154  -0.0653202  
29.3657  22.779  23.3603  
5.41794  -6.58341  7.2136  
-24.6121  -9.42517  -16.3715  
-14.2365  26.1152  -13.1833  
-1.2313  1.62424  -21.0532  
24.7498  11.0026  -0.145645  
-15.5795  -10.6912  -4.00616  
-5.69705  -26.3428  -12.3755  
8.72795  -16.2242  17.8455  
4.97488  -12.6073  20.9353  
1.23772  -17.3233  1.99215  
-25.9606  -2.2044  -27.2347  
18.9925  -19.0076  24.6311  
11.3075  13.8824  -24.1871  
8.76562  -1.36613  1.85373  
-21.646  28.8196  3.44774  
-17.1197  -22.5416  22.7501  
-6.0822  -6.85417  -24.7137  
4.62241  15.0077  17.6037  
-28.2152  16.4042  -25.4666  
8.30855  21.5408  -27.3481  
-13.3243  -26.9811  3.15034  
-3.95877  -18.6329  -2.53174  
11.5707  17.5787  -28.2027  
-19.33  19.8447  0.196738  
-19.2274  4.57894  22.2854  
-22.9728  -22.0754  -13.485  
-25.3274  20.9006  13.8522  
-0.982527  12.9822  1.08477  
15.3875  12.7818  -21.3777  
24.6614  21.3254  -24.5349  
-5.7787  23.9792  -5.19585  
-19.9215  -1.63871  17.346  
-21.3212  17.8501  12.7419  
10.0915  25.2227  -9.34533  
-15.8856  -25.2482  -1.17169  
7.91387  -3.63731  19.0713  
-12.151  2.64528  -11.4481  
13.7278  -9.38732  22.2289  
21.7975  -9.81173  -14.7225  
-13.9378  -0.269129  -24.7016  
13.4179  -22.9203  -11.8888  
-1.49371  15.9132  23.5671  
-2.52157  -27.3132  16.0538  
1.56379  25.6965  28.561  
3.28962  -26.0035  -27.208  
25.5256  -16.0747  18.9435  
27.7253  -29.0471  7.51281  
22.6618  23.2098  -1.06245  
25.0037  12.5587  -9.54615  
11.9349  -1.86085  25.0601  
22.9362  26.3331  -24.9546  
5.69315  13.6415  -5.19221  
3.37164  13.7945  10.0611  
21.1117  28.271  0.238725  
17.8659  -7.65135  -26.6834  
27.2645  15.8762  11.9911  
-21.1752  -19.6657  -22.6913  
-23.2126  -22.7611  -0.329661  
-8.86889  -27.6597  -23.7269  
8.20765  2.15957  13.2405  
-20.4906  -12.7346  -9.29925  
11.1139  -28.4704  15.6276  
18.1363  -23.5879  -15.4753  
-1.06591  -23.547  19.7318  
17.9524  3.77421  15.0812  
-1.26586  2.49701  -27.1029  
-21.1048  -4.40303  -21.2555  
14.0451  7.16463  1.27444  
-16.1166  -16.9855  16.3051  
12.3735  14.3382  -12.7777  
6.68504  21.1521  -22.3408  
20.137  11.6034  -18.2862  
25.4372  5.75208  -1.23655  
3.07111  21.2812  -28.1331  
10.8593  -26.7569  -18.5414  
27.5778  -15.1526  -8.14188  
-1.88974  -2.65339  -23.5124  
16.1882  18.0852  14.086  
-3.29962  5.71854  -23.6166  
26.1811  -13.5541  12.5561  
-22.444  -7.26708  10.615  
2.94849  7.16805  -10.447  
-10.1756  20.7156  20.4305  
-18.7158  -12.4088  -0.279897  
-9.71382  24.6502  10.9521  
17.1696  17.8441  -29.2992  
-5.15131  28.1047  -25.7881  
5.0972  -28.2725  -3.78959  
5.57829  -18.319  -8.41086  
27.7752  25.4549  -29.3278  
14.7154  -28.4858  9.66249  
25.9384  -28.8162  20.7178  
-16.3994  -15.0312  21.3015  
-24.0542  20.0392  -18.3989  
22.1239  -21.4974  -12.5793  
5.71413  29.347  -17.9272  
-9.55106  18.4524  -5.57576  
-21.6976  27.314  -24.5905  
-3.28996  1.24647  -16.4671  
23.174  9.07118  6.6512  
-9.16973  -28.1133  26.2651  
-24.29  18.1625  -1.68269  
8.4259  17.8891  -11.0654  
-24.6468  19.2709  19.3671  
4.14246  13.0726  -20.16  
20.2474  -24.1167  -20.5951  
-28.8993  15.7801  -14.4423  
3.40405  -1.53826  9.96586  
6.47813  -3.29788  -26.6958  
26.8014  -27.2226  -12.1756  
-6.09908  11.2596  10.2419  
-15.4775  28.9587  -6.84286  
19.0938  -29.0404  -19.0493  
16.8343  -15.9756  -3.43815  
28.1624  -27.7107  -0.641686  
-25.0633  -25.1129  -22.8838  
-9.71953  -10.0413  -18.1359  
19.8055  -11.6107  19.2064  
4.72507  10.9353  0.132111  
-0.214516  4.168  -2.63425  
-19.8317  13.2767  -5.44897  
11.3368  -10.9678  7.44195  
27.9053  27.3967  -4.13491  
9.53542  -29.1774  21.4229  
0.193476  18.3714  19.3321  
27.8636  7.70227  25.1378  
11.8056  -12.2921  2.36949  
2.92578  -13.3114  -7.5135  
1.02876  23.2489  -15.1824  
25.4388  3.98442  19.2243  
12.4028  18.8454  17.7769  
26.0112  -10.5434  -8.15532  
-3.62644  -9.27641  -7.03816  
22.7737  22.4269  18.8759  
-20.755  -14.8226  28.3983  
10.7175  -29.2413  -6.29516  
-23.8391  -27.6981  17.3996  
-10.6186  -2.44219  27.5847  
-3.73929  23.0724  -13.3381  
-9.65708  22.4822  -19.9788  
26.6746  -8.74201  -13.0662  
5.82074  1.83397  -3.77382  
-0.835717  25.2437  -21.9977  
-12.3957  -28.4185  -11.4517  
4.74556  20.5342  4.01457  
-11.7284  9.73793  -6.03939  
20.5322  18.3971  -7.91291  
5.58802  -10.963  -28.2686  
19.3396  -0.177206  -9.66497  
-3.86178  -16.0505  1.70987  
20.6326  11.1076  10.6478  
-5.12538  -9.99174  15.1033  
-21.7261  1.41594  3.12474  
-26.622  -21.1544  -9.70331  
-8.26475  -1.6285  -23.1649  
-28.3262  -9.11271  -6.33798  
-27.2492  4.93083  -5.79615  
-14.0704  3.8825  -1.30484  
-19.8777  -13.2295  -22.2546  
-24.4268  5.82135  -18.0613  
-8.92328  -28.8048  -17.3413  
-5.74609  0.0089954  -27.746  
-1.18288  8.4997  6.20921  
1.24339  19.4584  26.0823  
-8.7378  10.9978  22.1103  
-6.7662  -25.8037  10.7876  
-5.20932  -9.29675  22.0707  
22.5202  24.0876  10.2616  
-16.0431  -14.5055  -7.32873  
15.304  -23.3144  10.3776  
22.106  -5.79424  7.41663  
-6.64964  19.8057  -16.2424  
-19.7476  17.7993  4.60857  
-18.4945  -2.05973  -25.2545  
26.0684  21.0991  27.0627  
17.2837  12.9428  27.9769  
-26.8727  -7.27879  12.9815  
19.1828  6.80224  27.1476  
14.3674  3.42132  18.794  
29.3954  -4.70818  -20.3624  
-6.85875  26.9647  28.536  
-5.49009  -22.0123  -28.6909  
27.5289  8.21137  -16.2477  
27.6677  23.9823  0.0221716  
-28.2736  17.5236  -20.2004  
17.0644  4.33462  -7.78272  
-23.0543  -25.1744  -6.96549  
-5.051  14.1838  -11.1889  
-14.6411  13.6987  9.37407  
-28.5131  -1.89544  2.90279  
1.53205  -24.6566  -0.718977  
-22.7577  28.2066  29.2133  
-19.6578  -14.7495  12.7924  
-13.9551  7.715  -20.1035  
-19.3543  -5.46063  14.099  
0.312295  -5.24144  17.8354  
8.16756  16.2289  -20.7791  
-4.08247  -21.2261  -23.7651  
-10.9097  -1.23257  -3.05261  
-12.6952  26.8874  3.93591  
-26.3813  22.3493  0.402527  
23.5434  -10.6857  15.8859  
1.56928  -27.3409  26.8501  
28.3134  -24.1729  -16.414  
4.13055  -18.1808  10.0574  
18.0442  -8.58275  24.9031  
22.7614  -17.2864  11.3096  
-22.5003  -26.0332  9.80586  
-20.8014  3.44303  17.0529  
1.04949  25.5171  -5.64565  
23.9921  -19.4238  -1.32037  
-7.22432  -13.1049  8.25077  
4.3624  7.34496  -26.0685  
11.3746  3.32794  -13.6838  
7.59989  -21.9681  -4.71384  
-1.33537  -5.05596  -14.1539  
23.1212  -17.4069  3.37743  
22.5585  -17.1649  -9.34483  
-6.62383  5.63476  16.8647  
23.9703  14.8716  -17.8938  
-4.24155  8.67648  20.344  
-11.6731  -12.8057  -10.0695  
-15.9276  -7.54251  17.798  
12.6676  17.7415  -19.0851  
23.5325  13.3508  17.2107  
-7.4793  13.362  -15.6484  
9.48287  -19.457  10.8115  
6.86638  -10.5531  10.7825  
16.0331  3.14104  25.9701  
12.2961  -28.9519  5.37062  
10.4474  -2.12271  12.4358  
-22.4845  -14.3674  -18.0324  
-17.6452  24.2395  2.96641  
1.96526  -21.3127  -9.79213  
20.1309  21.4392  -17.7853  
-25.2292  25.7086  6.55376  
18.2902  -17.8875  5.00123  
-20.4404  9.93529  22.6185  
19.3287  7.21756  -0.367385  
-10.7497  22.6161  -3.13357  
27.4135  -15.9196  -2.79287  
-23.7694  -1.16062  10.3701  
-19.3965  23.7102  -12.5131  
0.651378  27.6927  2.03414  
21.0701  17.9069  4.21103  
-0.0436696  -1.42206  -10.634  
23.8179  19.1341  -4.12316  
-11.1932  -25.1682  -15.4499  
-25.2735  -13.524  -7.06678  
24.1698  -6.18034  26.4905  
-22.0001  28.8686  13.1689  
-24.4245  -2.83872  19.8153  
-6.17835  16.6038  25.6077  
-19.8201  -27.5943  -16.6301  
-25.6179  2.66919  14.7779  
28.2346  8.87582  7.42151  
18.0205  27.1533  -23.1111  
17.9248  -26.0092  21.3883  
-2.02735  18.7459  -25.2002  
-1.27246  -28.1005  22.4436  
-7.03246  -3.31115  2.29028  
-22.0698  -29.3323  -4.38944  
-18.6293  -21.5349  15.1331  
1.31531  20.641  -21.8182  
-18.7727  -23.8305  -24.6324  
-20.3391  18.6192  -26.0155  
-5.6488  -25.7631  23.3119  
4.79437  26.0172  -1.87819  
-18.2282  28.8552  -1.25514  
5.2615  25.8998  15.853  
-7.96516  -8.98272  -12.6411  
-25.3976  -5.5648  -9.7313  
16.9315  22.2055  6.3392  
16.0412  -19.5248  -26.7369  
-0.36074  12.5612  -5.51674  
21.8417  15.5969  12.5586  
-7.36163  -16.7973  -17.611  
-23.4825  -6.78086  5.224  
23.2807  1.69738  15.0103  
-8.76171  1.5968  1.24612  
-5.35206  -24.9165  3.26759  
9.9622  -6.31815  3.91258  
27.9325  3.8856  -9.58284  
-20.5989  -25.9073  -11.326  
-25.808  25.6654  11.7509  
-15.2891  11.5637  -23.3944  
2.00123  28.8198  -9.87817  
22.3542  -22.0719  26.9008  
-29.2162  -4.61297  -12.7803  
20.7644  -22.5892  -25.6023  
-4.4936  -18.3424  14.3084  
-11.8781  16.6309  -16.655  
-9.66718  -1.31671  -17.1909  
25.2714  -26.1652  4.10947  
3.08511  -25.158  11.7609  
-27.8313  10.4656  16.5573  
-2.95643  8.5992  -0.205642  
-3.69602  -14.7015  -10.013  
-11.333  1.35758  8.41024  
6.09073  6.68613  6.60005  
2.39627  8.30167  -4.54109  
-10.4347  19.0389  25.3647  
9.10318  -7.31509  -28.7683  
24.6469  -10.0186  -28.4033  
-16.0323  10.975  -9.0601  
22.365  2.76905  27.2033  
16.1467  26.6244  14.2712  
-10.1035  15.1281  -25.641  
28.7536  12.3037  -19.2138  
-6.6118  -17.9318  -6.89387  
18.0209  -15.639  9.62877  
15.007  -22.4892  5.08648  
-24.9944  -28.5696  -14.7951  
23.3797  7.23314  -9.86548  
10.4579  -18.9219  -13.5132  
19.4149  19.6824  21.7769  
-23.495  5.08952  10.3813  
-10.2077  9.28401  -25.9271  
-0.129557  3.92065  26.6314  
-15.2661  10.3996  22.7561  
-27.4399  4.64917  7.24773  
-1.86711  -23.1099  26.7041  
-28.4671  11.5975  11.5049  
-21.6688  7.23766  -28.1744  
8.22403  -27.4225  -26.6402  
3.37969  -21.1811  19.1473  
17.131  -8.39958  -20.8661  
8.83371  -15.6224  22.9165  
23.1908  -24.4795  22.0228  
-17.1697  12.6268  -0.760632  
25.7713  -20.6749  -23.2298  
-19.0017  18.1821  -19.0952  
4.41667  -25.0045  6.73958  
-1.0728  -28.1299  -14.1047  
-11.8432  -20.0984  16.3901  
0.875926  11.7644  24.8759  
-5.26139  23.3691  -22.8688  
-8.45974  6.05595  3.75395  
26.1114  -19.5535  -15.2928  
5.57903  -7.89512  -4.9414  
-25.6245  -14.5905  1.62946  
-11.2815  -3.93083  14.5095  
26.3318  20.7181  -9.8056  
8.82494  23.6925  -0.30059  
16.0644  -28.8379  -14.923  
11.8692  10.614  11.5285  
28.8155  22.2169  -21.3992  
-15.6122  -15.2962  2.46446  
26.8807  -1.16788  -23.2247  
-14.3587  -11.0647  9.44253  
19.6232  8.66915  14.9358  
4.86367  -10.85  -12.4831  
26.4219  -28.6827  -24.6122  
23.7824  16.4145  -12.7667  
-13.6354  11.9571  27.4322  
25.5363  13.6745  -4.62792  
-24.0369  -29.3216  22.2349  
-15.9809  3.17318  -7.87468  
-25.314  -18.4896  -20.1487  
19.8045  0.212819  -27.3227  
-26.9281  -25.9023  6.69402  
-2.51481  -21.5123  6.02286  
9.27376  23.0907  17.5482  
15.5674  6.08991  -15.318  
16.3556  -17.4117  16.954  
15.3888  -15.8114  25.8082  
-25.7304  0.276323  -3.5161  
7.27943  -16.2978  -2.79239  
-23.4937  13.702  -13.1074  
2.88231  -8.89695  3.09962  
-2.26011  12.2606  17.3579  
-13.9911  -4.11537  -11.7871  
13.4514  -6.84241  10.259  
-14.5074  -7.8831  -25.4261  
4.41361  -18.093  15.1684  
3.02883  -13.1415  16.1475  
-29.3752  18.3903  15.8175  
24.1268  0.436255  22.7497  
16.5  16.6137  0.731475  
5.29046  -25.5523  16.6023  
-25.3437  -23.237  -17.7808  
-20.0874  -18.7693  7.4125  
-24.2253  -0.255556  -22.4692  
-6.28767  14.3022  15.3898  
0.281532  -1.07839  4.21358  
5.05175  -9.79377  -21.3552  
-15.2268  26.5037  17.4179  
-10.5199  -10.0528  -3.6272  
24.8155  -21.8566  10.1884  
-12.7599  18.0444  12.3867  
6.81883  9.26025  -18.0009  
9.18765  14.1271  27.1944  
-1.90843  -6.5259  25.013  
9.488  -19.1097  -24.2994  
-7.7894  -17.4836  -29.3981  
-16.0899  20.7144  6.76328  
18.6448  -22.0227  0.485364  
-13.8565  26.9245  8.84391  
-7.84323  23.4834  5.24018  
23.6798  24.5057  -7.34494  
-27.0616  -22.7614  -27.2254  
-12.0915  -20.9313  21.5492  
27.9436  -23.3159  14.2997  
-9.52311  -25.2787  -28.3903  
-19.6772  -25.0675  18.8623  
14.9753  -21.9143  -6.78684  
26.2875  5.2744  -29.3659  
9.84097  -6.83425  24.9486  
-13.3011  -28.9353  23.561  
8.08205  -6.56959  -12.7993  
-14.2202  25.7189  -18.5719  
-16.9475  -20.6331  -19.7333  
28.2217  -8.72366  22.6125  
-5.32602  5.74325  -15.7972  
-15.1995  -2.15293  24.8412  
11.8073  5.8555  25.6805  
-0.350111  -9.88804  -13.0911  
-22.2901  -19.9202  -4.46468  
9.85854  6.31803  -20.5615  
-4.5393  1.75782  -5.73436  
2.6507  12.2649  -24.8337  
-27.9129  13.364  -4.62025  
-15.1874  -25.7738  -18.8479  
-19.9312  -14.8668  -13.9108  
-26.5372  -11.5102  15.9644  
15.7817  -26.9742  -6.85993  
-11.0192  13.5403  -1.17304  
-9.51945  -13.0096  15.8622  
-13.357  4.58731  -27.3578  
0.650621  24.7205  13.4526  
-21.4192  16.0614  17.4787  
-16.2889  2.70675  26.0796  
-25.1386  20.0983  -27.5103  
-21.8189  13.3848  25.7804  
12.5093  1.35406  -5.31962  
-9.34377  -11.3761  3.58859  
-13.1898  20.8678  -10.9596  
17.9847  21.6495  1.26066  
2.24636  -23.8215  -14.401  
-21.04  4.44772  -22.7317  
29.2866  14.7361  19.4255  
27.3637  -1.69752  -9.36561  
-8.31459  20.3568  9.4721  
22.0327  26.8798  20.9932  
-25.3398  -4.43952  -17.3498  
9.63118  1.65817  18.1554  
-6.84774  -7.83706  -0.813598  
-20.6236  19.4559  -7.104  
-15.7284  -23.3741  -10.3105  
-1.99714  -14.0831  16.1758  
-13.8633  -29.1984  -22.6351  
11.7936  12.0333  17.5691  
21.3567  -17.9316  16.5022  
7.68097  17.4475  14.1848  
-3.65428  16.8054  1.70025  
8.59658  6.87881  -10.7763  
13.3915  -22.0746  -18.1677  
-17.7805  7.91149  9.78857  
-25.663  -27.0843  1.8573  
-3.69116  7.55326  -6.06417  
23.5114  26.9055  -11.9117  
-10.326  11.3862  5.85974  
-20.5133  3.01904  -10.031  
-12.626  -9.17049  14.1892  
-9.96813  -28.8101  -3.25699  
-18.9902  -9.16326  3.76596  
-4.93611  -8.90046  10.3084  
5.24122  22.0852  -12.0824  
-7.48088  4.61156  24.3668  
-14.7206  23.8521  -29.2196  
27.9243  -22.7789  -2.08458  
-1.53647  -5.76829  -19.3785  
-26.9782  -9.35652  2.28972  
-18.5673  -4.52936  -9.40785  
14.9911  7.65315  -20.3526  
14.9238  -7.86291  -11.5865  
21.1942  15.9613  -0.68598  
-16.7909  16.895  20.0596  
-27.5695  24.3347  -25.4823  
-23.9934  11.0536  -0.918163  
20.3705  -1.89703  19.6594  
-29.064  -24.5319  -6.77174  
16.5147  -27.355  1.68571  
5.05922  -7.77114  23.0053  
-6.76267  -11.9532  -22.0626  
1.22778  3.51238  8.2629  
4.27671  1.24123  22.5573  
-14.2819  -24.1647  14.367  
11.6538  -23.6609  -25.5439  
19.1137  -4.57276  28.2793  
-27.6823  10.7843  27.3762  
23.8145  -12.0824  3.87803  
-28.9741  27.9284  23.1187  
-0.201443  -0.8415  14.9152  
-12.3486  20.2445  3.67754  
-18.5379  11.2759  -13.438  
3.84304  15.3912  -13.437  
-24.8325  -13.8811  25.2651  
-11.6727  5.08384  16.0648  
0.937416  -17.1238  -16.501  
21.1884  -2.90087  -17.4705  
-17.6416  13.2044  4.85843  
-12.5155  5.70482  23.9102  
24.604  -2.70784  3.53465  
-18.2215  -19.9585  -13.9913  
3.23156  5.51396  -18.0128  
22.5062  -7.54046  -24.4762  
-25.754  7.91194  -25.2193  
28.5185  -11.6241  5.7554  
-27.595  -2.42816  15.6845  
-6.95137  -22.9757  -1.0959  
16.1924  21.3621  -10.5351  
28.7044  25.1566  5.2987  
13.376  -5.29681  -25.9008  
0.127922  28.6974  -25.835  
7.65605  -20.8272  22.4978  
25.8955  -4.42939  21.1831  
-7.27271  -17.7594  22.0174  
-14.7324  -1.07285  -16.3575  
-22.7962  11.1494  18.0911  
-28.5731  -6.04545  28.6955  
1.73145  -1.20241  27.0768  
-25.3547  -24.3574  23.497  
29.362  -17.0622  -22.6473  
-7.80895  -22.3245  -9.48506  
2.49948  -8.29178  14.0384  
-3.11128  24.216  26.642  
25.0747  -6.45412  -18.0247  
1.92946  -9.24675  27.0595  
-15.1453  -27.6012  18.7983  
4.74775  12.5978  21.8159  
-0.603558  18.2374  -13.662  
2.00091  22.2361  9.20545  
29.1815  -15.4608  25.6747  
-2.07968  7.98054  -19.1442  
-16.268  -19.8294  0.499974  
-0.5128  17.1844  9.24734  
2.99384  1.64937  -13.9783  
-11.2736  -14.7801  20.6745  
0.958671  23.6237  4.5388  
-7.00955  -5.65623  -19.3961  
-22.818  -14.9869  -2.64721  
16.22  23.025  -20.932  
-23.1813  10.1707  11.3402  
-11.2191  -20.9986  2.76462  
27.8975  -11.5355  18.3332  
-13.0511  -9.23864  -13.4854  
13.1584  6.92861  -27.8343  
-9.74668  2.63521  28.7056  
-15.1177  -1.33339  19.6598  
29.0213  -12.611  -19.9431  
-7.30261  -5.62163  7.31654  
-4.27098  16.3613  -19.1557  
2.397  22.3826  22.0065  
21.7802  18.2078  -21.3981  
-22.1355  -21.2366  11.5003  
-18.4473  -4.95351  -16.5194  
20.0073  -5.2009  -10.1824  
-3.17341  19.818  -4.52629  
14.6716  -2.35938  8.3975  
-26.077  -8.93824  24.9229  
-21.9865  -13.4366  17.4389  
11.3058  -7.56039  18.047  
22.1865  7.82021  -15.1671  
8.57159  14.7189  10.0696  
21.4243  -14.3849  -27.3231  
19.4806  -13.6577  -11.8551  
-23.9344  7.44762  26.049  
17.7224  -10.4128  8.97006  
-9.93147  -10.6682  23.2034  
17.7214  -6.94424  -15.8661  
23.1096  13.9074  -27.4342  
18.281  25.3674  -7.58047  
9.42136  28.9886  27.6181  
27.1761  2.96651  -20.2202  
-15.9895  -1.33031  7.39936  
-14.8869  -15.2929  -23.2135  
5.90953  27.8434  -12.9922  
11.9499  -18.2903  29.0606  
28.3452  0.525081  -27.829  
3.04691  -13.0799  8.59172  
-5.15122  -2.70008  26.5751  
-13.0909  14.9394  -10.8094  
25.4878  -10.7828  -0.641243  
28.9599  -19.3683  -29.4289  
14.1055  -4.34547  -21.0634  
-18.8802  -10.4872  20.4508  
17.5818  -11.9987  28.7966  
22.4474  -18.942  -19.6561  
13.9122  -8.92404  -1.00229  
-27.478  -15.8595  8.02174  
-8.54571  -20.1977  -13.9974  
4.42449  -22.7417  -23.176  
-22.0372  14.6508  8.52575  
3.20584  -17.7957  -28.714  
-29.3829  -10.191  -27.0132  
-2.27875  6.35261  -11.5278  
8.58858  6.78866  11.2353  
29.108  26.5918  14.863  
-7.62577  19.1103  -11.0522  
-25.6188  26.0857  -11.0322  
-2.12322  -10.8699  -18.9605  
-10.1301  4.3571  -16.2221  
-20.0592  28.2081  -9.28031  
25.0787  9.48739  -26.2228  
8.70767  25.7254  -20.1712  
-19.0478  8.23291  15.4428  
-14.6593  -8.48115  26.5151  
21.2717  -8.57789  -6.78618  
-19.7286  2.43238  -28.7283  
28.2407  -19.2636  21.9757  
-3.86575  -11.0198  28.0759  
-16.9851  21.095  12.1753  
13.903  23.1921  -1.86502  
-3.52863  -14.1488  21.2315  
15.3302  15.1947  5.49364  
18.8256  15.7761  -24.6037  
15.9748  6.18551  5.83033  
-25.5243  10.723  -17.1352  
-7.61255  -16.7624  -24.1741  
6.46741  8.1776  23.8468  
-10.6711  -18.9999  7.89656  
3.14633  -12.4958  -17.378  
5.46765  -24.3483  -18.4584  
14.9153  19.0457  -23.5137  
-27.967  -15.72  13.1568  
-28.8923  -29.26  -8.56438  
28.7932  -22.9625  25.5816  
-16.7823  -10.0607  -16.868  
14.3942  21.4521  21.6195  
14.2091  -4.52666  15.0489  
-13.7685  9.67613  15.25  
22.0932  -15.1403  22.6208  
28.081  -9.27947  10.3513  
25.405  -5.25862  11.9446  
22.2744  4.52712  -19.6961  
-22.7189  7.2753  -7.34078  
-29.1497  -27.4947  16.9721  
6.88444  1.51319  6.74472  
5.47  -2.65919  -15.2897  
-23.3111  -7.21235  -4.82258  
-18.6234  0.122128  -3.86039  
10.3132  -9.95993  -21.885  
-2.46037  11.1951  -25.3956  
-26.2942  0.89196  -11.5159  
2.28534  -25.7916  -7.15359  
-20.9183  26.2027  24.72  
15.8993  10.966  8.12746  
21.8728  -2.19622  -23.0296  
-8.4492  12.3853  27.1063  
20.6838  -14.4883  -21.9863  
16.726  -10.3986  14.871  
-12.8059  16.6827  29.2242  
-9.68364  22.6663  29.0166  
15.037  0.665105  -21.5735  
-23.2385  -16.8606  21.2705  
27.5369  17.2191  7.1187  
26.3661  17.7314  -27.8235  
-13.0923  5.20589  11.0915  
12.1582  23.1202  -17.3608  
-20.4186  1.58031  7.95745  
28.0536  22.5047  18.3327  
-10.0531  25.9217  15.9231  
-1.37418  -8.58842  -27.0685  
-22.9174  8.8284  3.73478  
27.7234  -26.0032  -29.0351  
16.2217  28.2175  -3.3612  
-5.48788  -21.151  18.4086  
17.0777  -17.7356  -14.5962  
19.7076  12.3221  -8.6662  
18.9122  -29.2894  17.4597  
15.321  -13.5974  -21.3131  
-21.9243  -8.67602  -23.6101  
-16.5852  -19.0812  -4.63639  
-15.5841  -14.8743  -17.8013  
7.52966  22.559  23.0134  
-8.82935  -14.8404  -3.59539  
-4.88213  -12.7045  -14.9093  
-2.92397  13.3887  6.80808  
-12.0379  17.8616  -21.7295  
10.5174  20.4025  -7.10037  
4.36543  -13.7499  3.79946  
-2.84948  -0.99932  -0.447272  
-10.7519  -15.9065  1.33187  
-28.2803  6.79186  -0.696961  
-6.02589  -17.7092  6.11207  
-2.62886  -22.3674  11.2657  
12.1032  2.83908  8.03413  
16.1109  -0.366264  22.0762  
-8.66468  -21.6048  25.2274  
-4.30661  18.0526  12.1163  
27.5643  25.4882  -17.6336  
-3.66489  -21.3669  -17.2458  
6.1818  -0.887645  -21.9583  
-15.3261  -16.3425  7.56274  
-16.5019  20.7656  -22.8719  
-3.60727  -0.104773  10.0658  
18.6288  9.87586  22.7292  
-15.6271  -4.98917  3.64077  
3.52403  3.48336  -22.6026  
-21.6931  -8.16588  -12.0745  
-6.04737  27.3813  -12.5155  
19.1643  26.245  25.5583  
24.8943  -12.299  25.7653  
25.282  28.2042  11.8661  
5.8396  26.1133  8.31004  
11.2741  14.5626  -7.25886  
1.8886  10.9958  14.4319  
15.4094  22.2656  26.6232  
11.7915  22.0616  7.51065  
-18.6543  -26.7757  6.30748  
17.4786  -12.1897  -7.13076  
6.04933  0.881026  28.57  
3.88616  28.6952  19.965  
19.2021  18.5641  -13.7381  
12.3063  9.19491  -7.79523  
6.93325  8.90051  15.6326  
14.6653  2.28819  -26.5568  
1.58348  -19.5837  -2.33724  
-2.49079  -27.1541  -4.74235  
-10.772  9.18683  -15.7104  
-5.23221  14.9599  -23.9672  
-19.5899  -22.4426  3.61454  
-17.7315  5.94308  4.63657  
3.17382  0.459444  0.138504  
-27.2117  3.99968  -22.1419  
-9.78541  -24.5423  6.8857  
8.63278  -14.6669  -11.7472  
-8.47929  -24.9518  19.2781  
13.0603  -26.1859  24.7714  
-2.99452  2.05168  18.2854  
18.6563  1.78917  -17.76  
9.10008  9.0393  2.71257  
11.7424  -14.2134  -25.0573  
5.50962  27.1664  24.8183  
14.2232  -17.916  12.1975  
22.6827  -1.67367  -2.37756  
24.6661  21.5811  5.98856  
-6.24729  23.5999  18.8467  
