36.7769  32.3086  38.3445  
30.2661  51.4863  25.6749  
44.5933  0.826101  43.485  
45.3642  53.2522  13.1246  
4.9836  42.0161  22.4307  
7.76111  52.5385  5.31839  
44.6883  29.422  20.8219  
39.7571  40.7228  29.6471  
48.086  3.92573  16.6921  
17.2806  19.9883  43.4577  
51.2075  2.85287  36.4233  
17.9547  32.178  37.4257  
19.1914  14.3352  49.1116  
29.4437  5.64921  34.6244  
36.0293  24.9395  18.996  
7.85919  2.25699  29.75  
1.62656  37.7045  54.3386  
4.40998  9.16262  15.865  
12.7195  35.5811  26.7961  
36.0064  3.18268  13.2837  
2.60531  46.5822  29.8419  
10.8405  58.5191  34.9482  
38.3388  51.0304  16.0169  
32.6532  8.19953  47.409  
42.1086  34.158  44.3324  
11.7377  47.086  52.6328  
18.3398  9.11765  32.1632  
44.146  21.8072  58.4658  
44.0588  29.7994  53.5066  
20.2589  22.1716  49.698  
39.5301  1.99744  45.6678  
57.4395  6.77053  5.43058  
32.8104  7.13951  30.66  
57.7124  16.7156  2.40545  
12.8998  49.4866  11.7898  
29.2327  18.8678  26.9197  
16.9983  35.6202  1.96813  
25.5047  47.5275  8.26046  
21.0009  32.044  17.5786  
30.4032  28.0232  46.9676  
31.1542  23.9677  23.3336  
44.5366  14.0945  42.4217  
12.3096  41.8771  16.9478  
38.2715  8.90343  27.3615  
58.4689  48.8305  18.7521  
50.7267  31.3214  27.2998  
39.6812  19.9077  13.3087  
52.3733  47.7298  27.7901  
0.324142  35.3816  19.7249  
1.31907  56.1232  20.2777  
47.8128  32.5065  0.020522  
23.3809  47.2971  16.5679  
3.07906  16.7548  29.1593  
50.7115  39.0759  56.6556  
43.0197  48.1504  9.7808  
47.4262  50.2473  4.44757  
19.1214  1.0296  2.68974  
12.8537  44.8358  42.2985  
37.8916  55.0158  35.2064  
16.9747  41.149  46.0107  
11.3703  35.4438  49.0242  
7.27211  29.1537  45.2747  
16.6537  46.7816  48.4752  
14.1402  28.934  37.3091  
6.48234  26.301  27.5002  
41.5184  18.3745  32.579  
16.4307  45.8116  30.6314  
45.3344  6.5813  30.9689  
6.84315  42.4976  35.5228  
3.76747  15.3644  22.2755  
13.0157  8.19484  31.3854  
48.6963  20.74  20.7895  
49.7882  20.1941  13.1266  
10.7146  2.47722  40.2028  
51.9403  22.198  8.36173  
15.0263  23.513  1.6469  
12.77  52.2448  32.873  
7.58943  28.3317  19.9109  
17.0077  52.3178  35.9462  
32.3588  7.11344  8.94161  
49.3992  9.3094  24.4725  
30.2754  29.0176  55.2451  
14.3227  22.9425  25.6661  
24.6356  6.28492  58.5281  
14.4795  40.3562  24.8233  
11.8885  44.3515  21.6114  
47.8371  36.4474  27.1708  
55.9203  46.3059  35.8854  
21.2126  45.4864  2.23208  
55.12  20.2501  37.6426  
32.9592  24.6199  14.914  
52.2527  7.44809  6.60313  
19.3862  8.87104  44.011  
8.86421  1.96515  49.3093  
32.2834  12.2762  44.0601  
20.8554  49.0203  36.0773  
24.5746  46.9055  24.9591  
32.6276  10.91  55.4693  
43.0132  24.9744  51.9009  
56.3392  45.1647  45.5199  
1.98875  56.3354  32.7621  
13.1635  57.1797  30.3993  
3.04485  31.6506  34.5937  
5.82134  40.6664  45.9639  
32.8144  33.4414  44.9617  
55.1552  37.0924  53.95  
40.5684  53.7291  58.5843  
44.5648  18.4393  16.8864  
36.4804  18.7957  37.8042  
8.01129  31.9705  9.61764  
8.48911  42.4541  53.832  
35.9806  21.1052  22.4919  
45.6278  15.3406  8.56364  
7.71881  11.9451  5.71613  
2.43686  22.5528  27.8263  
6.32552  47.3827  5.75186  
24.2098  29.4787  27.1373  
26.2215  13.4214  43.4027  
42.9689  46.8461  14.592  
2.04074  45.61  8.48919  
54.7781  13.4571  28.6321  
46.3744  47.1438  25.6252  
47.0547  48.7349  30.2475  
37.4953  55.7789  17.8353  
28.52  18.0087  46.7345  
8.11603  36.2727  45.117  
17.796  38.4155  20.8634  
23.9873  8.7612  37.8258  
4.56234  19.6647  45.0234  
35.9511  10.6498  8.17338  
29.1705  0.62991  17.468  
29.4926  10.9538  24.1246  
10.3637  50.7883  40.5791  
37.6912  54.1572  30.2801  
30.2216  8.0275  41.4542  
45.146  8.88998  4.26893  
37.6986  35.542  31.6066  
34.3995  13.9825  50.041  
49.9944  56.574  27.1881  
54.7602  29.1186  42.7335  
20.1439  4.42243  32.9067  
16.1578  13.9999  8.47827  
50.0837  13.0142  9.51653  
25.001  24.4405  18.8451  
7.47817  10.6181  49.6084  
16.8892  5.18669  23.9436  
44.3889  56.7064  29.1921  
26.6834  14.4677  33.6417  
31.8176  30.3872  40.9586  
28.3804  43.9434  44.5714  
33.3571  54.8306  48.5746  
53.2852  33.0426  9.13182  
29.2935  36.8851  43.5318  
47.6723  3.1804  56.7603  
57.3818  3.73158  54.4001  
0.477929  5.78736  17.4806  
2.41426  26.5311  34.4742  
49.4257  36.6946  33.7745  
41.8542  42.3583  33.9322  
0.215479  1.07506  5.82518  
51.893  23.9235  52.3375  
9.80667  16.129  13.8445  
6.91738  12.9432  17.6923  
45.693  39.4825  10.9922  
56.3168  5.3265  43.7043  
29.7774  19.7475  1.69298  
16.6368  52.4172  56.8699  
25.6106  9.54497  54.5552  
50.6089  5.374  27.8524  
23.2703  41.7034  33.5861  
21.0125  9.95771  51.1243  
52.9927  56.9649  58.5468  
3.66167  52.18  42.3203  
28.9974  54.2608  40.449  
22.636  43.8828  55.8937  
25.5773  6.46896  14.1949  
34.269  51.2597  37.3217  
42.1494  38.1164  23.4613  
52.4057  6.9861  33.1142  
30.2127  41.1739  2.20318  
54.093  47.8357  58.3008  
0.967152  43.964  14.6044  
49.0962  54.5097  46.335  
32.5717  22.4487  47.2427  
14.5567  0.74758  12.711  
10.5307  17.4491  38.8666  
38.3595  16.0404  55.5093  
22.1731  3.7155  52.7031  
42.4032  36.4124  51.9924  
25.9714  31.7507  54.059  
5.78961  11.1217  54.4356  
9.18999  11.6596  38.2321  
48.4326  41.4882  14.8579  
57.4302  32.5851  5.56542  
37.4935  0.477153  52.519  
26.8168  11.19  12.1043  
49.2464  18.9769  5.29519  
6.17082  54.1088  20.2994  
48.2463  44.6423  32.6996  
41.274  35.2083  39.2556  
16.4438  45.5181  54.5421  
42.8494  10.4605  53.6319  
42.5152  4.34553  39.0055  
56.5777  4.2027  10.386  
33.9233  58.3635  33.6409  
42.6862  12.1401  11.7657  
12.1682  54.1115  54.3902  
13.3659  10.5191  54.7006  
48.5298  15.6379  45.8329  
32.7892  42.7988  55.2682  
21.7386  27.2758  23.2061  
31.4389  32.7586  13.4886  
20.7692  55.7211  58.5738  
33.804  39.4211  14.0436  
24.0091  33.2047  30.8119  
8.6726  37.1633  36.406  
18.9488  9.77973  9.2679  
16.3285  32.4627  9.74228  
49.7912  8.76031  12.3026  
19.9645  6.70075  4.30031  
43.8222  27.5806  25.5282  
10.3869  39.648  7.83215  
55.6449  40.8635  24.5314  
33.7213  17.8737  54.2343  
21.7042  19.1609  6.81246  
24.7549  19.4276  37.0852  
18.5111  16.5354  53.638  
28.3189  49.0402  46.7583  
20.4899  45.4707  12.8199  
32.1074  14.0926  27.2652  
17.3682  29.8086  30.8624  
14.0431  23.6281  54.0231  
14.5445  30.7697  25.4355  
9.68032  57.804  9.91122  
52.4153  27.8803  58.3098  
30.8638  30.6936  29.1488  
50.8289  51.9087  12.6376  
27.6318  22.524  49.6296  
51.0268  24.4913  15.8025  
26.9212  44.3927  13.9205  
9.76861  5.55022  34.3978  
47.8965  54.2618  53.1316  
25.844  24.303  31.8355  
56.2285  25.7531  9.38659  
19.5347  34.5703  28.8219  
12.5534  52.4676  22.4599  
45.3599  47.4273  0.650384  
34.2142  33.7247  5.46601  
54.1355  1.01992  26.1683  
21.1743  2.81162  44.4926  
55.4151  58.5357  48.196  
42.808  6.8303  24.8976  
27.9863  21.9244  55.2094  
5.46366  8.96851  33.8548  
2.30206  17.037  14.3008  
2.13805  20.4043  49.6533  
43.0791  15.406  3.61496  
56.99  10.4928  53.6817  
25.17  53.4583  55.64  
56.8574  20.7052  13.086  
25.3669  4.36821  31.3505  
4.06979  12.5409  11.7122  
20.2424  58.191  53.7229  
46.8008  27.4304  57.3733  
49.5351  5.81064  50.7472  
23.9403  57.0507  30.5481  
39.0901  49.3643  28.8763  
49.8581  24.3389  41.9284  
10.8184  36.572  20.6146  
18.4532  50.4021  10.9793  
40.5209  52.3933  42.0465  
43.8357  56.5096  35.2769  
33.0228  38.4226  33.2564  
5.9342  56.955  46.4911  
4.92933  0.498678  17.8079  
21.8596  17.105  16.8737  
11.3256  5.50868  10.2868  
0.79323  18.3894  24.8079  
23.6452  7.11384  24.9737  
43.5054  13.8374  35.119  
10.7721  0.18826  16.0753  
40.1029  28.0771  8.14005  
10.5196  28.8915  52.0068  
15.7305  8.64804  19.38  
49.896  14.2529  27.3338  
36.786  14.0652  24.1779  
32.9976  22.8301  39.2353  
43.2207  23.8246  6.20294  
1.9153  31.6091  51.2762  
24.2516  25.7862  47.4188  
37.9754  11.6797  41.569  
47.7398  20.5166  55.0132  
40.0771  1.9169  22.2605  
49.8576  27.3594  8.08496  
44.5127  33.8592  35.0897  
57.5039  5.64244  30.1031  
9.49021  49.8021  26.7283  
50.592  44.0759  58.2986  
50.3099  36.364  11.6786  
12.2131  38.8974  32.9288  
45.4646  48.1851  19.2401  
12.9738  40.4233  49.6185  
33.012  11.7586  18.9488  
0.0167184  58.7561  24.8158  
47.0887  23.2019  27.6055  
48.9097  44.3296  45.5741  
29.9904  3.35274  46.032  
26.5823  27.527  3.60921  
12.7873  15.9426  54.5728  
58.6015  15.7953  48.2366  
25.201  21.1713  3.61015  
14.2724  18.1587  20.6321  
15.1827  32.8507  46.6354  
12.2962  8.04575  50.2643  
3.93783  15.5058  58.5905  
20.1007  50.0438  53.5469  
40.3218  25.3463  15.0263  
42.8153  30.5572  30.9251  
25.7186  34.3438  8.41134  
36.6054  19.1288  49.245  
50.7759  53.5055  18.2386  
48.62  41.575  41.3473  
19.1907  23.7438  26.3703  
10.075  43.6475  46.449  
44.8483  20.5579  36.1402  
6.45911  5.97667  2.81943  
48.3322  23.7247  3.79046  
52.7257  32.8478  33.2099  
58.4201  51.1366  53.8373  
23.9075  51.6859  18.8672  
36.1121  4.78821  33.6411  
0.681616  26.7751  53.3101  
21.7913  47.8365  42.4307  
27.6318  48.5248  41.6535  
7.7585  55.5156  38.7506  
3.31559  33.4949  46.3239  
13.8362  0.462812  3.74288  
7.06054  24.3352  32.2284  
17.6437  19.5718  3.31583  
0.655851  49.4246  33.9481  
40.7347  42.1238  5.95705  
38.9194  52.7142  10.0961  
2.56342  0.170511  55.5248  
51.095  13.019  35.876  
30.9237  47.662  56.2306  
1.25192  38.3768  11.4346  
16.0005  24.541  39.2197  
53.0877  51.746  48.8925  
39.0846  32.1359  55.2577  
21.0222  9.76582  0.410697  
57.1372  15.7322  39.0399  
33.4656  34.9676  26.1343  
2.86477  25.5344  44.5857  
23.8548  54.1821  11.5546  
21.7671  30.3755  34.4177  
7.22008  26.4098  40.7307  
22.099  52.3464  5.39234  
12.4445  11.5015  13.3043  
28.7677  23.1816  43.4163  
47.7338  29.3227  31.2476  
20.1407  15.6147  58.6241  
55.4398  33.2064  28.5207  
21.6577  37.0779  58.7927  
0.933817  32.9603  57.2478  
53.4517  28.4958  12.8679  
5.83328  55.9002  52.4323  
18.3504  5.96955  39.2269  
52.3664  14.8807  15.0254  
54.4672  46.4386  12.8761  
5.33762  35.4034  31.1451  
39.9361  24.2804  27.0857  
46.6279  44.3087  8.28588  
27.531  27.9527  41.1323  
34.5964  36.825  18.8573  
14.1473  29.5433  5.57067  
40.1125  26.8438  34.2401  
2.44634  55.2484  27.5632  
34.6329  0.624838  46.5674  
6.17807  31.5897  1.26158  
4.21301  24.1635  22.1689  
0.543731  31.1196  10.3594  
16.2591  55.3926  42.9441  
7.43049  45.3545  13.892  
40.0003  35.9866  6.14801  
55.0158  13.9835  43.3843  
23.9231  57.5848  37.6349  
11.9433  6.40881  15.3757  
34.1165  17.9539  11.1352  
4.33083  49.1927  37.5604  
1.24469  32.7603  25.7432  
38.0732  11.8671  31.5839  
10.1562  46.3625  37.427  
15.9184  1.95795  45.1308  
15.3924  36.1385  39.2127  
35.3223  13.7221  13.0626  
40.4814  3.36995  0.872014  
45.466  23.7168  46.6287  
38.445  42.9196  45.8117  
51.9759  44.6811  22.3345  
42.5307  43.0438  40.9029  
43.8326  29.6901  45.6325  
25.6377  48.3781  57.9013  
15.1645  17.6325  26.1488  
7.95447  2.87812  56.7886  
50.6583  32.0501  43.9284  
39.527  30.44  13.276  
40.3356  4.2765  10.7595  
49.6295  34.1913  39.6939  
39.4866  42.2356  16.9261  
30.6573  25.1183  58.6351  
47.6151  57.1902  10.207  
27.7916  42.4863  9.1002  
3.2087  45.5027  2.23724  
33.2325  57.072  54.2343  
49.9338  20.5876  49.0029  
45.0791  17.0245  49.3671  
13.718  50.5389  44.4233  
27.4134  2.69926  51.3141  
37.6456  23.0077  52.4751  
53.3479  49.8918  38.0287  
10.4875  7.46726  58.3389  
54.2196  32.5238  57.0976  
30.424  54.9624  58.1461  
40.1507  0.968107  6.52633  
53.7183  7.29156  21.7156  
44.6856  12.0273  22.757  
7.8592  20.0891  30.1414  
46.4094  40.0272  30.7188  
24.2084  5.18466  7.60834  
7.33825  46.8027  22.5243  
20.5201  40.4454  9.51023  
19.1896  1.80085  36.8384  
23.7257  30.5623  44.566  
32.6054  36.5618  0.482375  
43.7621  51.3293  34.0912  
55.9627  51.8485  25.5448  
29.5733  50.0705  35.3246  
21.021  34.6799  11.3091  
39.8096  4.08984  30.1032  
52.0188  4.07416  12.9855  
24.2399  58.6091  15.6865  
15.8006  25.4911  19.2273  
3.52971  4.13282  50.4813  
31.2656  10.2361  36.9999  
36.6027  39.4229  3.91358  
10.5089  26.7028  24.033  
15.2377  3.51418  49.7675  
18.0286  36.4272  43.9812  
46.0051  2.64376  11.9271  
0.473975  44.3698  22.9375  
19.0083  51.019  47.8011  
2.16582  23.5151  7.89309  
43.5279  15.9216  54.2584  
35.573  39.3119  50.4234  
39.8365  7.13208  45.2283  
28.9424  14.7056  50.4054  
13.6097  46.0907  4.94102  
8.08044  23.1615  45.4177  
8.50599  39.3599  25.9603  
49.3745  52.9184  23.9284  
3.1674  49.0131  56.9955  
32.0956  57.5548  22.3661  
7.12937  55.014  28.5588  
51.8288  27.3893  38.6414  
8.15257  52.1435  46.5475  
44.3615  54.7817  3.00316  
34.1326  43.4  18.2357  
32.5698  55.336  29.1361  
47.0837  34.788  6.7739  
33.4475  52.4993  44.1681  
48.0638  33.3318  15.7076  
24.5057  38.2459  51.2725  
2.10117  47.361  44.3978  
5.02575  1.68044  34.6602  
47.3545  44.9724  54.2093  
7.65789  35.5481  53.0459  
13.8161  55.233  8.09794  
30.1549  2.3032  11.473  
23.4203  54.7027  50.9986  
54.3245  20.4711  18.6681  
12.6274  7.50387  38.9955  
55.9485  16.448  21.704  
57.9346  55.0713  57.2788  
11.908  37.9899  3.43874  
55.2625  9.62984  38.0636  
27.1952  15.9164  17.6237  
53.4812  56.2847  42.1143  
5.41446  55.7907  12.3873  
3.46488  44.733  40.5761  
1.25728  21.7027  40.9414  
12.2431  15.8354  2.01459  
37.575  1.4544  38.9515  
36.2077  46.5682  37.5681  
11.8811  37.4566  56.2534  
50.5292  16.1746  22.5671  
19.0914  17.1848  32.5791  
35.4041  31.8473  10.4753  
4.89679  53.7322  58.2763  
41.4441  48.9454  23.4685  
7.8177  52.4619  34.3602  
40.5573  38.2094  11.467  
31.3721  47.4725  31.365  
33.0846  4.54495  21.7263  
13.1005  22.5462  35.1346  
57.5408  36.8974  46.0409  
25.4607  19.789  42.0226  
49.3846  58.5734  18.6671  
53.2849  15.8157  50.8414  
37.3332  44.1372  24.0529  
20.0828  55.602  17.6792  
31.7825  49.1248  21.1641  
3.20746  24.6213  16.1634  
27.3543  1.86161  5.10607  
4.92171  16.4846  34.6129  
39.1468  27.503  48.0695  
40.0189  15.2237  15.1147  
19.3719  13.8671  20.5024  
14.7814  25.1346  30.4597  
4.39512  40.6832  14.2548  
4.269  6.32458  55.3183  
0.611058  28.5595  22.5836  
42.984  56.6947  16.7618  
30.982  37.9326  6.39862  
26.656  50.4839  13.5117  
41.5366  47.7538  48.7062  
28.5234  34.8826  26.9878  
2.33838  10.5574  7.67569  
8.76242  19.6082  5.21049  
0.904031  41.8004  57.7134  
25.0315  33.3425  58.8331  
53.2009  33.0446  18.9101  
58.5641  58.0095  41.3595  
29.7479  43.1411  27.9926  
29.2683  17.8208  7.8082  
36.8274  31.6853  22.6368  
58.3681  22.7078  3.14901  
21.6176  22.2392  15.3875  
56.265  54.466  37.0984  
26.7087  51.2568  29.6324  
25.3478  19.2393  12.0831  
41.4962  46.8953  4.19924  
33.5021  33.2504  55.2436  
21.9356  43.9499  29.3018  
40.2105  16.2476  46.7305  
36.7739  24.9495  44.1575  
26.5437  19.8308  22.0951  
36.6976  31.6274  50.6606  
51.4939  10.8126  54.4151  
30.21  0.777276  37.3138  
27.542  54.5245  21.8552  
15.9873  38.7457  14.4561  
52.4336  58.7041  9.09793  
1.26213  55.1988  8.26967  
45.1151  26.8124  41.4014  
38.4975  43.2183  11.8503  
4.25171  29.1295  14.1122  
20.942  38.0256  15.3647  
51.7045  4.90792  58.7395  
46.8736  32.3769  49.7893  
15.2567  11.7465  23.7924  
18.868  3.61728  14.6577  
44.1639  46.2517  45.1045  
12.1349  15.0625  34.0163  
14.7571  45.478  35.6028  
44.2238  40.2814  18.6572  
48.4015  5.09786  45.1451  
31.5122  46.6847  15.2467  
22.926  39.076  21.3162  
13.3845  19.0803  30.9187  
51.078  10.6581  47.3451  
37.0395  52.5918  51.6168  
7.81275  51.0185  13.4033  
19.9594  42.7028  50.9064  
57.2095  19.0635  56.3899  
24.5142  42.7557  48.5776  
2.49292  27.6541  58.6919  
15.9894  15.7626  40.6334  
22.9981  13.5761  9.4203  
29.5257  44.479  23.048  
3.1725  3.01992  27.5383  
41.4521  9.56246  37.9354  
43.9409  2.44595  49.9517  
6.41435  16.0917  8.38058  
35.1439  26.2671  28.1789  
34.9353  14.8676  4.49607  
10.9183  13.146  29.0348  
3.04805  31.2211  18.9829  
39.1811  46.8067  41.8417  
56.4672  35.5915  15.0247  
4.35091  38.8856  41.5082  
32.4126  17.1778  35.1972  
27.52  4.05083  26.9272  
51.63  8.93158  41.5671  
8.86407  37.7643  13.7185  
35.1412  40.5468  9.14328  
27.9452  9.56021  6.53005  
5.34223  1.7759  39.8475  
5.94403  21.612  53.2327  
45.6885  34.7136  19.7775  
58.6019  26.5478  38.8015  
46.3813  10.5268  15.8043  
16.637  12.9801  2.53297  
57.576  24.7588  19.1828  
37.7026  37.5182  55.164  
0.134754  38.9146  35.1121  
47.2884  16.8808  39.1867  
21.6543  44.4268  20.9721  
21.0285  23.1087  38.3965  
36.3235  57.934  58.8277  
28.6367  54.5693  32.7188  
38.1195  7.89001  0.159626  
32.5718  1.46829  26.8364  
11.3241  52.9785  17.0292  
19.2075  30.5386  3.26001  
12.5088  13.0272  43.1692  
8.88158  12.5039  0.0554783  
31.9021  14.136  0.544827  
38.4551  22.4037  31.8855  
43.6491  56.5536  55.0722  
39.9417  39.9751  37.92  
24.8385  47.5621  32.71  
39.2063  23.7393  57.3417  
18.3472  25.9617  13.9996  
53.1278  39.173  49.9121  
58.6351  6.73053  0.329332  
26.2209  33.4379  18.0104  
53.2276  42.8277  33.101  
14.6034  7.86423  1.85627  
50.954  37.1882  45.1638  
33.7113  21.2564  29.1395  
43.1509  55.8339  7.82651  
53.934  28.1148  4.8975  
48.5436  58.3835  49.8984  
35.8936  56.9117  11.7877  
44.3471  8.02994  49.0211  
6.78126  26.9894  8.44573  
12.9684  26.4433  10.1587  
28.7508  9.36936  1.34336  
24.5973  1.09765  58.7397  
22.4718  14.6532  36.1885  
41.823  13.6079  28.2604  
35.0927  47.9255  26.7275  
50.6044  48.5567  8.06654  
42.1041  23.6341  38.9548  
55.5478  9.22506  16.7734  
5.03711  38.5338  18.877  
1.668  58.0742  49.2969  
4.08864  40.2146  3.85401  
52.4544  39.5115  37.2803  
29.2697  39.2683  20.8595  
26.4882  23.8166  8.84188  
6.79334  14.7905  44.0982  
38.5472  17.0431  9.25042  
47.1735  30.038  37.4929  
2.70439  41.5407  31.2952  
46.042  2.73511  26.0985  
37.1384  48.6387  1.89992  
10.0368  32.5256  4.24175  
19.4579  21.4249  54.4893  
51.3047  30.8551  52.7783  
32.4204  43.4198  36.4162  
43.7914  19.0862  27.9936  
35.2514  51.329  56.7065  
32.8099  28.8331  23.7282  
57.9826  18.3252  32.04  
38.8622  12.3316  2.8074  
20.2578  36.9552  53.65  
20.3413  10.4406  27.4152  
19.6745  39.878  26.7109  
36.6801  54.3725  22.8353  
9.44293  43.3132  2.95509  
2.8174  11.3381  45.8447  
40.4134  47.4381  33.9552  
10.8529  11.72  20.8095  
55.6453  55.206  11.1118  
55.6672  53.3335  20.4014  
37.0166  48.8732  20.9247  
16.2002  30.5582  51.4144  
18.5738  53.9671  26.3772  
25.3819  5.51118  41.686  
44.5467  28.4567  3.1086  
1.28935  38.216  27.6754  
28.5231  27.0241  16.1716  
10.3737  15.3033  24.2929  
28.6951  32.7213  37.0085  
12.7534  34.9049  16.1377  
15.6991  40.2882  54.0179  
32.3806  17.5749  43.025  
20.4012  8.18456  14.7791  
46.5309  0.790998  3.02749  
52.3934  16.4098  55.7793  
30.9789  24.5029  6.74895  
46.8949  58.4536  38.6146  
23.4717  52.3941  39.2234  
9.62302  6.70175  22.8564  
13.7555  18.3352  47.5882  
14.6872  33.2188  56.8319  
53.8592  27.1906  48.9387  
15.7365  25.8397  49.635  
1.33751  33.9362  39.0801  
22.129  9.29973  20.0838  
19.4559  56.7889  7.22497  
16.2081  4.689  8.50502  
51.4972  19.7921  43.6894  
21.1222  27.8669  8.09992  
6.86977  47.4755  47.0348  
17.6414  29.6364  21.5782  
37.5564  9.29527  54.2047  
27.8751  40.4137  55.5704  
37.4335  42.1354  57.8944  
7.27693  57.6347  5.17007  
37.1208  35.7526  46.5292  
56.9563  30.1941  16.3335  
24.0194  54.5068  26.036  
13.2263  33.1  31.526  
57.1689  11.8358  3.03089  
3.41594  10.4753  1.84899  
24.7928  27.0694  36.6076  
1.28683  10.5157  21.7494  
24.8791  41.0686  1.80235  
14.5163  49.9245  28.2445  
20.7042  38.7712  36.6135  
5.57277  11.6123  28.9196  
26.9006  44.9181  36.6  
15.7187  45.72  15.0822  
28.9697  14.9612  39.4635  
45.8285  25.7572  16.2109  
36.6527  48.7181  47.4907  
1.29453  15.2342  53.8834  
38.2377  10.0793  20.0944  
55.3488  49.9391  43.0616  
34.713  56.8251  5.18055  
12.146  0.943201  53.545  
12.2447  4.94615  27.2601  
52.713  1.71108  53.9066  
1.51079  49.5787  14.1112  
49.8363  49.4689  43.7747  
32.7636  36.3214  37.8526  
30.5639  51.5983  16.6022  
35.9338  39.2651  23.1394  
49.1891  11.9117  4.16145  
25.4524  34.5113  40.6786  
27.3633  54.55  4.198  
47.2113  36.1605  54.9141  
16.3363  3.19813  57.0957  
36.1629  9.42363  35.9305  
12.1442  51.3727  49.7619  
44.0416  39.7836  1.93306  
41.4489  49.4124  55.8313  
10.364  22.8357  58.3891  
52.7247  40.0881  28.6948  
57.649  13.4084  34.1676  
18.1133  41.6656  4.81448  
34.313  26.4566  10.1381  
33.2924  7.39143  25.5373  
50.2139  29.943  22.2496  
37.2561  16.6321  42.3861  
54.1802  55.4539  52.1767  
10.6308  2.03037  20.5462  
54.3792  58.0501  33.9598  
13.6126  24.4351  44.3827  
7.60957  8.96768  44.6649  
47.4457  29.6527  12.6674  
54.8932  16.4884  9.53696  
18.7896  1.25453  28.8815  
33.6618  19.6704  5.13185  
57.6596  25.4629  30.8239  
48.4897  51.587  38.0823  
52.0003  2.56593  42.008  
51.6814  35.7378  1.75283  
27.4929  8.7074  50.0254  
39.4036  11.557  48.4987  
12.4554  29.8522  42.5067  
25.1612  14.6827  58.8053  
20.0605  16.0179  27.429  
54.6348  32.8995  49.2506  
58.0914  13.4946  17.9491  
40.8977  56.1765  50.3996  
40.8624  36.566  16.0793  
45.4242  49.5809  52.205  
25.9402  14.3087  5.49121  
31.4844  28.5079  34.9834  
56.6107  53.9875  30.6525  
28.2161  26.4837  27.571  
55.4897  35.8027  23.4145  
4.02278  40.4449  50.5541  
9.78193  29.0079  14.5693  
16.5789  13.1423  35.1581  
11.1936  57.0221  43.2798  
8.61755  26.1062  3.69947  
21.7673  19.5813  23.555  
31.9718  9.3559  13.9046  
55.5725  24.373  56.0499  
15.2224  37.3851  9.03448  
27.9701  31.5276  23.1863  
3.78305  47.5177  51.4944  
53.5518  48.636  53.0608  
41.9723  20.9928  20.9127  
43.0107  42.5768  56.3816  
48.3784  42.6081  3.87041  
40.7468  31.4367  18.2828  
47.5678  10.5847  38.158  
20.4811  42.3324  41.4957  
15.3485  10.5837  46.6657  
16.2507  57.1763  22.9758  
43.726  34.4943  2.89688  
17.9709  8.10215  55.7093  
37.6903  46.4452  53.9666  
32.1511  16.725  21.0107  
15.5674  57.2129  38.1212  
40.1465  19.6875  4.21863  
51.2596  53.1348  31.0487  
36.5449  28.8751  4.0123  
36.9307  26.7579  39.0743  
57.5144  58.2867  15.1544  
25.4188  41.4856  40.1802  
27.4669  57.5925  45.2297  
24.6046  36.4269  46.2512  
20.6358  56.6536  45.9998  
50.7223  52.2882  58.6002  
37.7646  18.717  26.8181  
11.6621  43.2994  29.2332  
34.9576  51.7463  6.31866  
2.1939  20.4598  36.3394  
28.3629  16.8442  54.9658  
3.10202  35.0892  2.824  
9.40308  23.6354  50.3009  
55.6199  49.779  8.50779  
0.956131  4.42516  40.2656  
42.6257  54.2312  23.9745  
27.719  55.9158  8.96474  
19.3051  23.0139  31.4155  
18.6727  54.4863  31.6926  
23.252  22.5728  57.9081  
53.0645  19.5738  1.93132  
9.55492  22.4705  10.688  
5.30327  36.3299  8.61524  
48.6779  23.6652  33.112  
15.5771  41.6949  39.334  
47.7135  41.5478  22.8333  
0.812804  9.80782  41.3852  
10.8549  22.3801  19.4668  
0.887605  53.3102  2.89951  
28.493  49.5108  4.45829  
35.7766  5.41156  51.149  
26.4721  39.7268  16.517  
57.8004  23.6934  47.405  
43.1498  6.20769  18.5235  
32.5165  56.0944  15.7336  
32.234  41.0483  41.3286  
56.3613  42.3931  3.14064  
35.6414  47.4358  12.319  
25.3187  18.0808  30.1959  
16.5186  31.4793  14.8478  
32.3612  44.7669  7.75664  
3.58377  1.15437  1.24505  
16.6478  48.1613  0.508233  
44.3056  49.0046  40.4871  
26.9219  10.7883  19.2125  
7.95309  18.4248  56.9001  
0.71832  8.43497  49.6907  
39.7855  28.7971  58.749  
48.5286  41.6928  50.2503  
16.1155  21.5866  14.3975  
29.9583  33.556  50.7173  
6.48502  3.65215  7.90203  
55.8163  40.5568  42.6404  
42.6981  40.1504  48.0729  
45.2092  0.0325036  22.0501  
20.5675  50.0037  23.0979  
17.2089  49.3376  41.0498  
51.8265  20.3686  27.723  
52.6121  39.2846  17.5594  
9.9001  44.4583  9.38083  
27.6777  30.0452  11.4473  
0.381876  44.1255  53.1597  
14.2014  18.2033  6.87761  
42.4384  43.1674  25.9569  
32.1141  3.33271  54.3876  
37.1804  4.85084  18.2957  
1.016  29.9531  42.1427  
1.78717  49.7845  25.3053  
44.8112  8.81637  58.2647  
46.1571  44.8567  37.6072  
52.9155  27.4717  33.3176  
56.1687  9.75047  46.3492  
44.8404  21.1377  11.204  
28.0166  39.6247  32.3599  
20.4862  47.6687  6.74462  
43.0393  54.8296  45.5983  
33.1908  6.59652  0.113896  
47.4394  4.68889  7.3122  
1.37763  5.28709  34.8366  
29.3245  36.9781  12.1233  
32.5807  46.5086  2.99563  
35.2374  23.8422  2.04191  
58.4954  53.8433  45.0105  
19.0826  2.49097  19.7534  
16.9164  46.7044  20.9739  
56.6327  9.38804  26.342  
23.6738  47.3688  50.4604  
17.3567  56.4017  50.1982  
12.1681  10.6234  7.92704  
6.6794  20.6085  15.7796  
17.3196  36.7747  33.5369  
30.5653  51.3792  9.97917  
10.6185  34.8314  41.0727  
51.7735  24.9207  22.8951  
41.5172  15.4767  20.9483  
24.7714  8.67178  45.6985  
1.70763  17.7695  7.86788  
9.1483  32.461  22.9587  
40.8097  9.255  7.77419  
53.9191  1.02846  20.8331  
29.2434  32.2878  3.69156  
58.1894  42.7681  38.4429  
16.3369  55.0176  14.4581  
30.8541  19.508  14.4959  
19.3665  29.7368  41.5679  
49.2856  27.3474  46.3722  
21.652  18.5413  46.0004  
29.6958  6.55611  18.1165  
48.2301  14.9814  17.8907  
57.6019  41.7306  8.07454  
38.3225  0.0598826  27.1124  
32.3714  3.23395  5.08745  
53.6522  21.7993  33.0218  
25.8905  39.1197  27.1919  
24.6331  39.1598  6.51254  
2.84309  52.6651  49.8854  
19.9266  5.70388  48.4876  
9.83548  57.1138  0.662664  
10.1705  28.8484  33.6575  
22.4279  1.78384  25.1861  
34.1354  44.9747  49.6351  
55.158  34.3997  37.7916  
18.6252  19.9933  19.4001  
36.2824  30.5012  33.5473  
33.8397  27.2274  51.4283  
52.0264  39.2179  5.66103  
44.9427  8.2984  42.5115  
6.61675  31.1397  54.8955  
36.9446  39.6335  42.4147  
9.25544  47.5768  57.9987  
3.95785  19.7315  3.29699  
47.0381  13.8986  58.4788  
45.6016  38.2956  44.363  
52.0971  42.3751  9.83639  
20.6641  2.41332  9.98864  
56.6253  43.3472  18.8797  
54.6393  4.45931  49.3001  
3.50044  13.7244  39.4109  
32.5169  12.7685  32.2687  
7.27206  22.1033  38.2802  
47.1864  11.2835  31.1579  
42.0899  2.33124  55.0655  
41.5603  21.6054  43.7899  
48.6902  17.1423  32.9225  
29.531  21.4742  35.285  
53.4051  1.31276  3.8847  
50.342  37.0365  21.6476  
55.0187  44.0769  50.7414  
31.1544  50.2767  51.085  
14.8431  13.8706  17.2624  
52.034  47.5384  17.7993  
19.1147  17.9543  11.2654  
7.02828  4.33695  14.7301  
2.82413  5.48322  11.231  
7.85976  47.2752  31.1129  
33.9338  30.8263  17.7476  
22.4849  27.7359  57.8792  
30.0985  38.58  49.0181  
19.932  24.2219  43.4551  
5.6644  49.3196  18.363  
7.69985  20.3786  24.5891  
5.96906  31.8825  27.1585  
21.0297  32.4443  50.3973  
4.16584  6.91975  24.0778  
10.8536  5.12475  45.1862  
7.58757  31.1983  37.8972  
13.8905  28.2333  57.3407  
46.0601  5.19337  35.7715  
52.7299  9.80869  0.799815  
28.75  56.35  49.9005  
43.2988  33.6315  26.2797  
57.2378  49.2048  3.42995  
35.8764  55.3264  40.675  
43.438  31.9269  10.1457  
9.83355  15.5391  50.1305  
55.052  26.8957  26.6895  
34.6622  42.3113  30.4659  
55.9966  10.5496  10.7087  
23.9909  52.1532  45.749  
35.4251  6.10676  41.208  
56.8015  19.4695  44.4585  
11.7169  50.5866  3.2152  
16.9097  24.5417  7.35249  
21.3309  13.9661  40.9282  
22.3943  28.051  51.9944  
11.0564  57.5375  24.6516  
