0  0  0.000404925  0.000404605  0.00107648
0  1  0.000232997  0.000232896  0.000544779
0  2  0.000141277  0.000141261  0.000319736
0  1.49039  2.84612  4.27503
1  0  0.000411715  0.000411364  0.00108606
1  1  0.00023442  0.000234338  0.000553303
1  2  0.000140176  0.000140118  0.000322301
1  1.48912  2.7679  4.27503
2  0  0.000406393  0.000406099  0.00108184
2  1  0.000228479  0.000228318  0.000544762
2  2  0.000134915  0.000134848  0.000313415
2  1.48922  2.74856  4.27503
3  0  0.000400636  0.000400392  0.00107062
3  1  0.000224735  0.000224559  0.000536098
3  2  0.000131756  0.00013172  0.000307025
3  1.49041  2.78585  4.27503
4  0  0.00038496  0.000384681  0.00103445
4  1  0.000215761  0.000215658  0.000515425
4  2  0.000126366  0.000126344  0.000295193
4  1.49147  2.85446  4.27503
5  0  0.000383602  0.000383538  0.00103818
5  1  0.000215595  0.000215492  0.000518685
5  2  0.00012637  0.000126314  0.000298671
5  1.49084  2.91866  4.27503
6  0  0.000381606  0.000381553  0.00102342
6  1  0.000214324  0.00021424  0.000513734
6  2  0.000125399  0.000125363  0.00029567
6  1.48738  2.94787  4.27503
7  0  0.000382978  0.000382894  0.00102085
7  1  0.000215864  0.000215795  0.000518012
7  2  0.00012652  0.000126473  0.000299024
7  1.48089  2.92979  4.27503
8  0  0.000386412  0.000386191  0.00101939
8  1  0.000217866  0.000217849  0.00051902
8  2  0.000127292  0.000127298  0.000298993
8  1.47251  2.87596  4.27503
9  0  0.000371264  0.000370982  0.00098963
9  1  0.000208678  0.00020863  0.000496051
9  1.46441  2.81624  4.27503
10  0  0.000350013  0.000349667  0.000957222
10  1  0.000193835  0.00019379  0.000463658
10  1.45889  2.78376  4.27503
11  0  0.000341466  0.000341245  0.000941691
11  1  0.000188783  0.000188754  0.000451947
11  1.45747  2.79892  4.27503
12  0  0.000333156  0.000332982  0.000940002
12  1  0.000180006  0.000179961  0.000437114
12  1.46016  2.86007  4.27503
13  0  0.000350871  0.000350733  0.000979961
13  1  0.000187726  0.000187705  0.000456619
13  1.46546  2.94363  4.27503
14  0  0.000354179  0.000353869  0.000987745
14  1  0.000190206  0.000190105  0.000462936
14  1.47089  3.0141  4.27503
15  0  0.000322129  0.00032205  0.000933635
15  1  0.00016841  0.000168399  0.000419282
15  1.47401  3.04035  4.27503
16  0  0.000326719  0.000326458  0.000963909
16  1  0.000164908  0.000164931  0.000422457
16  1.47346  3.01015  4.27503
17  0  0.000324667  0.000324731  0.000964564
17  1  0.000162362  0.000162294  0.000419734
17  1.46932  2.9354  4.27503
18  0  0.000308196  0.000308161  0.000946204
18  1  0.000149758  0.000149781  0.000397052
18  1.46297  2.84605  4.27503
19  0  0.000312963  0.000313233  0.000949225
19  1  0.000155757  0.00015569  0.000404758
19  1.45633  2.77741  4.27503
20  0  0.000308522  0.000308564  0.000941673
20  1  0.00015264  0.000152641  0.00039774
20  1.45095  2.75425  4.27503
21  0  0.000296507  0.000296508  0.000922316
21  1  0.00014429  0.000144344  0.000381289
21  1.44734  2.77979  4.27503
22  0  0.000287465  0.0002872  0.000906183
22  1  0.000137639  0.000137662  0.000368968
22  1.44492  2.83606  4.27503
23  0  0.000279093  0.000278978  0.000874418
23  1  0.000136845  0.000136794  0.00035976
23  1.44257  2.89404  4.27503
24  0  0.000270036  0.000270158  0.000853363
24  1  0.000128103  0.00012807  0.00034471
24  1.43927  2.92704  4.27503
25  0  0.000251059  0.000251342  0.000806742
25  1  0.000118766  0.000118697  0.000322022
25  1.43451  2.92158  4.27503
26  0  0.000268959  0.000268995  0.000829731
26  1  0.000131544  0.000131462  0.000346221
26  1.42859  2.88316  4.27503
27  0  0.000275484  0.000275479  0.000850915
27  1  0.000133376  0.000133325  0.000353351
27  1.42255  2.83369  4.27503
28  0  0.000273055  0.000272915  0.000860801
28  1  0.000126984  0.000126912  0.000348718
28  1.41769  2.80124  4.27503
29  0  0.000277006  0.000276702  0.000872446
29  1  0.000129598  0.000129469  0.000353901
29  1.41507  2.80699  4.27503
30  0  0.000264685  0.000264132  0.000858105
30  1  0.000120789  0.000120717  0.000337207
30  1.41489  2.8557  4.27503
31  0  0.000264572  0.000264371  0.000859177
31  1  0.000121854  0.000121775  0.000338993
31  1.4164  2.93264  4.27503
32  0  0.000260851  0.000260674  0.000851582
32  1  0.000120225  0.00012008  0.000337054
32  1.41799  3.00942  4.27503
33  0  0.000267359  0.000267145  0.000865012
33  1  0.000122825  0.000122757  0.000344164
33  1.41797  3.05697  4.27503
34  0  0.000272511  0.000272357  0.000878739
34  1  0.000126596  0.000126427  0.000352413
34  1.41531  3.05962  4.27503
35  0  0.000256762  0.000256364  0.000839689
35  1  0.000120595  0.000120597  0.000332237
35  1.41011  3.02158  4.27503
36  0  0.000253749  0.000253447  0.000842435
36  1  0.000118561  0.00011853  0.000328726
36  1.40347  2.96342  4.27503
37  0  0.000256811  0.000256708  0.000849469
37  1  0.000121343  0.000121257  0.000332944
37  1.39697  2.91196  4.27503
38  0  0.000259779  0.00025959  0.000856786
38  1  0.000123302  0.000123244  0.000336743
38  1.392  2.88744  4.27503
39  0  0.0002551  0.000254749  0.000853657
39  1  0.000116715  0.000116709  0.000327224
39  1.38906  2.89403  4.27503
40  0  0.000266336  0.000266217  0.000867493
40  1  0.000126896  0.000126886  0.000344815
40  1.38778  2.91943  4.27503
41  0  0.0002742  0.000274205  0.00088246
41  1  0.000129768  0.000129716  0.000353511
41  1.38737  2.94375  4.27503
42  0  0.000273851  0.000273753  0.000872513
42  1  0.000131493  0.000131316  0.000355051
42  1.38708  2.94985  4.27503
43  0  0.000269927  0.000269906  0.000864947
43  1  0.000129393  0.000129276  0.000347833
43  1.38647  2.92966  4.27503
44  0  0.000281877  0.000281644  0.000885111
44  1  0.000134885  0.000134837  0.000363365
44  1.3856  2.88682  4.27503
45  0  0.000275757  0.000275549  0.000881403
45  1  0.00012939  0.000129419  0.000353805
45  1.38499  2.83545  4.27503
46  0  0.000263936  0.000263811  0.000862159
46  1  0.000122127  0.000122121  0.000337371
46  1.3855  2.79499  4.27503
47  0  0.000265229  0.000265204  0.000876777
47  1  0.000121632  0.000121717  0.000338922
47  1.38797  2.78234  4.27503
48  0  0.000260623  0.000260606  0.000875299
48  1  0.000119591  0.000119526  0.000333859
48  1.39266  2.80368  4.27503
49  0  0.000250591  0.000250636  0.000852685
49  1  0.000115148  0.000115077  0.000321577
49  1.39899  2.85062  4.27503
50  0  0.000253205  0.000253136  0.000850316
50  1  0.000116473  0.000116477  0.000324501
50  1.40565  2.90356  4.27503
51  0  0.000255519  0.000255456  0.000851147
51  1  0.000119885  0.000119877  0.000328818
51  1.411  2.94073  4.27503
52  0  0.000255056  0.00025527  0.000853871
52  1  0.00012038  0.000120404  0.00032921
52  1.41377  2.94816  4.27503
53  0  0.000258498  0.000258801  0.00085445
53  1  0.000126978  0.000126933  0.000334969
53  1.41352  2.9256  4.27503
54  0  0.000256291  0.000256151  0.000846112
54  1  0.000126035  0.000126018  0.000330355
54  1.41076  2.88599  4.27503
55  0  0.000273398  0.000273243  0.000877819
55  1  0.000137808  0.000137711  0.000355252
55  1.4067  2.84934  4.27503
56  0  0.000259281  0.00025922  0.000858803
56  1  0.000127409  0.000127359  0.000334006
56  1.40267  2.83239  4.27503
57  0  0.000262503  0.00026245  0.000876543
57  1  0.000127001  0.000126946  0.000336503
57  1.3994  2.83874  4.27503
58  0  0.000266938  0.000266584  0.000893982
58  1  0.000126665  0.000126657  0.000341606
58  1.39676  2.85724  4.27503
59  0  0.000276015  0.00027574  0.000908944
59  1  0.00013158  0.000131561  0.000354801
59  1.39428  2.871  4.27503
60  0  0.000271656  0.000271421  0.000899175
60  1  0.000127246  0.000127199  0.000348383
60  1.39173  2.8685  4.27503
61  0  0.000284249  0.00028388  0.000928321
61  1  0.000135262  0.000135256  0.000364722
61  1.38935  2.84821  4.27503
62  0  0.00029172  0.000291553  0.000942582
62  1  0.000140506  0.000140316  0.000374901
62  1.3878  2.81682  4.27503
63  0  0.000295062  0.000294848  0.000945032
63  1  0.000143609  0.000143467  0.00038004
63  1.38762  2.78466  4.27503
64  0  0.000285782  0.000285446  0.000930178
64  1  0.000136439  0.000136483  0.000366083
64  1.389  2.76147  4.27503
65  0  0.000279302  0.000278944  0.000925657
65  1  0.000129536  0.000129499  0.000356716
65  1.3918  2.75341  4.27503
66  0  0.000280358  0.000279812  0.000936278
66  1  0.000129023  0.000128941  0.000357489
66  1.39554  2.76169  4.27503
67  0  0.000285096  0.000284636  0.000937894
67  1  0.000132232  0.000132138  0.0003636
67  1.3996  2.78272  4.27503
68  0  0.000287637  0.000287022  0.00093958
68  1  0.000134317  0.00013427  0.000366801
68  1.40328  2.80932  4.27503
69  0  0.000290881  0.000290588  0.00094985
69  1  0.000135956  0.000135931  0.000372026
69  1.40594  2.83301  4.27503
70  0  0.000276199  0.000275906  0.000923316
70  1  0.000126862  0.000126727  0.000352437
70  1.40706  2.84751  4.27503
71  0  0.000269692  0.000269458  0.000921319
71  1  0.00011992  0.000119715  0.000342114
71  1.40639  2.85164  4.27503
72  0  0.000262043  0.000262087  0.000900636
72  1  0.000115743  0.000115648  0.000332864
72  1.40424  2.85018  4.27503
73  0  0.000269412  0.000269485  0.000915764
73  1  0.000121734  0.000121742  0.000345951
73  1.40133  2.8521  4.27503
74  0  0.000266755  0.000266479  0.000896421
74  1  0.00012343  0.000123393  0.000342696
74  1.39858  2.86493  4.27503
75  0  0.000272382  0.000272306  0.000902399
75  1  0.000128094  0.000128032  0.000350271
75  1.39655  2.88842  4.27503
76  0  0.000277446  0.000277438  0.000920634
76  1  0.000129428  0.000129337  0.000356111
76  1.3952  2.91276  4.27503
77  0  0.000284537  0.000284536  0.000940188
77  1  0.000131066  0.000131028  0.000364293
77  1.39425  2.92476  4.27503
78  0  0.000296222  0.000296079  0.00095017
78  1  0.000140417  0.000140378  0.00038146
78  1.39369  2.9177  4.27503
79  0  0.000299725  0.000299435  0.000956447
79  1  0.000142712  0.000142668  0.00038769
79  1.39408  2.89572  4.27503
80  0  0.000294688  0.000294582  0.000955081
80  1  0.00013826  0.000138214  0.000379433
80  1.39617  2.86981  4.27503
81  0  0.000305145  0.000305164  0.000977266
81  1  0.000145641  0.000145655  0.000394959
81  1.40044  2.85029  4.27503
82  0  0.000315747  0.000315603  0.000997275
82  1  0.000153006  0.000152958  0.000411584
82  1.40667  2.84211  4.27503
83  0  0.000307654  0.000307683  0.000978847
83  1  0.00014673  0.000146748  0.000400323
83  1.41412  2.84386  4.27503
84  0  0.000306673  0.000306652  0.000983342
84  1  0.000145182  0.000145129  0.000398737
84  1.42182  2.85044  4.27503
85  0  0.000312131  0.000312198  0.000987184
85  1  0.000148391  0.000148378  0.000406556
85  1.4289  2.85664  4.27503
86  0  0.000303878  0.000303845  0.000962474
86  1  0.000144837  0.000144816  0.000394354
86  1.43477  2.85984  4.27503
87  0  0.000305732  0.000305621  0.000976437
87  1  0.000144047  0.000144059  0.000396597
87  1.43914  2.86047  4.27503
88  0  0.000283323  0.000283213  0.000922762
88  1  0.000129272  0.000129329  0.000364368
88  1.44177  2.86049  4.27503
89  0  0.000272031  0.000271914  0.000903061
89  1  0.000121575  0.000121526  0.000349393
89  1.44252  2.86238  4.27503
90  0  0.000277731  0.000277706  0.000919384
90  1  0.000126397  0.00012634  0.000359054
90  1.44132  2.86893  4.27503
91  0  0.00028407  0.000284077  0.000924335
91  1  0.000132717  0.000132628  0.000367939
91  1.43846  2.88309  4.27503
92  0  0.000276173  0.000276341  0.000907434
92  1  0.000130067  0.000130011  0.000359324
92  1.4345  2.90581  4.27503
93  0  0.000260493  0.00026038  0.000880068
93  1  0.000119349  0.000119312  0.000337106
93  1.42995  2.93281  4.27503
94  0  0.000249223  0.000249428  0.000861065
94  1  0.000110905  0.000110921  0.000320985
94  1.42511  2.95403  4.27503
95  0  0.00025969  0.000259951  0.000890795
95  1  0.000116863  0.000116821  0.000334753
95  1.42016  2.95891  4.27503
96  0  0.000272335  0.000272706  0.000908398
96  1  0.000125216  0.000125132  0.00035304
96  1.41547  2.94384  4.27503
97  0  0.000261042  0.000261212  0.000902356
97  1  0.000115234  0.000115187  0.000335787
97  1.41173  2.91515  4.27503
98  0  0.000262956  0.000263297  0.000912398
98  1  0.000115775  0.000115771  0.000338987
98  1.40981  2.88525  4.27503
99  0  0.000249038  0.000249134  0.000889443
99  1  0.000105848  0.000105943  0.000317317
99  1.41028  2.8654  4.27503
