0  58.8778  0 
0  58.8778  1 
0  58.8778  2 
36.7769  32.3086  38.3445  
30.2661  51.4863  25.6749  
44.5933  0.826101  43.485  
45.3642  53.2522  13.1246  
4.9836  42.0161  22.4307  
7.76111  52.5385  5.31839  
44.6883  29.422  20.8219  
39.7571  40.7228  29.6471  
48.086  3.92573  16.6921  
17.2806  19.9883  43.4577  
51.2075  2.85287  36.4233  
17.9547  32.178  37.4257  
19.1914  14.3352  49.1116  
29.4437  5.64921  34.6244  
36.0293  24.9395  18.996  
7.85919  2.25699  29.75  
1.62656  37.7045  54.3386  
4.40998  9.16262  15.865  
12.7195  35.5811  26.7961  
36.0064  3.18268  13.2837  
2.60531  46.5822  29.8419  
10.8405  58.5191  34.9482  
38.3388  51.0304  16.0169  
32.6532  8.19953  47.409  
42.1086  34.158  44.3324  
11.7377  47.086  52.6328  
18.3398  9.11765  32.1632  
44.146  21.8072  58.4658  
44.0588  29.7994  53.5066  
20.2589  22.1716  49.698  
39.5301  1.99744  45.6678  
57.4395  6.77053  5.43058  
32.8104  7.13951  30.66  
57.7124  16.7156  2.40545  
12.8998  49.4866  11.7898  
29.2327  18.8678  26.9197  
16.9983  35.6202  1.96813  
25.5047  47.5275  8.26046  
21.0009  32.044  17.5786  
30.4032  28.0232  46.9676  
31.1542  23.9677  23.3336  
44.5366  14.0945  42.4217  
12.3096  41.8771  16.9478  
38.2715  8.90343  27.3615  
58.4689  48.8305  18.7521  
50.7267  31.3214  27.2998  
39.6812  19.9077  13.3087  
52.3733  47.7298  27.7901  
0.324142  35.3816  19.7249  
1.31907  56.1232  20.2777  
47.8128  32.5065  0.020522  
23.3809  47.2971  16.5679  
3.07906  16.7548  29.1593  
50.7115  39.0759  56.6556  
43.0197  48.1504  9.7808  
47.4262  50.2473  4.44757  
19.1214  1.0296  2.68974  
12.8537  44.8358  42.2985  
37.8916  55.0158  35.2064  
16.9747  41.149  46.0107  
11.3703  35.4438  49.0242  
7.27211  29.1537  45.2747  
16.6537  46.7816  48.4752  
14.1402  28.934  37.3091  
6.48234  26.301  27.5002  
41.5184  18.3745  32.579  
16.4307  45.8116  30.6314  
45.3344  6.5813  30.9689  
6.84315  42.4976  35.5228  
3.76747  15.3644  22.2755  
13.0157  8.19484  31.3854  
48.6963  20.74  20.7895  
49.7882  20.1941  13.1266  
10.7146  2.47722  40.2028  
51.9403  22.198  8.36173  
15.0263  23.513  1.6469  
12.77  52.2448  32.873  
7.58943  28.3317  19.9109  
17.0077  52.3178  35.9462  
32.3588  7.11344  8.94161  
49.3992  9.3094  24.4725  
30.2754  29.0176  55.2451  
14.3227  22.9425  25.6661  
24.6356  6.28492  58.5281  
14.4795  40.3562  24.8233  
11.8885  44.3515  21.6114  
47.8371  36.4474  27.1708  
55.9203  46.3059  35.8854  
21.2126  45.4864  2.23208  
55.12  20.2501  37.6426  
32.9592  24.6199  14.914  
52.2527  7.44809  6.60313  
19.3862  8.87104  44.011  
8.86421  1.96515  49.3093  
32.2834  12.2762  44.0601  
20.8554  49.0203  36.0773  
24.5746  46.9055  24.9591  
32.6276  10.91  55.4693  
43.0132  24.9744  51.9009  
56.3392  45.1647  45.5199  
1.98875  56.3354  32.7621  
13.1635  57.1797  30.3993  
3.04485  31.6506  34.5937  
5.82134  40.6664  45.9639  
32.8144  33.4414  44.9617  
55.1552  37.0924  53.95  
40.5684  53.7291  58.5843  
44.5648  18.4393  16.8864  
36.4804  18.7957  37.8042  
8.01129  31.9705  9.61764  
8.48911  42.4541  53.832  
35.9806  21.1052  22.4919  
45.6278  15.3406  8.56364  
7.71881  11.9451  5.71613  
2.43686  22.5528  27.8263  
6.32552  47.3827  5.75186  
24.2098  29.4787  27.1373  
26.2215  13.4214  43.4027  
42.9689  46.8461  14.592  
2.04074  45.61  8.48919  
54.7781  13.4571  28.6321  
46.3744  47.1438  25.6252  
47.0547  48.7349  30.2475  
37.4953  55.7789  17.8353  
28.52  18.0087  46.7345  
8.11603  36.2727  45.117  
17.796  38.4155  20.8634  
23.9873  8.7612  37.8258  
4.56234  19.6647  45.0234  
35.9511  10.6498  8.17338  
29.1705  0.62991  17.468  
29.4926  10.9538  24.1246  
10.3637  50.7883  40.5791  
37.6912  54.1572  30.2801  
30.2216  8.0275  41.4542  
45.146  8.88998  4.26893  
37.6986  35.542  31.6066  
34.3995  13.9825  50.041  
49.9944  56.574  27.1881  
54.7602  29.1186  42.7335  
20.1439  4.42243  32.9067  
16.1578  13.9999  8.47827  
50.0837  13.0142  9.51653  
25.001  24.4405  18.8451  
7.47817  10.6181  49.6084  
16.8892  5.18669  23.9436  
44.3889  56.7064  29.1921  
26.6834  14.4677  33.6417  
31.8176  30.3872  40.9586  
28.3804  43.9434  44.5714  
33.3571  54.8306  48.5746  
53.2852  33.0426  9.13182  
29.2935  36.8851  43.5318  
47.6723  3.1804  56.7603  
57.3818  3.73158  54.4001  
0.477929  5.78736  17.4806  
2.41426  26.5311  34.4742  
49.4257  36.6946  33.7745  
41.8542  42.3583  33.9322  
0.215479  1.07506  5.82518  
51.893  23.9235  52.3375  
9.80667  16.129  13.8445  
6.91738  12.9432  17.6923  
45.693  39.4825  10.9922  
56.3168  5.3265  43.7043  
29.7774  19.7475  1.69298  
16.6368  52.4172  56.8699  
25.6106  9.54497  54.5552  
50.6089  5.374  27.8524  
23.2703  41.7034  33.5861  
21.0125  9.95771  51.1243  
52.9927  56.9649  58.5468  
3.66167  52.18  42.3203  
28.9974  54.2608  40.449  
22.636  43.8828  55.8937  
25.5773  6.46896  14.1949  
34.269  51.2597  37.3217  
42.1494  38.1164  23.4613  
52.4057  6.9861  33.1142  
30.2127  41.1739  2.20318  
54.093  47.8357  58.3008  
0.967152  43.964  14.6044  
49.0962  54.5097  46.335  
32.5717  22.4487  47.2427  
14.5567  0.74758  12.711  
10.5307  17.4491  38.8666  
38.3595  16.0404  55.5093  
22.1731  3.7155  52.7031  
42.4032  36.4124  51.9924  
25.9714  31.7507  54.059  
5.78961  11.1217  54.4356  
9.18999  11.6596  38.2321  
48.4326  41.4882  14.8579  
57.4302  32.5851  5.56542  
37.4935  0.477153  52.519  
26.8168  11.19  12.1043  
49.2464  18.9769  5.29519  
6.17082  54.1088  20.2994  
48.2463  44.6423  32.6996  
41.274  35.2083  39.2556  
16.4438  45.5181  54.5421  
42.8494  10.4605  53.6319  
42.5152  4.34553  39.0055  
56.5777  4.2027  10.386  
33.9233  58.3635  33.6409  
42.6862  12.1401  11.7657  
12.1682  54.1115  54.3902  
13.3659  10.5191  54.7006  
48.5298  15.6379  45.8329  
32.7892  42.7988  55.2682  
21.7386  27.2758  23.2061  
31.4389  32.7586  13.4886  
20.7692  55.7211  58.5738  
33.804  39.4211  14.0436  
24.0091  33.2047  30.8119  
8.6726  37.1633  36.406  
18.9488  9.77973  9.2679  
16.3285  32.4627  9.74228  
49.7912  8.76031  12.3026  
19.9645  6.70075  4.30031  
43.8222  27.5806  25.5282  
10.3869  39.648  7.83215  
55.6449  40.8635  24.5314  
33.7213  17.8737  54.2343  
21.7042  19.1609  6.81246  
24.7549  19.4276  37.0852  
18.5111  16.5354  53.638  
28.3189  49.0402  46.7583  
20.4899  45.4707  12.8199  
32.1074  14.0926  27.2652  
17.3682  29.8086  30.8624  
14.0431  23.6281  54.0231  
14.5445  30.7697  25.4355  
9.68032  57.804  9.91122  
52.4153  27.8803  58.3098  
30.8638  30.6936  29.1488  
50.8289  51.9087  12.6376  
27.6318  22.524  49.6296  
51.0268  24.4913  15.8025  
26.9212  44.3927  13.9205  
9.76861  5.55022  34.3978  
47.8965  54.2618  53.1316  
25.844  24.303  31.8355  
56.2285  25.7531  9.38659  
19.5347  34.5703  28.8219  
12.5534  52.4676  22.4599  
45.3599  47.4273  0.650384  
34.2142  33.7247  5.46601  
54.1355  1.01992  26.1683  
21.1743  2.81162  44.4926  
55.4151  58.5357  48.196  
42.808  6.8303  24.8976  
27.9863  21.9244  55.2094  
5.46366  8.96851  33.8548  
2.30206  17.037  14.3008  
2.13805  20.4043  49.6533  
43.0791  15.406  3.61496  
56.99  10.4928  53.6817  
25.17  53.4583  55.64  
56.8574  20.7052  13.086  
25.3669  4.36821  31.3505  
4.06979  12.5409  11.7122  
20.2424  58.191  53.7229  
46.8008  27.4304  57.3733  
49.5351  5.81064  50.7472  
23.9403  57.0507  30.5481  
39.0901  49.3643  28.8763  
49.8581  24.3389  41.9284  
10.8184  36.572  20.6146  
18.4532  50.4021  10.9793  
40.5209  52.3933  42.0465  
43.8357  56.5096  35.2769  
33.0228  38.4226  33.2564  
5.9342  56.955  46.4911  
4.92933  0.498678  17.8079  
21.8596  17.105  16.8737  
11.3256  5.50868  10.2868  
0.79323  18.3894  24.8079  
23.6452  7.11384  24.9737  
43.5054  13.8374  35.119  
10.7721  0.18826  16.0753  
40.1029  28.0771  8.14005  
10.5196  28.8915  52.0068  
15.7305  8.64804  19.38  
49.896  14.2529  27.3338  
36.786  14.0652  24.1779  
32.9976  22.8301  39.2353  
43.2207  23.8246  6.20294  
1.9153  31.6091  51.2762  
24.2516  25.7862  47.4188  
37.9754  11.6797  41.569  
47.7398  20.5166  55.0132  
40.0771  1.9169  22.2605  
49.8576  27.3594  8.08496  
44.5127  33.8592  35.0897  
57.5039  5.64244  30.1031  
9.49021  49.8021  26.7283  
50.592  44.0759  58.2986  
50.3099  36.364  11.6786  
12.2131  38.8974  32.9288  
45.4646  48.1851  19.2401  
12.9738  40.4233  49.6185  
33.012  11.7586  18.9488  
0.0167184  58.7561  24.8158  
47.0887  23.2019  27.6055  
48.9097  44.3296  45.5741  
29.9904  3.35274  46.032  
26.5823  27.527  3.60921  
12.7873  15.9426  54.5728  
58.6015  15.7953  48.2366  
25.201  21.1713  3.61015  
14.2724  18.1587  20.6321  
15.1827  32.8507  46.6354  
12.2962  8.04575  50.2643  
3.93783  15.5058  58.5905  
20.1007  50.0438  53.5469  
40.3218  25.3463  15.0263  
42.8153  30.5572  30.9251  
25.7186  34.3438  8.41134  
36.6054  19.1288  49.245  
50.7759  53.5055  18.2386  
48.62  41.575  41.3473  
19.1907  23.7438  26.3703  
10.075  43.6475  46.449  
44.8483  20.5579  36.1402  
6.45911  5.97667  2.81943  
48.3322  23.7247  3.79046  
52.7257  32.8478  33.2099  
58.4201  51.1366  53.8373  
23.9075  51.6859  18.8672  
36.1121  4.78821  33.6411  
0.681616  26.7751  53.3101  
21.7913  47.8365  42.4307  
27.6318  48.5248  41.6535  
7.7585  55.5156  38.7506  
3.31559  33.4949  46.3239  
13.8362  0.462812  3.74288  
7.06054  24.3352  32.2284  
17.6437  19.5718  3.31583  
0.655851  49.4246  33.9481  
40.7347  42.1238  5.95705  
38.9194  52.7142  10.0961  
2.56342  0.170511  55.5248  
51.095  13.019  35.876  
30.9237  47.662  56.2306  
1.25192  38.3768  11.4346  
16.0005  24.541  39.2197  
53.0877  51.746  48.8925  
39.0846  32.1359  55.2577  
21.0222  9.76582  0.410697  
57.1372  15.7322  39.0399  
33.4656  34.9676  26.1343  
2.86477  25.5344  44.5857  
23.8548  54.1821  11.5546  
21.7671  30.3755  34.4177  
7.22008  26.4098  40.7307  
22.099  52.3464  5.39234  
12.4445  11.5015  13.3043  
28.7677  23.1816  43.4163  
47.7338  29.3227  31.2476  
20.1407  15.6147  58.6241  
55.4398  33.2064  28.5207  
21.6577  37.0779  58.7927  
0.933817  32.9603  57.2478  
53.4517  28.4958  12.8679  
5.83328  55.9002  52.4323  
18.3504  5.96955  39.2269  
52.3664  14.8807  15.0254  
54.4672  46.4386  12.8761  
5.33762  35.4034  31.1451  
39.9361  24.2804  27.0857  
46.6279  44.3087  8.28588  
27.531  27.9527  41.1323  
34.5964  36.825  18.8573  
14.1473  29.5433  5.57067  
40.1125  26.8438  34.2401  
2.44634  55.2484  27.5632  
34.6329  0.624838  46.5674  
6.17807  31.5897  1.26158  
4.21301  24.1635  22.1689  
0.543731  31.1196  10.3594  
16.2591  55.3926  42.9441  
7.43049  45.3545  13.892  
40.0003  35.9866  6.14801  
55.0158  13.9835  43.3843  
23.9231  57.5848  37.6349  
11.9433  6.40881  15.3757  
34.1165  17.9539  11.1352  
4.33083  49.1927  37.5604  
1.24469  32.7603  25.7432  
38.0732  11.8671  31.5839  
10.1562  46.3625  37.427  
15.9184  1.95795  45.1308  
15.3924  36.1385  39.2127  
35.3223  13.7221  13.0626  
40.4814  3.36995  0.872014  
45.466  23.7168  46.6287  
38.445  42.9196  45.8117  
51.9759  44.6811  22.3345  
42.5307  43.0438  40.9029  
43.8326  29.6901  45.6325  
25.6377  48.3781  57.9013  
15.1645  17.6325  26.1488  
7.95447  2.87812  56.7886  
50.6583  32.0501  43.9284  
39.527  30.44  13.276  
40.3356  4.2765  10.7595  
49.6295  34.1913  39.6939  
39.4866  42.2356  16.9261  
30.6573  25.1183  58.6351  
47.6151  57.1902  10.207  
27.7916  42.4863  9.1002  
3.2087  45.5027  2.23724  
33.2325  57.072  54.2343  
49.9338  20.5876  49.0029  
45.0791  17.0245  49.3671  
13.718  50.5389  44.4233  
27.4134  2.69926  51.3141  
37.6456  23.0077  52.4751  
53.3479  49.8918  38.0287  
10.4875  7.46726  58.3389  
54.2196  32.5238  57.0976  
30.424  54.9624  58.1461  
40.1507  0.968107  6.52633  
53.7183  7.29156  21.7156  
44.6856  12.0273  22.757  
7.8592  20.0891  30.1414  
46.4094  40.0272  30.7188  
24.2084  5.18466  7.60834  
7.33825  46.8027  22.5243  
20.5201  40.4454  9.51023  
19.1896  1.80085  36.8384  
23.7257  30.5623  44.566  
32.6054  36.5618  0.482375  
43.7621  51.3293  34.0912  
55.9627  51.8485  25.5448  
29.5733  50.0705  35.3246  
21.021  34.6799  11.3091  
39.8096  4.08984  30.1032  
52.0188  4.07416  12.9855  
24.2399  58.6091  15.6865  
15.8006  25.4911  19.2273  
3.52971  4.13282  50.4813  
31.2656  10.2361  36.9999  
36.6027  39.4229  3.91358  
10.5089  26.7028  24.033  
15.2377  3.51418  49.7675  
18.0286  36.4272  43.9812  
46.0051  2.64376  11.9271  
0.473975  44.3698  22.9375  
19.0083  51.019  47.8011  
2.16582  23.5151  7.89309  
43.5279  15.9216  54.2584  
35.573  39.3119  50.4234  
39.8365  7.13208  45.2283  
28.9424  14.7056  50.4054  
13.6097  46.0907  4.94102  
8.08044  23.1615  45.4177  
8.50599  39.3599  25.9603  
49.3745  52.9184  23.9284  
3.1674  49.0131  56.9955  
32.0956  57.5548  22.3661  
7.12937  55.014  28.5588  
51.8288  27.3893  38.6414  
8.15257  52.1435  46.5475  
44.3615  54.7817  3.00316  
34.1326  43.4  18.2357  
32.5698  55.336  29.1361  
47.0837  34.788  6.7739  
33.4475  52.4993  44.1681  
48.0638  33.3318  15.7076  
24.5057  38.2459  51.2725  
2.10117  47.361  44.3978  
5.02575  1.68044  34.6602  
47.3545  44.9724  54.2093  
7.65789  35.5481  53.0459  
13.8161  55.233  8.09794  
30.1549  2.3032  11.473  
23.4203  54.7027  50.9986  
54.3245  20.4711  18.6681  
12.6274  7.50387  38.9955  
55.9485  16.448  21.704  
57.9346  55.0713  57.2788  
11.908  37.9899  3.43874  
55.2625  9.62984  38.0636  
27.1952  15.9164  17.6237  
53.4812  56.2847  42.1143  
5.41446  55.7907  12.3873  
3.46488  44.733  40.5761  
1.25728  21.7027  40.9414  
12.2431  15.8354  2.01459  
37.575  1.4544  38.9515  
36.2077  46.5682  37.5681  
11.8811  37.4566  56.2534  
50.5292  16.1746  22.5671  
19.0914  17.1848  32.5791  
35.4041  31.8473  10.4753  
4.89679  53.7322  58.2763  
41.4441  48.9454  23.4685  
7.8177  52.4619  34.3602  
40.5573  38.2094  11.467  
31.3721  47.4725  31.365  
33.0846  4.54495  21.7263  
13.1005  22.5462  35.1346  
57.5408  36.8974  46.0409  
25.4607  19.789  42.0226  
49.3846  58.5734  18.6671  
53.2849  15.8157  50.8414  
37.3332  44.1372  24.0529  
20.0828  55.602  17.6792  
31.7825  49.1248  21.1641  
3.20746  24.6213  16.1634  
27.3543  1.86161  5.10607  
4.92171  16.4846  34.6129  
39.1468  27.503  48.0695  
40.0189  15.2237  15.1147  
19.3719  13.8671  20.5024  
14.7814  25.1346  30.4597  
4.39512  40.6832  14.2548  
4.269  6.32458  55.3183  
0.611058  28.5595  22.5836  
42.984  56.6947  16.7618  
30.982  37.9326  6.39862  
26.656  50.4839  13.5117  
41.5366  47.7538  48.7062  
28.5234  34.8826  26.9878  
2.33838  10.5574  7.67569  
8.76242  19.6082  5.21049  
0.904031  41.8004  57.7134  
25.0315  33.3425  58.8331  
53.2009  33.0446  18.9101  
58.5641  58.0095  41.3595  
29.7479  43.1411  27.9926  
29.2683  17.8208  7.8082  
36.8274  31.6853  22.6368  
58.3681  22.7078  3.14901  
21.6176  22.2392  15.3875  
56.265  54.466  37.0984  
26.7087  51.2568  29.6324  
25.3478  19.2393  12.0831  
41.4962  46.8953  4.19924  
33.5021  33.2504  55.2436  
21.9356  43.9499  29.3018  
40.2105  16.2476  46.7305  
36.7739  24.9495  44.1575  
26.5437  19.8308  22.0951  
36.6976  31.6274  50.6606  
51.4939  10.8126  54.4151  
30.21  0.777276  37.3138  
27.542  54.5245  21.8552  
15.9873  38.7457  14.4561  
52.4336  58.7041  9.09793  
1.26213  55.1988  8.26967  
45.1151  26.8124  41.4014  
38.4975  43.2183  11.8503  
4.25171  29.1295  14.1122  
20.942  38.0256  15.3647  
51.7045  4.90792  58.7395  
46.8736  32.3769  49.7893  
15.2567  11.7465  23.7924  
18.868  3.61728  14.6577  
44.1639  46.2517  45.1045  
12.1349  15.0625  34.0163  
14.7571  45.478  35.6028  
44.2238  40.2814  18.6572  
48.4015  5.09786  45.1451  
31.5122  46.6847  15.2467  
22.926  39.076  21.3162  
13.3845  19.0803  30.9187  
51.078  10.6581  47.3451  
37.0395  52.5918  51.6168  
7.81275  51.0185  13.4033  
19.9594  42.7028  50.9064  
57.2095  19.0635  56.3899  
24.5142  42.7557  48.5776  
2.49292  27.6541  58.6919  
15.9894  15.7626  40.6334  
22.9981  13.5761  9.4203  
29.5257  44.479  23.048  
3.1725  3.01992  27.5383  
41.4521  9.56246  37.9354  
43.9409  2.44595  49.9517  
6.41435  16.0917  8.38058  
35.1439  26.2671  28.1789  
34.9353  14.8676  4.49607  
10.9183  13.146  29.0348  
3.04805  31.2211  18.9829  
39.1811  46.8067  41.8417  
56.4672  35.5915  15.0247  
4.35091  38.8856  41.5082  
32.4126  17.1778  35.1972  
27.52  4.05083  26.9272  
51.63  8.93158  41.5671  
8.86407  37.7643  13.7185  
35.1412  40.5468  9.14328  
27.9452  9.56021  6.53005  
5.34223  1.7759  39.8475  
5.94403  21.612  53.2327  
45.6885  34.7136  19.7775  
58.6019  26.5478  38.8015  
46.3813  10.5268  15.8043  
16.637  12.9801  2.53297  
57.576  24.7588  19.1828  
37.7026  37.5182  55.164  
0.134754  38.9146  35.1121  
47.2884  16.8808  39.1867  
21.6543  44.4268  20.9721  
21.0285  23.1087  38.3965  
36.3235  57.934  58.8277  
28.6367  54.5693  32.7188  
38.1195  7.89001  0.159626  
32.5718  1.46829  26.8364  
11.3241  52.9785  17.0292  
19.2075  30.5386  3.26001  
12.5088  13.0272  43.1692  
8.88158  12.5039  0.0554783  
31.9021  14.136  0.544827  
38.4551  22.4037  31.8855  
43.6491  56.5536  55.0722  
39.9417  39.9751  37.92  
24.8385  47.5621  32.71  
39.2063  23.7393  57.3417  
18.3472  25.9617  13.9996  
53.1278  39.173  49.9121  
58.6351  6.73053  0.329332  
26.2209  33.4379  18.0104  
53.2276  42.8277  33.101  
14.6034  7.86423  1.85627  
50.954  37.1882  45.1638  
33.7113  21.2564  29.1395  
43.1509  55.8339  7.82651  
53.934  28.1148  4.8975  
48.5436  58.3835  49.8984  
35.8936  56.9117  11.7877  
44.3471  8.02994  49.0211  
6.78126  26.9894  8.44573  
12.9684  26.4433  10.1587  
28.7508  9.36936  1.34336  
24.5973  1.09765  58.7397  
22.4718  14.6532  36.1885  
41.823  13.6079  28.2604  
35.0927  47.9255  26.7275  
50.6044  48.5567  8.06654  
42.1041  23.6341  38.9548  
55.5478  9.22506  16.7734  
5.03711  38.5338  18.877  
1.668  58.0742  49.2969  
4.08864  40.2146  3.85401  
52.4544  39.5115  37.2803  
29.2697  39.2683  20.8595  
26.4882  23.8166  8.84188  
6.79334  14.7905  44.0982  
38.5472  17.0431  9.25042  
47.1735  30.038  37.4929  
2.70439  41.5407  31.2952  
46.042  2.73511  26.0985  
37.1384  48.6387  1.89992  
10.0368  32.5256  4.24175  
19.4579  21.4249  54.4893  
51.3047  30.8551  52.7783  
32.4204  43.4198  36.4162  
43.7914  19.0862  27.9936  
35.2514  51.329  56.7065  
32.8099  28.8331  23.7282  
57.9826  18.3252  32.04  
38.8622  12.3316  2.8074  
20.2578  36.9552  53.65  
20.3413  10.4406  27.4152  
19.6745  39.878  26.7109  
36.6801  54.3725  22.8353  
9.44293  43.3132  2.95509  
2.8174  11.3381  45.8447  
40.4134  47.4381  33.9552  
10.8529  11.72  20.8095  
55.6453  55.206  11.1118  
55.6672  53.3335  20.4014  
37.0166  48.8732  20.9247  
16.2002  30.5582  51.4144  
18.5738  53.9671  26.3772  
25.3819  5.51118  41.686  
44.5467  28.4567  3.1086  
1.28935  38.216  27.6754  
28.5231  27.0241  16.1716  
10.3737  15.3033  24.2929  
28.6951  32.7213  37.0085  
12.7534  34.9049  16.1377  
15.6991  40.2882  54.0179  
32.3806  17.5749  43.025  
20.4012  8.18456  14.7791  
46.5309  0.790998  3.02749  
52.3934  16.4098  55.7793  
30.9789  24.5029  6.74895  
46.8949  58.4536  38.6146  
23.4717  52.3941  39.2234  
9.62302  6.70175  22.8564  
13.7555  18.3352  47.5882  
14.6872  33.2188  56.8319  
53.8592  27.1906  48.9387  
15.7365  25.8397  49.635  
1.33751  33.9362  39.0801  
22.129  9.29973  20.0838  
19.4559  56.7889  7.22497  
16.2081  4.689  8.50502  
51.4972  19.7921  43.6894  
21.1222  27.8669  8.09992  
6.86977  47.4755  47.0348  
17.6414  29.6364  21.5782  
37.5564  9.29527  54.2047  
27.8751  40.4137  55.5704  
37.4335  42.1354  57.8944  
7.27693  57.6347  5.17007  
37.1208  35.7526  46.5292  
56.9563  30.1941  16.3335  
24.0194  54.5068  26.036  
13.2263  33.1  31.526  
57.1689  11.8358  3.03089  
3.41594  10.4753  1.84899  
24.7928  27.0694  36.6076  
1.28683  10.5157  21.7494  
24.8791  41.0686  1.80235  
14.5163  49.9245  28.2445  
20.7042  38.7712  36.6135  
5.57277  11.6123  28.9196  
26.9006  44.9181  36.6  
15.7187  45.72  15.0822  
28.9697  14.9612  39.4635  
45.8285  25.7572  16.2109  
36.6527  48.7181  47.4907  
1.29453  15.2342  53.8834  
38.2377  10.0793  20.0944  
55.3488  49.9391  43.0616  
34.713  56.8251  5.18055  
12.146  0.943201  53.545  
12.2447  4.94615  27.2601  
52.713  1.71108  53.9066  
1.51079  49.5787  14.1112  
49.8363  49.4689  43.7747  
32.7636  36.3214  37.8526  
30.5639  51.5983  16.6022  
35.9338  39.2651  23.1394  
49.1891  11.9117  4.16145  
25.4524  34.5113  40.6786  
27.3633  54.55  4.198  
47.2113  36.1605  54.9141  
16.3363  3.19813  57.0957  
36.1629  9.42363  35.9305  
12.1442  51.3727  49.7619  
44.0416  39.7836  1.93306  
41.4489  49.4124  55.8313  
10.364  22.8357  58.3891  
52.7247  40.0881  28.6948  
57.649  13.4084  34.1676  
18.1133  41.6656  4.81448  
34.313  26.4566  10.1381  
33.2924  7.39143  25.5373  
50.2139  29.943  22.2496  
37.2561  16.6321  42.3861  
54.1802  55.4539  52.1767  
10.6308  2.03037  20.5462  
54.3792  58.0501  33.9598  
13.6126  24.4351  44.3827  
7.60957  8.96768  44.6649  
47.4457  29.6527  12.6674  
54.8932  16.4884  9.53696  
18.7896  1.25453  28.8815  
33.6618  19.6704  5.13185  
57.6596  25.4629  30.8239  
48.4897  51.587  38.0823  
52.0003  2.56593  42.008  
51.6814  35.7378  1.75283  
27.4929  8.7074  50.0254  
39.4036  11.557  48.4987  
12.4554  29.8522  42.5067  
25.1612  14.6827  58.8053  
20.0605  16.0179  27.429  
54.6348  32.8995  49.2506  
58.0914  13.4946  17.9491  
40.8977  56.1765  50.3996  
40.8624  36.566  16.0793  
45.4242  49.5809  52.205  
25.9402  14.3087  5.49121  
31.4844  28.5079  34.9834  
56.6107  53.9875  30.6525  
28.2161  26.4837  27.571  
55.4897  35.8027  23.4145  
4.02278  40.4449  50.5541  
9.78193  29.0079  14.5693  
16.5789  13.1423  35.1581  
11.1936  57.0221  43.2798  
8.61755  26.1062  3.69947  
21.7673  19.5813  23.555  
31.9718  9.3559  13.9046  
55.5725  24.373  56.0499  
15.2224  37.3851  9.03448  
27.9701  31.5276  23.1863  
3.78305  47.5177  51.4944  
53.5518  48.636  53.0608  
41.9723  20.9928  20.9127  
43.0107  42.5768  56.3816  
48.3784  42.6081  3.87041  
40.7468  31.4367  18.2828  
47.5678  10.5847  38.158  
20.4811  42.3324  41.4957  
15.3485  10.5837  46.6657  
16.2507  57.1763  22.9758  
43.726  34.4943  2.89688  
17.9709  8.10215  55.7093  
37.6903  46.4452  53.9666  
32.1511  16.725  21.0107  
15.5674  57.2129  38.1212  
40.1465  19.6875  4.21863  
51.2596  53.1348  31.0487  
36.5449  28.8751  4.0123  
36.9307  26.7579  39.0743  
57.5144  58.2867  15.1544  
25.4188  41.4856  40.1802  
27.4669  57.5925  45.2297  
24.6046  36.4269  46.2512  
20.6358  56.6536  45.9998  
50.7223  52.2882  58.6002  
37.7646  18.717  26.8181  
11.6621  43.2994  29.2332  
34.9576  51.7463  6.31866  
2.1939  20.4598  36.3394  
28.3629  16.8442  54.9658  
3.10202  35.0892  2.824  
9.40308  23.6354  50.3009  
55.6199  49.779  8.50779  
0.956131  4.42516  40.2656  
42.6257  54.2312  23.9745  
27.719  55.9158  8.96474  
19.3051  23.0139  31.4155  
18.6727  54.4863  31.6926  
23.252  22.5728  57.9081  
53.0645  19.5738  1.93132  
9.55492  22.4705  10.688  
5.30327  36.3299  8.61524  
48.6779  23.6652  33.112  
15.5771  41.6949  39.334  
47.7135  41.5478  22.8333  
0.812804  9.80782  41.3852  
10.8549  22.3801  19.4668  
0.887605  53.3102  2.89951  
28.493  49.5108  4.45829  
35.7766  5.41156  51.149  
26.4721  39.7268  16.517  
57.8004  23.6934  47.405  
43.1498  6.20769  18.5235  
32.5165  56.0944  15.7336  
32.234  41.0483  41.3286  
56.3613  42.3931  3.14064  
35.6414  47.4358  12.319  
25.3187  18.0808  30.1959  
16.5186  31.4793  14.8478  
32.3612  44.7669  7.75664  
3.58377  1.15437  1.24505  
16.6478  48.1613  0.508233  
44.3056  49.0046  40.4871  
26.9219  10.7883  19.2125  
7.95309  18.4248  56.9001  
0.71832  8.43497  49.6907  
39.7855  28.7971  58.749  
48.5286  41.6928  50.2503  
16.1155  21.5866  14.3975  
29.9583  33.556  50.7173  
6.48502  3.65215  7.90203  
55.8163  40.5568  42.6404  
42.6981  40.1504  48.0729  
45.2092  0.0325036  22.0501  
20.5675  50.0037  23.0979  
17.2089  49.3376  41.0498  
51.8265  20.3686  27.723  
52.6121  39.2846  17.5594  
9.9001  44.4583  9.38083  
27.6777  30.0452  11.4473  
0.381876  44.1255  53.1597  
14.2014  18.2033  6.87761  
42.4384  43.1674  25.9569  
32.1141  3.33271  54.3876  
37.1804  4.85084  18.2957  
1.016  29.9531  42.1427  
1.78717  49.7845  25.3053  
44.8112  8.81637  58.2647  
46.1571  44.8567  37.6072  
52.9155  27.4717  33.3176  
56.1687  9.75047  46.3492  
44.8404  21.1377  11.204  
28.0166  39.6247  32.3599  
20.4862  47.6687  6.74462  
43.0393  54.8296  45.5983  
33.1908  6.59652  0.113896  
47.4394  4.68889  7.3122  
1.37763  5.28709  34.8366  
29.3245  36.9781  12.1233  
32.5807  46.5086  2.99563  
35.2374  23.8422  2.04191  
58.4954  53.8433  45.0105  
19.0826  2.49097  19.7534  
16.9164  46.7044  20.9739  
56.6327  9.38804  26.342  
23.6738  47.3688  50.4604  
17.3567  56.4017  50.1982  
12.1681  10.6234  7.92704  
6.6794  20.6085  15.7796  
17.3196  36.7747  33.5369  
30.5653  51.3792  9.97917  
10.6185  34.8314  41.0727  
51.7735  24.9207  22.8951  
41.5172  15.4767  20.9483  
24.7714  8.67178  45.6985  
1.70763  17.7695  7.86788  
9.1483  32.461  22.9587  
40.8097  9.255  7.77419  
53.9191  1.02846  20.8331  
29.2434  32.2878  3.69156  
58.1894  42.7681  38.4429  
16.3369  55.0176  14.4581  
30.8541  19.508  14.4959  
19.3665  29.7368  41.5679  
49.2856  27.3474  46.3722  
21.652  18.5413  46.0004  
29.6958  6.55611  18.1165  
48.2301  14.9814  17.8907  
57.6019  41.7306  8.07454  
38.3225  0.0598826  27.1124  
32.3714  3.23395  5.08745  
53.6522  21.7993  33.0218  
25.8905  39.1197  27.1919  
24.6331  39.1598  6.51254  
2.84309  52.6651  49.8854  
19.9266  5.70388  48.4876  
9.83548  57.1138  0.662664  
10.1705  28.8484  33.6575  
22.4279  1.78384  25.1861  
34.1354  44.9747  49.6351  
55.158  34.3997  37.7916  
18.6252  19.9933  19.4001  
36.2824  30.5012  33.5473  
33.8397  27.2274  51.4283  
52.0264  39.2179  5.66103  
44.9427  8.2984  42.5115  
6.61675  31.1397  54.8955  
36.9446  39.6335  42.4147  
9.25544  47.5768  57.9987  
3.95785  19.7315  3.29699  
47.0381  13.8986  58.4788  
45.6016  38.2956  44.363  
52.0971  42.3751  9.83639  
20.6641  2.41332  9.98864  
56.6253  43.3472  18.8797  
54.6393  4.45931  49.3001  
3.50044  13.7244  39.4109  
32.5169  12.7685  32.2687  
7.27206  22.1033  38.2802  
47.1864  11.2835  31.1579  
42.0899  2.33124  55.0655  
41.5603  21.6054  43.7899  
48.6902  17.1423  32.9225  
29.531  21.4742  35.285  
53.4051  1.31276  3.8847  
50.342  37.0365  21.6476  
55.0187  44.0769  50.7414  
31.1544  50.2767  51.085  
14.8431  13.8706  17.2624  
52.034  47.5384  17.7993  
19.1147  17.9543  11.2654  
7.02828  4.33695  14.7301  
2.82413  5.48322  11.231  
7.85976  47.2752  31.1129  
33.9338  30.8263  17.7476  
22.4849  27.7359  57.8792  
30.0985  38.58  49.0181  
19.932  24.2219  43.4551  
5.6644  49.3196  18.363  
7.69985  20.3786  24.5891  
5.96906  31.8825  27.1585  
21.0297  32.4443  50.3973  
4.16584  6.91975  24.0778  
10.8536  5.12475  45.1862  
7.58757  31.1983  37.8972  
13.8905  28.2333  57.3407  
46.0601  5.19337  35.7715  
52.7299  9.80869  0.799815  
28.75  56.35  49.9005  
43.2988  33.6315  26.2797  
57.2378  49.2048  3.42995  
35.8764  55.3264  40.675  
43.438  31.9269  10.1457  
9.83355  15.5391  50.1305  
55.052  26.8957  26.6895  
34.6622  42.3113  30.4659  
55.9966  10.5496  10.7087  
23.9909  52.1532  45.749  
35.4251  6.10676  41.208  
56.8015  19.4695  44.4585  
11.7169  50.5866  3.2152  
16.9097  24.5417  7.35249  
21.3309  13.9661  40.9282  
22.3943  28.051  51.9944  
11.0564  57.5375  24.6516  
36.7727  30.6396  39.0529  
36.8322  31.931  36.5953  
29.1565  51.0355  27.0575  
29.2429  52.6419  24.7972  
45.607  1.84054  44.613  
43.1946  1.88045  43.1395  
47.2063  52.8696  13.3597  
45.0579  54.4234  14.4976  
6.02844  43.5209  22.7249  
3.28245  42.4994  22.8798  
6.4835  53.9151  5.2658  
6.7849  51.2119  6.1544  
43.3931  30.5697  19.9706  
44.1662  29.0723  22.5878  
40.6849  41.5797  30.9391  
40.7158  41.1881  28.2254  
48.6004  2.17251  16.7389  
49.6955  4.53969  16.0941  
17.0215  18.7985  42.1196  
18.1961  21.5193  42.9907  
52.031  4.27624  35.3825  
52.1604  1.43699  36.1783  
18.3892  31.5205  39.2057  
17.2338  33.8558  37.7139  
20.341  15.5101  48.25  
19.1437  15.0566  50.8976  
29.5808  7.31883  35.369  
30.7606  5.61931  33.3026  
36.4586  23.461  19.8942  
37.4421  25.3634  18.0065  
6.41512  2.2953  28.7478  
7.89416  0.43143  29.9196  
58.6291  37.509  54.0736  
1.76297  39.1235  55.7083  
5.90376  8.29387  15.1396  
5.20329  10.4154  16.9297  
11.1292  36.2343  26.2438  
12.4728  34.9327  28.3816  
36.2985  1.51706  12.6448  
37.7314  3.82262  12.7142  
2.0623  47.8125  31.1749  
4.37343  46.7535  30.0201  
11.2706  58.1267  33.2398  
12.3581  58.2972  36.0464  
40.1833  50.7619  15.9433  
38.0032  52.6082  16.9012  
32.5311  7.36711  45.7359  
31.1427  7.63545  48.3045  
40.5299  34.5477  45.3618  
42.3211  32.4899  44.8591  
10.894  47.7973  53.9832  
11.9549  48.4685  51.3803  
17.8188  10.064  33.6567  
19.1651  7.60949  32.7738  
45.2164  22.2429  0.93671  
45.3976  21.3474  57.2281  
42.8652  31.2838  53.7548  
45.4811  30.3409  52.5507  
21.8092  23.0591  49.2407  
20.4452  20.6052  48.7667  
39.7314  3.86091  45.7194  
40.5317  1.37306  47.0339  
55.4988  6.57998  5.45691  
57.9763  5.61164  6.78883  
33.103  8.89223  31.1789  
33.0133  7.00762  28.7761  
56.0471  17.4536  2.28287  
58.4993  17.3392  0.916405  
13.1091  48.1004  13.0112  
14.6419  49.983  11.6405  
27.6478  19.0235  27.962  
28.6278  19.1226  25.1287  
15.9749  34.7687  0.724264  
18.3757  36.3052  1.06549  
26.7501  48.2407  7.18386  
26.0408  47.7674  9.96566  
19.8334  31.7589  16.2434  
20.2468  30.809  18.8346  
29.9858  26.8814  45.5049  
29.1551  29.4065  46.9663  
30.0626  24.3328  24.7288  
30.3564  22.7609  22.2396  
44.9279  12.2719  42.4354  
43.2245  14.3261  43.6666  
11.2325  41.0459  15.668  
12.9022  43.3712  16.1426  
38.1346  9.65778  29.0577  
36.4641  8.4501  27.115  
57.3755  50.3822  18.9899  
57.2338  47.5169  18.6433  
49.7033  32.8737  27.2008  
50.4031  30.7865  25.5393  
41.3475  20.6058  13.1596  
39.1005  19.5589  11.5792  
52.2589  46.796  26.3041  
52.6001  46.3786  29.1542  
58.3299  35.3155  18.1424  
57.9913  35.1063  20.9869  
58.6829  55.1323  20.584  
2.79778  54.9414  20.4847  
47.6284  30.6921  58.2744  
46.2486  32.7221  0.856166  
22.8308  46.2057  17.9616  
24.9088  46.5695  15.8183  
3.89844  15.0983  29.2091  
2.49769  16.9457  27.3997  
50.9464  38.0854  58.2197  
49.1498  38.2344  55.9006  
43.1841  47.8653  11.5981  
43.9959  49.6413  9.56856  
48.3727  49.6446  5.9332  
47.1901  48.8827  3.22025  
19.6508  58.564  1.53012  
20.5324  2.24394  2.85213  
14.1536  43.8723  41.5188  
13.6403  46.3115  42.9701  
36.5385  56.1467  34.807  
38.4267  54.4469  33.4809  
17.3816  39.4051  45.9362  
17.9937  41.5978  47.5919  
13.0411  34.9074  48.2235  
11.8131  37.1757  49.658  
7.42053  29.4582  47.0966  
8.37881  30.2433  44.3635  
15.5221  46.6714  47.0872  
17.7493  48.1124  47.8715  
15.2097  27.706  38.0811  
15.2989  30.2349  36.8328  
5.27596  24.9914  27.2907  
7.91668  25.8619  26.3381  
42.3672  18.5477  30.8384  
42.7088  19.1196  33.773  
16.3294  45.7224  32.4164  
17.9716  45.0473  30.0908  
43.4994  6.272  30.8178  
45.8437  5.94323  32.6409  
5.60542  42.3839  34.1297  
6.94967  40.8942  36.3839  
3.08103  13.6864  22.0391  
5.27058  15.1839  21.1897  
14.7955  8.53783  31.1909  
12.2386  9.77362  30.8451  
49.3096  19.1954  21.5005  
46.9342  20.7217  20.1812  
50.2302  21.5615  14.3077  
50.4514  20.6975  11.5479  
8.85917  2.67947  39.8863  
11.3722  4.12414  39.8756  
51.3267  23.9455  8.39359  
53.6409  22.0907  9.12186  
13.3137  22.9855  1.17379  
14.83  24.2575  3.30765  
12.9256  51.0154  31.5437  
10.9976  52.2952  33.5849  
7.92372  28.2056  18.062  
8.8744  27.5062  20.8733  
15.6132  51.9279  34.7473  
18.2888  50.9809  35.6744  
32.6206  5.68709  7.86027  
33.7971  8.20375  8.49362  
47.6971  9.33333  23.9877  
49.8516  10.8933  25.1333  
31.3335  28.3487  53.9222  
31.057  30.6988  55.6158  
14.6672  21.0783  25.4808  
15.8818  23.7834  26.011  
23.2411  7.50095  0.0219692  
25.3985  6.78931  56.8637  
13.8381  38.9704  25.7722  
13.35  41.2703  23.6806  
13.4943  45.2217  21.3945  
11.8967  43.3247  20.1403  
47.4885  38.1878  27.8985  
48.9515  36.6642  25.8276  
55.288  45.1245  34.5662  
57.2488  47.3619  35.087  
20.4095  45.5065  3.90646  
22.3908  46.905  2.10372  
54.7754  20.7091  35.875  
53.6281  20.2097  38.6717  
33.8149  24.5739  16.5154  
31.2866  25.3254  15.1522  
50.7885  6.30692  7.08213  
51.3567  8.50791  5.44555  
20.7292  7.96251  44.7986  
19.9349  10.2599  43.0372  
8.13132  0.475686  48.4913  
10.04  1.22291  50.5133  
32.4164  14.0813  43.8045  
32.9321  11.9346  45.7306  
22.1448  48.4716  34.9242  
21.8425  50.3602  36.7565  
24.2893  46.1075  26.5958  
23.229  48.131  24.7284  
32.412  9.17676  56.2568  
34.3391  10.7295  54.7973  
43.019  26.9036  52.1857  
44.116  24.3117  53.1387  
58.1642  45.4287  45.8193  
55.9301  46.5541  44.376  
1.84838  55.481  31.1765  
0.846182  55.3984  33.7921  
14.9294  57.6983  30.3126  
13.2581  55.4846  31.1661  
2.32151  32.5641  35.9597  
3.97852  32.9062  33.5739  
4.84568  40.1918  47.5405  
7.09545  41.8418  46.4318  
32.1587  33.367  46.6906  
31.5136  34.6813  44.35  
53.8153  37.8568  54.9906  
54.727  35.3423  54.2291  
40.5476  52.2615  57.458  
38.8818  54.4099  58.7453  
45.6142  19.6785  16.0399  
45.8719  17.1395  17.3027  
37.6469  19.9034  36.8727  
35.4165  18.2238  36.4354  
8.87137  32.4639  8.08924  
7.4065  30.268  9.03361  
9.49428  43.8458  53.0407  
9.79515  41.1733  54.4337  
34.8739  22.3018  23.261  
36.9176  20.6483  24.0103  
47.1409  14.2925  8.65822  
44.5913  14.6653  9.97778  
7.18954  13.1714  6.95834  
6.79859  10.5569  6.11175  
3.0459  21.183  29.0074  
1.12389  23.3968  28.8191  
4.85673  47.3883  6.90558  
7.59281  46.4675  6.82824  
23.0778  29.3975  25.6917  
23.6239  30.946  27.9231  
27.0873  14.5836  44.4284  
27.2639  13.3556  41.8696  
41.6114  45.7686  15.3498  
44.1474  47.183  15.9329  
1.48249  47.2164  9.19567  
2.93101  44.7014  9.74415  
56.0393  14.3756  29.4885  
55.5767  12.3821  27.4312  
47.1925  45.5399  25.3303  
44.613  46.6279  25.7845  
47.193  48.2559  28.5066  
45.4397  49.4205  30.5042  
36.0379  56.4842  16.9376  
37.0553  55.6663  19.5582  
27.8327  19.546  47.5871  
28.7274  16.7636  48.0987  
9.12723  35.8312  46.5389  
7.87542  38.0775  45.4382  
16.8328  37.0926  19.9553  
16.5106  39.2867  22.004  
22.7119  7.66024  37.127  
23.0656  10.3701  38.0702  
4.08431  20.4568  43.4271  
6.11833  20.84  45.4229  
35.5265  12.0384  7.02352  
36.1423  11.6262  9.72869  
27.2838  0.323127  17.0627  
29.417  0.190208  19.2033  
28.0352  10.2051  24.9688  
30.305  12.2291  25.2338  
9.88038  52.4635  40.0257  
9.83976  49.6316  39.2249  
38.4939  52.6742  29.5089  
38.3095  55.5044  29.0204  
28.4046  7.78055  41.7981  
30.6575  9.71022  42.3093  
44.6067  9.04238  2.55996  
43.8631  9.35331  5.46877  
38.4353  37.0387  30.7973  
36.1745  36.2378  32.313  
35.9897  12.9379  50.0391  
35.0096  15.6323  50.2025  
50.9184  55.4777  28.4092  
49.8667  55.3452  25.7451  
54.264  28.4088  41.1308  
53.3036  29.9888  43.3859  
19.6463  3.28402  34.2349  
19.6483  3.69322  31.2194  
15.0318  12.611  8.17833  
17.791  13.0493  8.51696  
50.327  11.441  10.5378  
51.7041  13.8413  9.68499  
23.9742  25.1421  20.2498  
23.9522  23.6302  17.4715  
9.05038  9.73903  49.4686  
6.50207  10.2776  48.0244  
16.2047  6.72647  23.3361  
15.4905  4.67469  25.0663  
45.8725  55.8778  28.6806  
44.3564  56.4919  31.0236  
27.403  12.9186  32.8281  
25.1137  13.9339  34.5845  
32.4526  30.8941  42.5556  
31.2238  31.7998  40.0475  
29.9185  43.2389  43.991  
28.7694  45.4552  45.5333  
34.2884  56.3353  48.2069  
31.8101  55.3039  49.5177  
54.5812  32.8768  7.93685  
53.1553  31.3919  9.75941  
28.5515  37.2482  45.1688  
30.1194  38.4143  43.1752  
48.5745  3.32349  55.0733  
49.0065  4.07464  57.8018  
55.9408  2.59733  54.442  
57.3085  4.58938  55.9744  
1.49955  4.79853  18.5697  
1.63106  7.00204  16.735  
1.42819  26.4258  32.9137  
2.9598  28.2554  34.6396  
48.0127  35.8055  34.5844  
50.6334  35.4318  33.3264  
40.8473  41.2164  34.9994  
43.527  41.5817  33.6419  
0.59771  58.2397  6.40572  
1.3067  1.41458  4.47552  
53.2661  23.2078  53.3404  
51.3448  22.7333  50.9546  
11.0946  14.8104  13.6781  
10.6268  17.4217  14.8084  
7.60551  14.2739  16.4986  
8.35312  12.222  18.4051  
46.6847  38.1258  10.2336  
43.8526  39.0721  10.7735  
54.6481  4.80687  43.1043  
56.1253  7.1584  44.1217  
29.6781  21.4269  1.16506  
30.7619  18.8155  0.497137  
14.986  52.8675  56.4668  
16.4584  51.1188  57.9995  
26.8736  10.4814  55.3958  
26.3058  9.07566  52.822  
49.2526  4.15548  28.0017  
50.1055  6.90505  27.0076  
24.0684  42.9196  34.7151  
22.0725  40.7441  34.7941  
20.576  11.3271  50.1091  
22.6404  10.4617  51.7038  
52.2115  55.3468  0.194648  
54.7263  56.4125  58.2109  
3.83652  50.7242  43.4313  
5.26706  53.0652  42.2959  
29.9947  52.9161  41.0563  
27.4728  53.6372  39.9495  
21.8759  44.1356  54.3361  
21.4561  43.7829  57.1703  
26.0025  5.20859  12.9647  
23.7825  6.70439  14.0808  
32.5541  51.2208  36.8927  
35.271  52.2537  36.2528  
42.99  37.307  21.9752  
40.2822  38.1302  23.0872  
51.8233  8.71576  33.204  
51.7708  6.20457  31.5823  
30.3373  40.309  3.74837  
28.5058  41.4937  1.77424  
53.2888  46.2032  58.2561  
55.1497  47.8069  0.854781  
2.28037  42.7185  14.6302  
1.93184  45.4667  14.4251  
49.3312  56.1134  47.3375  
47.3764  54.5633  45.9459  
33.9331  23.3242  46.4851  
31.5364  21.796  45.8354  
15.6156  2.11916  13.2512  
13.1339  0.463272  13.9571  
9.4833  19.0944  38.7356  
11.8612  17.582  40.0094  
38.0135  15.3258  57.1943  
36.9324  17.1628  55.1724  
21.1952  4.42851  51.3534  
23.81  3.49967  52.061  
42.43  37.8012  50.8126  
40.9758  36.5401  52.9933  
27.1435  30.3521  54.3669  
24.5045  31.0098  53.3224  
6.89142  10.599  53.1292  
6.88295  11.8738  55.7481  
8.80839  13.2732  38.9697  
7.58153  11.1581  37.5395  
47.0337  40.922  13.7174  
47.5893  41.6919  16.4383  
58.3047  31.8908  7.01278  
58.6332  32.6164  4.15216  
37.203  2.00776  51.4309  
38.508  58.4027  51.3099  
26.0672  9.78959  13.0908  
28.629  11.0611  12.4945  
48.2437  17.7268  6.14185  
50.4671  19.369  6.60332  
7.95984  54.3048  20.5089  
6.02347  52.3076  19.8141  
47.6849  46.1268  31.8893  
47.2387  44.7593  34.3084  
41.4501  34.5274  40.9349  
39.5772  34.6815  38.8097  
15.9678  46.084  56.2296  
14.8712  45.7796  53.667  
43.3593  9.51238  52.1839  
43.7643  12.0675  53.6071  
41.7514  5.89383  38.4006  
41.2688  3.07904  38.7598  
56.9619  2.82261  9.32955  
58.1086  4.16214  11.2338  
34.4721  1.19571  33.5636  
32.3755  58.5192  34.786  
42.1588  11.1467  10.2681  
41.1956  13.1478  12.3469  
12.4312  55.9254  54.3251  
12.2881  53.669  52.601  
12.2555  9.56428  55.8501  
14.8666  9.61324  54.8836  
47.6346  16.096  47.411  
47.0105  15.0131  44.9341  
31.5699  41.455  55.6039  
33.5247  42.6637  53.6308  
20.1708  27.9909  22.6218  
21.1046  26.0622  24.412  
32.2238  31.8392  14.9341  
30.0933  31.7728  12.6472  
19.5855  54.4283  58.1054  
22.5131  55.1719  58.7369  
34.5954  39.7456  12.433  
32.0573  39.1464  13.6018  
25.6772  33.4015  30.3256  
23.6717  32.0134  32.2006  
9.4144  36.6324  38.037  
7.30686  36.0687  36.3371  
20.4566  10.2648  9.98719  
17.9984  9.21259  10.6314  
15.3386  33.9699  9.33658  
15.7268  31.2665  8.55544  
48.5056  8.93479  13.653  
50.5307  7.07226  12.3006  
20.926  8.12593  3.45517  
19.5358  7.51891  5.78216  
43.6514  28.7526  26.9737  
42.3252  26.6466  26.0629  
10.1504  41.3557  8.21327  
9.08307  38.68  8.79461  
55.5065  39.1837  23.8881  
54.6629  40.8039  26.0201  
33.3002  18.53  52.5678  
32.3028  16.7941  54.7774  
21.1365  19.8578  8.32934  
20.2926  19.6389  5.64423  
24.4608  17.7204  36.8024  
26.491  19.8732  36.4589  
16.7007  16.4547  53.7194  
18.7272  18.3286  53.8414  
29.2061  50.1781  45.5946  
28.9158  49.4923  48.372  
21.6113  46.1704  14.1483  
21.0978  43.9235  12.0042  
31.1007  15.6107  27.1726  
33.8672  14.4876  26.9172  
16.2239  30.8834  31.8203  
18.6002  29.2433  31.9791  
15.5122  23.0782  54.9867  
14.7488  24.7794  52.7813  
14.0148  32.6218  25.312  
15.697  30.7303  26.7752  
10.3833  0.575351  10.2264  
8.9111  57.8896  8.29108  
53.5412  26.5579  57.5476  
50.9381  27.6423  57.3947  
29.9639  32.2533  29.1296  
30.6002  30.0911  30.8127  
52.331  52.844  12.3652  
50.7462  50.7679  11.1965  
27.4243  23.039  51.3153  
29.3049  23.0959  48.9434  
51.5881  23.7296  17.3655  
49.2849  24.9953  16.1344  
26.8809  43.0267  14.9957  
28.517  45.3288  14.2046  
11.2497  5.98628  33.3969  
9.60759  3.64536  34.2977  
48.8228  54.1963  54.677  
48.5702  55.6891  52.2286  
25.9415  22.4952  31.4311  
26.3768  25.0149  30.2533  
57.9228  25.0693  9.49442  
55.9786  25.7573  7.65197  
18.3526  33.2188  29.1556  
21.1366  33.9841  29.403  
13.9702  53.6939  22.5765  
12.3773  52.3613  20.6294  
43.9001  46.9157  1.7357  
46.2365  45.9722  0.164246  
32.662  32.8073  4.91969  
34.2892  33.1668  7.23289  
53.1747  2.54915  26.4553  
52.7254  58.8175  26.2974  
21.2472  3.83415  45.9581  
21.2388  0.960435  45.116  
55.0761  57.6008  49.7406  
54.7325  1.36439  48.2294  
41.5918  7.93674  25.8068  
42.2647  6.81205  23.075  
29.116  23.1086  56.0489  
26.4562  21.9963  56.2915  
3.84151  8.37314  34.4189  
6.57348  7.62786  34.1493  
1.64504  15.9836  15.5713  
3.83051  17.8549  14.9949  
3.34912  20.6826  48.3554  
2.98803  20.6597  51.1997  
43.7077  15.3092  5.34003  
44.5033  15.2525  2.39472  
56.9866  9.40429  55.1473  
57.8679  12.0368  54.1329  
24.9172  51.5824  56.0491  
24.4465  53.5613  53.9454  
56.1105  20.1828  14.6745  
58.4293  19.8342  12.9303  
26.6701  5.16007  32.4915  
23.7388  4.72755  32.1392  
3.34518  14.2435  12.1736  
3.72035  11.4812  13.1283  
20.9914  1.03495  53.6324  
20.6868  57.6782  55.4587  
45.5513  28.3063  56.2861  
46.1365  27.5425  0.264434  
51.1039  4.89995  50.6164  
50.093  7.51876  51.3756  
24.2083  58.7191  31.3749  
25.3891  56.2108  31.2501  
37.5091  48.7232  28.1095  
39.4242  48.5859  30.5276  
50.52  25.1541  40.3732  
50.0253  25.4971  43.3526  
11.4721  35.9852  19.0349  
9.19212  37.2877  20.1767  
18.5083  49.5368  9.35507  
19.5484  49.3419  12.0524  
41.2016  53.4281  43.3575  
39.1632  53.3178  41.1364  
42.0847  56.65  35.3772  
44.968  57.5234  36.3037  
33.22  37.7451  34.9464  
31.2497  38.2574  32.8505  
6.2985  55.2578  46.8388  
4.18035  57.3342  47.1328  
3.41245  58.6209  18.3487  
6.17566  0.0340547  19.112  
23.7201  16.7104  16.7461  
21.5965  18.804  17.5689  
11.7963  5.62899  12.1005  
12.9383  4.80767  9.74839  
1.1535  19.9485  25.5586  
2.16483  17.8305  23.7312  
23.0349  8.26444  26.2151  
25.1862  6.27954  25.656  
44.3636  14.7234  36.4181  
42.4755  15.142  34.4247  
11.1209  0.663794  17.8353  
11.2914  57.2777  16.1067  
40.9914  26.5562  7.83388  
38.4687  27.5392  8.96495  
10.5097  27.1355  51.3376  
8.99477  29.0291  53.0314  
15.0246  7.23097  18.499  
15.4915  9.99569  18.1402  
49.2202  13.1956  28.6417  
51.6297  14.0246  27.7452  
35.5188  14.8198  23.2724  
37.2454  12.5179  23.3805  
34.3272  21.4928  38.9378  
33.7424  24.4194  38.6851  
44.0999  22.9367  7.64284  
42.222  22.4198  5.48568  
2.80988  32.1815  49.8524  
0.580613  32.8438  51.3739  
25.3876  24.568  48.1517  
23.6457  26.8318  48.8743  
39.155  10.9751  40.3378  
36.3885  10.8007  41.5119  
48.5632  21.8419  54.1086  
49.0368  19.246  55.1475  
40.0012  0.918187  23.727  
41.7624  1.86887  21.7837  
48.7183  26.5089  6.98783  
51.3103  27.7603  7.14535  
43.1173  33.1973  34.0775  
43.89  34.1015  36.8074  
56.2213  4.28591  29.9884  
58.8024  5.04495  28.9524  
11.1694  49.95  26.1263  
9.08907  51.5176  27.3424  
49.7774  43.8052  1.1187  
50.8499  42.3181  57.588  
51.8803  35.4203  11.2989  
50.9858  38.0552  12.057  
10.5654  38.8736  33.7585  
11.9179  40.0168  31.4967  
45.6151  49.9587  19.4367  
45.4867  47.6126  21.029  
13.9294  40.5341  51.2892  
14.1973  40.9815  48.3154  
32.6601  11.0023  17.3942  
34.4565  10.9995  19.708  
0.556482  58.0532  23.1967  
57.0401  0.205331  24.8123  
48.9036  23.0643  27.2628  
46.3854  24.6037  26.6921  
49.8789  45.6116  44.852  
48.7951  43.0063  44.2261  
29.8209  3.80741  44.266  
31.6167  2.71207  46.3453  
25.6837  27.1296  2.17895  
28.0801  26.536  3.89267  
11.8532  16.1695  53.0429  
12.8352  14.185  54.8526  
58.0626  16.2142  46.5466  
1.2128  16.9635  48.4308  
24.1376  20.2965  4.92949  
26.6718  20.1698  3.2856  
12.9033  19.2855  20.0906  
13.8925  17.3827  22.2515  
16.462  33.8674  45.8468  
14.3857  31.6612  45.5016  
12.6036  9.03449  51.9156  
13.208  9.0859  49.028  
5.54672  15.9257  57.824  
4.02463  13.9834  0.626781  
18.9019  51.4577  54.118  
19.0959  48.5412  54.0096  
40.5094  26.8574  14.1102  
39.6907  23.9437  14.0147  
44.527  29.8684  31.1955  
43.1801  31.8438  29.628  
26.9537  34.9797  9.46611  
25.2258  36.1446  7.92532  
37.3823  20.3948  50.5296  
35.3938  20.0062  48.2815  
51.0509  52.4532  16.7854  
50.2012  55.1554  17.8833  
48.1802  42.6041  39.8127  
47.4257  40.2912  41.538  
20.0169  22.4204  25.4835  
19.5633  23.0484  28.03  
11.26  43.8568  45.0625  
10.8551  42.6398  47.749  
46.163  20.9272  34.9433  
45.4057  19.259  37.2873  
7.91686  5.97696  1.66137  
5.71713  7.60919  2.73323  
48.0381  22.0652  4.58172  
49.9805  23.5199  2.98682  
53.9067  33.2421  31.8287  
53.7431  33.2299  34.811  
56.7966  50.3938  53.3435  
0.516555  51.5701  52.3208  
22.812  53.0138  18.17  
23.7681  50.1678  17.9922  
34.9313  5.00009  32.2504  
35.9495  6.38432  34.5673  
1.77354  26.9261  54.7396  
1.10521  28.169  52.2513  
20.4789  48.4505  41.3986  
23.2622  47.8443  41.3946  
27.8213  46.9432  42.4894  
28.1864  48.4332  39.9541  
8.50571  56.889  37.6049  
6.67967  56.4686  39.8186  
4.58413  34.6437  45.9039  
3.24905  32.0711  45.2401  
13.1865  58.1148  5.04846  
15.6598  0.318453  3.53347  
6.62176  25.0837  30.5771  
5.45578  24.6783  33.14  
16.9149  20.9472  2.37787  
16.6424  18.8705  4.58983  
2.10855  49.564  35.0404  
58.6594  50.9779  33.8861  
39.1222  41.6411  5.24113  
41.8232  40.8673  5.25067  
40.2973  53.8245  9.62054  
39.7798  51.4269  10.9423  
1.25318  1.3195  54.8444  
3.6005  58.6288  54.0609  
52.6951  13.3194  36.5048  
50.6071  14.4183  34.8259  
32.2261  48.4021  57.2361  
31.626  46.0273  55.7179  
2.44378  37.6266  10.3291  
0.531937  39.8141  10.4978  
15.1545  23.6607  37.8492  
17.6397  23.7979  39.196  
51.687  52.3631  47.9794  
52.6275  50.3388  49.9583  
39.3393  30.7854  56.4539  
37.25  32.4456  55.5079  
22.3816  10.8239  0.0445154  
20.0774  9.03211  57.8495  
56.7565  17.5255  38.6667  
56.1616  15.4401  40.5783  
31.6392  35.3797  26.442  
34.4946  34.4709  27.5618  
2.40729  27.1454  43.8682  
2.42568  24.4102  43.2063  
25.2437  54.9918  10.4352  
22.4549  54.1799  10.4078  
20.4896  31.1146  35.5233  
22.8914  29.2013  35.4123  
7.63876  28.0666  40.1652  
6.22627  26.6128  42.2249  
21.3066  53.9896  4.95778  
23.8431  52.6588  5.05714  
14.0997  11.5651  14.2125  
12.6922  11.2669  11.5089  
30.118  23.0105  42.0791  
27.3828  22.1954  42.7634  
48.3084  30.5504  32.5321  
48.7489  29.8882  29.787  
19.551  15.8505  56.9163  
19.5751  17.1551  0.588338  
57.071  33.1247  27.8095  
54.2633  32.0551  27.7365  
23.0034  35.8445  0.238409  
22.3079  38.6263  0.260487  
1.57657  31.311  57.1821  
1.53796  34.0452  55.8515  
52.7195  26.9234  13.7851  
54.4574  27.8624  11.5067  
6.15809  54.9641  54.0188  
7.36976  56.1046  51.5516  
18.6581  6.51498  40.956  
16.5363  6.30096  39.0238  
52.1119  16.4861  14.1751  
51.8908  13.6606  13.8691  
55.9655  45.6262  13.2152  
54.773  47.8031  11.5861  
5.43161  34.3149  29.6867  
3.85398  36.2113  30.8427  
38.7338  25.6134  27.0787  
40.1216  23.6192  28.718  
45.3099  45.562  8.51825  
46.0543  42.9798  9.20886  
27.6415  26.4116  42.1057  
29.1583  28.8956  41.4699  
32.9096  36.2292  18.8545  
34.6903  37.4473  17.1686  
15.6844  29.9229  4.75765  
12.8183  30.3308  4.60501  
39.4259  25.2449  33.6854  
41.3542  27.4436  33.0846  
2.3373  53.6003  26.8353  
1.39859  56.2948  26.5734  
34.5619  58.5831  44.9176  
36.3965  1.36834  46.5633  
5.3164  33.0105  2.17075  
6.29377  31.9847  58.3242  
4.78732  24.7241  20.5728  
2.99564  25.3296  22.6618  
58.4877  31.8496  11.7933  
1.88683  30.2347  11.2708  
17.9285  55.8639  43.6839  
14.9409  56.2057  43.9895  
6.93868  47.0395  14.328  
6.18448  44.0597  14.0395  
41.1224  35.4977  4.81998  
39.0365  34.5972  6.70996  
55.2414  12.5329  44.4441  
53.2787  14.3621  43.7529  
22.2406  58.2464  37.6457  
24.4129  57.371  35.8083  
10.5505  5.26313  15.8488  
11.4474  8.18564  15.1457  
34.1874  16.3336  11.9636  
32.8554  17.7686  9.85891  
4.05389  50.1421  39.1324  
4.08726  47.475  38.1381  
1.4736  34.3224  24.9186  
2.95419  32.2497  26.2559  
39.5242  12.774  31.0531  
38.2584  11.0092  33.1547  
8.86119  45.2958  36.9324  
10.9014  45.6478  39.057  
14.8392  3.02021  44.2666  
17.6283  2.20625  44.3392  
15.1301  37.8865  38.8069  
13.7837  35.7401  39.9899  
34.4582  12.6773  14.2282  
36.8016  14.4715  13.9221  
40.7395  1.9922  2.04015  
41.9291  3.31026  58.5518  
46.7517  24.9448  46.6434  
44.3824  24.2117  48.1056  
38.895  44.452  44.9138  
39.8072  42.4443  46.9141  
52.186  45.6744  20.8729  
53.6031  43.9114  22.4328  
41.7464  44.7297  41.0849  
43.3344  42.9389  42.5119  
44.903  30.605  46.7654  
44.9053  28.5523  44.6755  
27.2845  48.2748  57.2872  
24.9852  46.9591  56.9895  
14.2443  18.0003  27.699  
16.9258  17.1601  26.6439  
6.5061  3.891  56.2015  
8.95558  4.2651  57.4282  
50.6236  33.4268  45.092  
50.0386  32.8494  42.2642  
39.6405  30.7142  15.007  
41.0604  31.1581  12.5606  
40.3994  3.02015  9.34019  
41.8614  3.80941  11.7008  
48.9609  32.6932  38.8916  
51.3781  34.3945  39.1227  
37.8115  42.763  17.632  
39.4876  42.4073  15.0723  
32.4229  24.9038  0.0764402  
30.5624  26.6995  57.693  
46.9884  55.8982  11.1919  
47.1372  58.7733  10.9767  
27.0798  43.9946  8.32306  
27.3881  42.6693  10.8442  
4.79523  45.7492  3.05702  
2.90671  46.9343  1.20795  
34.7623  57.9636  53.6238  
31.9125  58.3148  53.9294  
50.8344  20.4125  47.373  
48.1955  21.1068  48.7402  
43.4037  16.4886  48.7004  
44.9856  16.6582  51.1455  
14.426  52.2062  44.381  
12.2839  50.5922  43.2396  
28.8572  3.30825  52.3492  
27.6994  3.24039  49.6102  
38.9124  23.8384  51.4082  
36.1931  24.1043  52.2299  
53.8949  48.4921  36.9263  
54.0553  49.7115  39.734  
12.0421  7.40579  0.593314  
9.67196  9.1948  58.554  
55.8787  31.9662  56.6702  
53.5158  30.9431  57.7545  
31.2244  55.6937  56.6636  
29.3661  53.7541  57.4463  
38.8709  58.6078  6.99182  
41.6415  58.7207  6.59061  
52.1768  8.00343  22.459  
54.0652  8.1308  20.1564  
43.5482  13.1945  21.8826  
43.65  10.6034  23.116  
7.59472  21.6389  31.0347  
6.88375  18.5792  30.62  
47.1673  38.7895  31.9251  
47.5027  41.4971  31.1202  
25.2215  3.8647  6.57985  
22.7401  5.74632  6.70036  
8.95355  45.9159  22.2317  
7.77871  48.0198  23.8694  
20.5178  38.712  10.111  
19.2898  40.4898  8.08205  
17.8896  0.494941  37.3319  
19.2014  3.251  38.0959  
24.0495  28.7242  44.7656  
24.7172  31.079  43.082  
31.2974  37.8476  0.440384  
32.0296  35.1852  1.63581  
43.3286  53.0872  34.1606  
45.4868  51.4583  34.7382  
57.1554  50.5244  25.2693  
54.6876  50.8731  26.3793  
28.973  51.6134  34.5686  
29.721  48.9696  33.9208  
22.4731  33.6634  10.6026  
19.5135  33.6236  10.7596  
38.9144  4.12755  31.7407  
39.3192  5.58021  29.2534  
53.7394  4.31131  12.3706  
51.2742  3.00665  11.7262  
23.469  57.6007  16.9823  
24.2118  57.6315  14.2021  
14.2102  24.694  19.4925  
15.7359  25.7259  17.4524  
5.35572  4.13067  50.0336  
2.85695  5.75067  49.8479  
30.7941  11.9914  36.7448  
30.5258  9.70269  38.6  
35.2169  38.7891  2.95668  
37.8472  38.0193  4.12949  
11.9305  25.6363  24.6351  
11.2448  28.3588  24.4257  
15.1164  2.95675  48.0175  
14.044  4.96072  49.8243  
17.3073  36.4379  42.2765  
19.8544  36.2046  43.8659  
46.0971  3.65447  10.411  
46.8412  3.53049  13.2392  
58.4858  43.1144  23.8414  
58.388  44.1454  21.3833  
18.2469  52.2214  48.8928  
20.7736  51.4626  47.3732  
1.46667  23.4012  6.17033  
2.30958  21.725  8.40471  
44.2328  16.0629  55.8453  
41.7582  16.0371  54.6814  
36.2955  38.3745  49.0352  
36.3518  38.5043  51.8415  
38.576  7.03024  43.9567  
39.2398  8.37387  46.4568  
30.6513  14.0964  50.7766  
28.3875  15.47  51.9523  
12.0901  45.0714  4.63301  
13.0429  47.8627  4.93  
7.20644  24.7201  45.1419  
9.7796  23.2752  44.5422  
8.2432  39.6307  27.687  
6.94703  39.7269  25.0067  
50.1423  52.1375  22.3563  
48.8065  51.5227  24.8531  
3.56539  50.7804  57.3885  
1.94536  49.166  55.618  
33.4292  56.263  22.4576  
30.4381  56.7264  22.0729  
7.10118  54.7019  30.4484  
5.39852  55.3614  28.0911  
52.5008  26.8709  36.9385  
50.6823  28.704  38.1751  
9.37233  52.1518  45.1967  
7.58734  50.35  46.7876  
42.8376  54.6275  2.03496  
45.1629  53.2519  3.26943  
33.4497  44.8937  17.282  
33.5099  41.8965  17.1962  
32.237  54.0968  27.9644  
34.3545  55.0546  29.3099  
48.7528  34.4386  7.36258  
45.9381  34.0334  7.94873  
33.1439  53.3374  45.8558  
34.5089  51.0849  44.3593  
47.6459  31.8099  14.8742  
48.5413  34.4704  14.3147  
22.7527  38.1316  52.0672  
24.5321  40.0286  50.6263  
3.23438  46.8223  45.7782  
2.54334  46.3132  42.8669  
5.96067  2.09159  33.2215  
4.15614  0.156049  34.1913  
48.5844  45.1371  55.6039  
47.0925  46.6769  53.5885  
9.1227  34.8015  52.1067  
8.38245  36.6928  54.1567  
12.3598  54.5183  7.37533  
13.4082  56.4198  9.35007  
29.6886  2.48443  13.2904  
31.5422  3.34085  11.447  
24.8584  55.5973  50.5802  
22.1231  56.0738  51.3971  
54.8069  19.2117  19.8768  
52.5295  20.4858  18.4988  
12.2032  9.3545  39.3218  
11.8384  7.19339  37.2973  
57.0194  16.8839  23.1928  
54.2526  16.0522  22.1904  
0.0853559  56.4002  56.5997  
58.2634  53.6509  56.2561  
13.5814  37.4151  3.18724  
11.544  38.7192  5.0914  
55.2314  7.97401  37.1207  
56.6776  9.52796  39.242  
27.2493  14.0296  17.6201  
28.6187  16.3631  16.3232  
55.2451  56.1275  42.4555  
52.6151  55.7413  43.7197  
5.06141  56.715  13.9009  
6.60273  56.9057  11.591  
4.73231  43.6118  40.9774  
2.01493  43.8038  39.9727  
0.102807  20.6674  41.9108  
1.35761  21.1416  39.2048  
12.6701  16.8072  0.508178  
13.7373  14.7679  2.17605  
36.6605  1.60658  37.3364  
37.2213  58.6646  39.5224  
37.6223  46.5358  36.4293  
35.5264  48.3757  37.5648  
12.9437  35.9542  56.1265  
11.7263  38.0999  57.9908  
49.7387  15.3328  21.1154  
49.8308  15.343  23.9926  
19.3316  18.9169  33.2164  
18.9586  17.4018  30.8756  
34.0235  32.3421  11.5827  
36.8015  31.2673  11.6186  
6.68343  53.496  58.657  
4.04006  54.2582  1.04921  
40.687  48.7845  25.0984  
39.9012  48.6074  22.4589  
7.05232  52.9299  35.919  
6.92536  50.8353  33.8696  
40.8279  36.7334  10.4773  
40.8076  37.4059  13.1555  
32.7307  46.2874  31.9473  
30.3965  46.3313  30.3141  
33.0049  2.81381  22  
34.5298  4.73099  20.5367  
11.6041  22.4702  36.0585  
12.8141  23.9934  34.0255  
56.3894  36.0162  47.0435  
0.288981  36.2565  46.5033  
26.7302  18.5  42.262  
24.8239  19.5663  40.3182  
50.9375  0.211916  19.5171  
48.1391  0.322189  19.7969  
52.1005  16.9905  50.1624  
54.8788  16.2607  50.0323  
36.5309  42.4594  23.575  
37.5613  45.0766  22.4902  
19.0991  55.8644  19.194  
18.8504  55.2631  16.3605  
31.1678  49.6966  22.8475  
31.2437  50.3355  19.8944  
3.23366  26.2383  15.1228  
1.57094  24.5929  17.1035  
29.1816  2.2386  5.17594  
26.6166  2.23249  3.47401  
3.88685  15.1751  33.976  
5.19277  15.9488  36.3055  
40.7705  27.9915  47.3597  
37.9881  28.9456  48.3448  
41.231  15.2418  16.5147  
39.8815  16.8819  14.2966  
20.5305  14.9591  19.4831  
20.1923  12.2543  20.4078  
14.0556  24.0537  29.2414  
14.8956  26.796  29.8429  
4.35094  39.9815  15.9778  
3.1891  39.4747  13.3244  
3.7847  5.68307  53.6715  
4.73031  8.14488  55.1572  
0.580997  30.0761  23.5462  
1.43237  29.2427  21.0654  
41.1695  56.5559  16.66  
43.0916  56.9985  18.5203  
32.4628  37.1287  5.72806  
31.4953  38.2376  8.14532  
27.8676  50.836  12.1764  
25.2472  51.6417  13.2712  
42.767  47.1688  47.3362  
42.6582  48.6952  49.8047  
28.0143  34.0446  25.3696  
27.4212  36.4444  26.8612  
3.27577  11.3073  8.97499  
2.58966  8.82623  7.91629  
7.01933  20.0465  4.84207  
9.04874  18.412  3.87006  
0.403374  42.8469  56.2299  
2.18472  42.7283  58.5331  
26.5543  33.2126  1.05798  
25.6346  32.9314  57.1174  
51.6517  32.7997  18.022  
54.4599  32.0471  18.0426  
0.273082  0.891644  40.8555  
0.581322  57.8223  42.9164  
31.3269  42.6159  28.7055  
30.0629  43.3154  26.1951  
28.2437  16.4199  7.34282  
28.8625  18.0519  9.64756  
36.2773  33.3357  22.9352  
35.419  30.764  23.4602  
0.355708  21.052  2.74743  
56.4902  22.3922  2.97763  
22.7123  21.2298  14.3911  
20.492  23.2354  14.3746  
57.0875  55.6448  38.2806  
55.4833  52.9512  37.8254  
25.4187  51.9937  28.6152  
26.0993  49.9622  30.7837  
26.8264  19.1694  13.0966  
25.4232  20.5331  10.7915  
42.3688  48.0249  5.46799  
41.2331  45.2905  5.04031  
33.1843  33.8035  53.5149  
33.2867  34.7054  56.3981  
21.0971  42.9774  27.9094  
21.9898  42.7977  30.7224  
39.1349  17.2078  47.8308  
39.2118  16.5954  45.2763  
37.7104  25.5413  45.7492  
37.934  23.5136  43.671  
27.1677  18.3534  21.1774  
26.6933  21.1496  20.9166  
36.954  32.7735  49.2577  
38.1224  31.6473  51.8397  
52.0615  10.4624  56.1633  
53.097  11.4073  53.6889  
29.4333  58.1976  38.1506  
29.175  2.14188  36.7491  
26.729  53.4287  20.6278  
26.1632  55.1705  22.8946  
17.7733  38.7964  15.2019  
15.1023  40.1319  15.1673  
52.5663  58.7633  7.20096  
50.8397  57.8995  9.45549  
2.71634  54.8672  9.34008  
58.6735  55.6823  9.25752  
46.7073  25.9995  41.413  
43.989  25.7718  40.4973  
39.7232  43.5974  10.5199  
37.226  42.0563  10.9935  
3.86689  30.1412  15.6856  
6.02023  29.3383  13.9745  
20.9487  36.8641  16.7699  
20.7951  36.8414  13.9816  
52.0647  6.61946  0.356071  
52.282  3.91176  1.30133  
46.3021  33.7597  50.6564  
48.6383  32.236  50.3795  
14.5661  13.3364  24.4138  
16.8012  12.227  22.8012  
19.6888  2.92956  16.0371  
19.7286  2.72146  13.2697  
45.8212  45.9161  45.6252  
44.2167  47.5852  43.8677  
12.574  16.6527  33.3058  
10.8407  15.5549  35.2776  
15.4926  46.8033  36.4822  
12.9753  46.0097  35.7384  
45.2469  40.6703  20.1064  
42.9696  41.3753  18.6252  
48.9275  5.32136  46.8455  
49.8489  4.33365  44.2381  
32.6313  47.1911  13.8573  
31.182  48.2206  16.0877  
23.3785  38.8537  23.0065  
21.1358  38.7302  21.3209  
11.6161  19.3433  30.5758  
13.7084  20.2079  32.2782  
50.8157  12.3428  47.7933  
50.7786  10.3808  45.6152  
36.8981  52.72  53.3411  
35.4466  52.9796  50.8865  
9.26036  50.4088  12.3169  
7.39127  52.8093  13.0752  
18.9677  44.0863  50.7767  
21.4787  42.7726  49.9411  
58.4631  17.8802  55.7828  
55.5508  18.2523  56.0469  
25.4768  42.6271  47.0015  
24.7591  44.479  49.0171  
1.63915  26.5919  1.0032  
3.96901  28.2147  0.742203  
16.5202  14.7903  39.2495  
14.6316  14.5802  41.2267  
24.4504  13.0504  10.5562  
22.2316  15.162  10.2299  
30.7155  45.6292  22.1641  
28.0683  45.5805  23.5179  
2.13352  1.90065  26.3028  
3.59271  4.3408  26.3483  
41.4007  10.6002  36.6064  
43.1795  9.37882  38.4415  
44.5559  4.15781  49.8514  
43.3775  2.20554  51.7  
7.44182  17.5405  7.9379  
6.966  15.8035  9.97345  
34.8259  26.7372  29.8725  
34.1173  27.1729  26.8159  
33.5942  14.0694  3.55294  
34.2622  16.5638  4.9382  
9.12996  12.6725  28.8279  
10.9352  13.9065  30.7292  
2.08344  32.8027  19.2464  
4.63565  31.073  19.7463  
39.5123  48.4887  42.3791  
38.1653  47.0102  40.3667  
56.2305  33.7873  15.0338  
57.4933  36.1526  13.6265  
4.44743  39.6929  43.199  
5.77206  37.9682  41.6663  
32.0874  15.9974  33.7487  
31.7084  18.8139  35.0856  
26.7287  4.02871  28.5439  
29.2854  3.53743  27.1003  
53.026  9.68456  40.7393  
50.1527  9.57708  40.7275  
7.17392  38.4281  13.6585  
8.94876  36.69  15.1465  
34.3847  42.1237  8.5425  
35.8568  39.9056  7.66632  
29.3659  8.76433  7.40527  
26.5869  8.43104  6.86386  
5.0307  2.07404  38.121  
3.96595  2.376  40.7274  
5.13495  22.9775  54.0575  
7.09766  22.3538  51.9043  
45.9509  33.2035  20.7122  
46.2774  34.2058  17.969  
0.477231  26.396  37.0569  
0.0394027  25.0436  39.7304  
45.048  11.1944  14.8217  
45.4634  9.41209  17.0312  
17.995  13.1364  1.24257  
17.4255  13.7226  3.92054  
56.5316  23.2691  19.5034  
57.6037  25.7953  20.6906  
37.8552  36.0399  56.2643  
37.7463  38.9054  56.2906  
58.6565  40.362  36.2169  
0.476972  37.3939  35.9635  
46.5717  16.279  40.8108  
48.9781  16.1244  39.0544  
22.5695  44.8264  22.5792  
21.7561  42.6827  20.5899  
21.5752  21.6924  37.3634  
21.918  24.5716  37.7807  
35.3211  57.4881  57.2992  
37.1526  0.623693  58.5265  
28.0376  53.5468  31.2907  
30.2047  55.2183  31.9233  
39.1479  6.46947  0.682394  
38.6427  9.28349  1.28692  
32.7074  0.545183  28.4728  
32.4134  0.128385  25.5153  
12.8776  53.3144  16.1107  
10.1776  52.339  15.8175  
20.2306  30.2482  4.76851  
18.5501  32.2736  3.14591  
13.1754  11.8615  44.5186  
11.1142  13.9914  43.7926  
10.4563  13.3782  0.414552  
8.25329  12.3502  1.7646  
30.2458  13.7409  1.10546  
32.1283  12.9412  58.0057  
36.708  21.7585  31.9697  
39.5083  21.026  32.2761  
42.3842  55.6262  56.1529  
45.0719  55.4776  54.74  
41.1344  40.8739  38.9531  
40.5855  38.2613  37.9143  
26.0491  46.7812  33.8034  
24.6705  46.5001  31.2592  
40.9734  22.9377  57.282  
38.6377  23.6402  55.6597  
18.4234  26.8548  12.3718  
17.0631  24.6603  13.5916  
53.8551  38.2362  51.2901  
51.4087  39.4733  50.4488  
1.22904  5.76844  58.724  
58.4509  6.50165  2.18327  
26.8264  33.3712  16.2903  
24.4513  32.9679  18.0864  
53.3482  41.5015  34.4248  
51.4502  43.6653  33.2825  
15.0406  9.71425  1.74012  
16.1168  7.0345  2.57113  
51.599  38.1132  46.6054  
52.0535  38.0798  43.9189  
34.0137  22.9503  28.4713  
32.1576  20.7122  28.353  
44.7585  56.3998  8.5339  
43.5834  55.3587  6.03073  
54.824  29.6713  5.02182  
53.2594  28.0714  3.23442  
49.7006  0.561944  50.7784  
47.0635  0.690008  49.9931  
35.1089  56.926  10.2025  
37.0513  55.4546  12.0109  
43.856  8.75812  47.4427  
46.1471  7.94996  48.9918  
7.52964  26.5382  6.85813  
4.95313  26.7163  8.23655  
12.0499  27.6396  9.10449  
11.9083  24.9192  10.1003  
27.5446  8.02241  1.06463  
28.4681  9.64434  3.10716  
25.6981  0.295384  57.5163  
24.4926  2.86277  58.5583  
21.3638  15.634  35.0889  
21.6114  14.6216  37.7661  
43.5804  14.1052  28.5113  
41.7137  13.2897  26.4773  
33.9804  47.4369  28.0577  
35.8401  46.4863  25.8094  
52.3992  48.7129  7.3668  
50.205  46.7844  8.41281  
41.6083  22.5162  40.2604  
43.1531  22.6281  37.7407  
54.6637  8.86131  15.2271  
56.7311  7.79144  17.0969  
3.44481  37.64  18.8946  
5.05799  39.9041  20.1299  
1.90737  0.96557  49.6545  
0.320035  58.1032  48.0815  
5.72029  40.7645  4.42795  
3.16451  41.6732  3.79513  
52.0526  39.4514  39.0642  
50.9554  38.9244  36.3989  
28.1372  38.0265  21.6038  
29.3375  40.7292  21.9606  
25.9134  23.2486  7.27152  
28.2907  23.9366  8.50872  
5.79717  13.4753  44.8897  
6.0816  16.3574  44.6894  
38.589  17.9988  7.71852  
36.7117  16.9486  9.77969  
46.2836  29.0853  38.8823  
45.9783  31.1413  36.5676  
1.71756  40.4621  32.379  
2.01938  43.2233  30.9147  
45.4828  1.47604  27.2788  
45.0053  4.16524  26.2432  
38.8654  48.4271  2.35844  
36.2106  47.1125  2.12586  
10.3658  34.2861  3.9349  
8.7657  32.0253  2.96414  
19.9587  21.7629  52.8018  
20.9827  21.6817  55.4749  
51.8036  29.2277  52.0233  
52.444  31.3956  54.12  
33.8788  44.2861  36.9328  
32.9375  42.2963  35.2399  
42.9388  19.3773  26.4378  
45.0727  20.4307  28.0114  
34.0736  52.2602  57.6624  
36.1519  50.4407  57.9825  
31.3471  29.95  23.8411  
32.3914  27.4948  22.5866  
57.5957  16.847  33.1381  
0.400153  17.6058  30.9924  
37.4252  13.404  3.48072  
40.4158  13.2494  3.22473  
20.9281  36.654  55.3139  
18.6919  37.8768  53.6992  
19.3256  9.49761  26.1245  
19.5257  9.65358  28.9167  
19.6664  38.1779  27.3865  
18.1947  39.715  25.684  
38.1268  55.2448  23.4033  
37.1434  52.5714  22.4469  
10.4336  41.8182  2.43054  
9.5098  44.2373  1.43541  
1.5481  12.5483  46.2469  
2.18416  10.6404  44.3087  
41.0992  45.7197  33.6221  
41.722  48.6662  34.2305  
10.1495  13.0777  21.9093  
12.4706  11.3301  21.3909  
54.524  56.6145  10.2557  
56.2593  56.1509  12.6433  
53.9177  53.6757  19.7857  
55.4028  52.874  22.1192  
35.3619  48.6879  21.4298  
36.8512  49.0745  19.1779  
16.2681  31.4361  49.7995  
14.3186  30.7171  51.8802  
18.2689  54.043  28.2038  
17.7554  55.4401  25.6205  
24.1954  4.08881  42.0222  
24.4242  6.48686  40.4127  
43.0497  28.9793  2.26119  
44.4097  26.8545  3.88084  
58.7919  38.7478  26.6238  
2.26907  39.6318  28.3621  
27.7687  28.3984  15.1531  
27.2836  26.0636  17.1116  
10.6572  14.9783  26.0499  
9.2478  16.781  24.3235  
29.6129  34.298  36.8972  
27.0771  32.9057  37.7283  
14.1025  33.652  16.5644  
13.6671  35.9972  15.0615  
16.2809  41.9659  54.3763  
14.487  39.6848  55.1662  
34.1501  17.5238  43.437  
31.2076  17.8081  44.4185  
20.707  8.53909  16.4978  
19.5328  6.61279  14.7876  
46.6882  1.44732  1.34035  
46.1477  57.7974  3.08717  
51.5982  14.9265  56.478  
52.6952  16.0824  54.1027  
31.7091  22.8419  6.56933  
32.1219  25.4906  7.75426  
47.7059  1.17799  38.2354  
46.0406  58.7385  40.2564  
23.655  54.2436  38.9766  
22.7327  52.6415  40.8605  
10.4248  8.27104  22.1363  
10.4618  6.20361  24.3144  
15.0316  18.5227  48.7773  
14.2763  19.1988  46.095  
15.5515  32.434  55.5449  
13.8058  31.8432  57.5739  
55.3709  26.5023  48.2948  
53.265  26.1077  50.2761  
16.9526  24.7177  49.0495  
16.5892  27.5157  50.0486  
2.26936  35.1985  39.9094  
1.05624  32.522  40.2946  
23.6519  9.9824  19.4967  
22.6581  8.3714  21.5846  
18.0603  55.7781  7.64975  
19.0262  57.8348  5.75502  
17.9857  4.60788  9.20326  
16.5052  4.22038  6.75888  
50.7434  21.3145  42.965  
50.2999  18.3992  43.6335  
22.7977  27.3062  8.1305  
20.1279  26.3555  7.85957  
6.20494  47.6439  48.7759  
8.20229  46.2514  46.8234  
16.7852  30.3853  23.0013  
16.6434  28.1944  21.0613  
39.0645  10.2854  53.7965  
37.9899  8.8674  55.944  
26.7981  39.8168  54.244  
26.5809  40.4879  56.8917  
35.698  42.4386  57.2034  
37.3448  41.482  0.80567  
6.022  0.0015831  4.87946  
8.26968  57.8399  3.68185  
37.6354  37.141  45.4631  
35.6659  35.0721  45.6014  
58.2857  29.394  17.341  
55.9635  28.9909  15.1663  
22.2069  53.9422  25.8573  
23.9205  55.7559  27.4103  
12.1099  31.8607  32.2125  
12.9502  34.8322  32.1352  
57.3658  13.6176  3.01445  
57.582  11.1786  4.68441  
3.27678  11.1151  3.64856  
1.64254  10.077  1.61597  
26.0745  27.3079  38.0452  
25.6553  26.6294  35.0076  
0.483696  11.499  20.3679  
0.0743869  10.6149  23.1265  
24.5496  40.1019  3.43251  
23.7856  42.5671  1.76182  
15.9346  51.0902  27.8567  
15.3016  48.4074  28.8736  
19.8814  39.2061  38.161  
19.4228  37.6858  35.6372  
4.88245  10.2464  27.873  
5.61027  10.8186  30.6685  
28.6556  44.7454  36.3294  
26.5288  43.3707  37.3966  
17.1647  45.6414  13.9379  
16.3482  46.3146  16.6041  
30.337  15.7992  40.2186  
28.9716  15.3403  37.7515  
45.017  26.5559  17.6337  
44.288  24.9275  15.5118  
38.4616  48.2858  47.2991  
36.7643  49.7209  49.0087  
2.28251  14.5969  55.3434  
2.27352  14.7028  52.3732  
39.0173  10.9709  18.7328  
38.0223  8.48331  19.207  
53.6732  49.9838  43.605  
56.234  51.0713  44.1675  
34.5869  55.0214  5.76598  
35.2246  56.7343  3.43681  
13.314  2.11824  52.7797  
10.9229  1.87564  54.4875  
12.5887  6.20893  28.5226  
11.1056  3.65682  27.8964  
52.911  58.7945  53.6256  
52.1837  1.79533  55.711  
0.441235  49.6431  15.696  
2.88213  50.6413  14.5544  
49.2602  50.5039  42.3843  
48.979  50.2371  45.1365  
32.7607  37.4505  39.2506  
34.017  35.016  38.4117  
29.1833  51.6469  15.4115  
31.4032  53.1852  16.0839  
35.3585  38.1202  24.4783  
34.9935  38.6195  21.5763  
47.7274  10.668  4.21097  
49.3712  12.3481  5.89164  
23.9645  35.5091  40.4524  
26.5903  35.6006  41.7075  
28.3195  53.0071  4.44013  
27.8869  55.1684  2.62936  
45.4911  36.4216  54.4157  
47.2227  35.1559  56.2976  
16.8245  1.69454  56.173  
16.8114  2.8986  58.7844  
36.4471  8.61029  37.5414  
34.3136  9.62976  35.6985  
10.6566  51.8673  48.8  
13.4339  50.843  48.5751  
43.5177  40.4621  0.177577  
45.6309  40.6394  2.25966  
42.6093  48.3668  56.7466  
40.1548  48.333  55.0336  
9.28242  21.2924  58.219  
10.8471  23.1955  56.738  
52.9739  38.346  29.0732  
52.9176  40.8733  30.2986  
57.6431  11.7114  33.638  
57.3316  13.3555  36.019  
16.5184  42.487  5.20409  
17.7784  39.9891  4.33045  
34.7363  28.272  10.2382  
33.9168  25.9652  11.8191  
31.8729  8.46744  25.019  
33.3259  5.92532  24.4211  
48.5818  30.1643  21.5309  
51.3101  30.9571  21.1822  
37.3326  14.8306  41.9802  
36.9514  17.7685  40.9774  
54.3608  54.7578  53.9045  
53.8734  53.857  51.1458  
10.0105  3.68021  20.9082  
10.2124  0.991385  21.9074  
53.2141  57.0255  33.0288  
55.0618  56.8764  35.1918  
14.9307  23.7885  43.4084  
14.3695  24.8919  46.0349  
8.92321  7.77556  44.9325  
8.16416  9.99823  43.3928  
47.3706  28.0539  13.3636  
48.9817  29.9043  11.8659  
55.7552  15.0346  10.206  
55.2093  17.8351  10.7558  
19.6895  58.7596  29.6066  
19.7652  1.72255  27.4346  
34.388  20.8946  3.87856  
32.0227  19.503  4.40962  
56.5574  26.1441  29.475  
56.6992  24.1657  31.6459  
48.6458  53.2284  37.3601  
50.2836  50.9511  38.0366  
52.6947  0.790331  42.0445  
51.7093  2.77716  40.2427  
50.2414  34.7648  1.7584  
52.7169  34.5421  0.768368  
28.3988  10.2346  49.9619  
26.4565  8.8937  48.5186  
39.8505  13.1397  47.6229  
40.5298  11.5917  49.9705  
12.9368  29.5836  40.6587  
12.6028  28.2031  43.2697  
25.3934  14.7417  1.82503  
23.7067  15.7492  58.4498  
20.8218  16.8247  25.9633  
20.213  14.1962  27.3196  
54.6256  31.4852  48.2339  
53.2621  32.6969  50.5177  
57.2372  14.7528  18.8229  
56.9227  12.3268  17.1604  
41.7695  56.3699  51.9848  
39.9608  54.7107  50.5367  
39.4774  37.5206  16.7039  
42.332  37.3866  16.8126  
44.2178  49.4768  53.6031  
46.1213  51.2393  52.2091  
26.6108  12.6532  5.89155  
24.4086  14.1615  6.38353  
30.5355  29.8102  35.8086  
33.1176  29.3591  34.9406  
56.7258  54.0135  28.8738  
56.3515  55.7794  30.9679  
26.8288  27.3661  26.6566  
29.3271  28.0175  27.8906  
53.9231  35.6926  22.4513  
55.2981  34.8707  24.8994  
5.46869  41.0203  51.5388  
3.57167  38.9822  51.4711  
10.3502  30.5445  13.6961  
9.94721  27.6597  13.3077  
17.3738  14.4135  34.1147  
14.8259  13.3091  34.9912  
10.8077  58.1415  41.8343  
9.8743  57.3941  44.4411  
7.90604  27.2687  2.48998  
8.97553  24.5477  2.83653  
20.8547  19.3614  22.0001  
23.5621  19.9125  23.1584  
32.1345  8.42449  12.3384  
31.4276  8.1997  15.154  
56.7879  23.1007  56.6755  
56.6262  25.433  54.9207  
16.0075  37.9977  10.5857  
13.5926  38.2087  9.01997  
27.4489  31.8779  21.5299  
26.6474  30.721  24.0189  
2.17472  46.5595  51.777  
4.38485  47.6672  53.2021  
53.6274  48.4558  54.8779  
53.4188  46.9681  52.337  
40.1727  21.3756  20.9959  
42.3274  20.4644  19.2844  
43.8951  43.4352  55.0299  
41.2559  43.1191  56.5061  
49.8212  41.6093  4.42869  
47.7153  43.7318  5.22263  
39.5931  31.4612  19.7195  
40.9994  33.2905  17.8144  
47.4158  9.1834  36.9697  
48.5745  11.7433  37.164  
19.595  41.7378  42.9749  
20.8179  44.1038  41.6462  
16.1776  12.0829  47.4431  
16.8521  9.54674  46.2041  
16.7825  58.6867  21.9565  
14.5032  57.624  23.6516  
43.9643  36.2333  2.41954  
45.1083  34.1294  3.95427  
17.3242  6.59454  56.5905  
19.0437  7.33453  54.3798  
36.1925  47.5967  53.826  
38.058  46.4399  52.1738  
33.4108  18.0322  20.8513  
32.7384  15.3517  19.9474  
15.2578  56.9904  39.9038  
15.5833  55.4698  37.6316  
39.5876  20.3388  2.65746  
41.3499  18.3838  3.71052  
50.1364  51.9  30.3863  
53.0134  52.5887  31.1528  
35.8071  30.527  4.51213  
37.7951  28.6171  5.28876  
36.6602  26.524  40.8559  
38.4434  25.8666  38.6638  
57.2839  1.09422  15.001  
56.8028  57.8517  16.7367  
23.6565  41.5703  40.7566  
26.514  42.1993  41.4692  
28.6222  0.0611036  45.1301  
27.8624  56.3467  44.0617  
24.7981  36.6264  48.1  
24.6821  34.5247  45.9024  
21.8193  55.7383  46.836  
19.3676  56.8439  47.2425  
49.4397  51.9811  1.00884  
51.8565  50.8921  58.7281  
37.5982  17.005  26.1492  
36.4211  19.0989  28.0546  
13.3204  43.8064  29.7015  
11.8056  42.3753  27.5893  
35.0826  50.6695  4.81109  
36.5888  51.8427  6.99064  
3.33383  19.1631  35.763  
1.05273  20.4169  34.9502  
27.9785  18.5516  55.1404  
27.5576  16.2358  56.5026  
2.23377  34.615  1.30611  
2.98558  36.8883  3.11986  
10.8453  22.6966  50.7844  
9.18633  23.0561  48.575  
56.2564  49.6389  6.69941  
55.5367  51.6356  8.79785  
0.765007  4.69018  38.4723  
58.387  4.52854  41.3401  
43.1651  54.5142  25.7134  
42.2515  52.417  23.7324  
28.317  57.5974  9.37079  
27.1852  56.0121  7.21842  
20.8659  23.9913  31.535  
17.8848  24.1833  31.2674  
18.3924  53.7812  33.3289  
20.488  54.7606  31.6191  
23.0228  24.4033  57.7334  
23.6253  22.4206  0.839835  
53.0095  19.0078  0.275543  
51.7065  18.7586  2.82048  
8.11607  23.1758  9.94702  
9.98618  20.854  9.95882  
4.81032  36.1743  6.8933  
5.71511  34.6617  9.17149  
47.7631  23.6324  31.4509  
49.0396  25.4234  33.473  
15.2399  42.6163  37.8004  
17.3166  42.1067  39.9205  
48.9722  42.7648  22.5104  
48.8229  40.1339  23.0921  
2.0607  10.8709  40.5599  
1.41293  8.14135  41.0051  
9.95402  22.5839  21.0017  
9.39379  22.1575  18.3352  
0.169297  54.3569  1.65769  
0.980491  54.1595  4.53468  
30.1016  48.5595  4.03906  
27.3324  48.9281  3.18262  
34.625  6.281  49.9832  
36.4294  6.69157  52.354  
24.7153  39.2945  16.8775  
27.3113  39.7726  18.1034  
58.5608  22.749  48.7581  
0.418446  24.1728  46.2616  
44.4402  5.08138  18.2441  
41.6671  5.67827  17.5086  
31.1813  57.4019  16.1294  
33.0615  56.4419  14.089  
31.9392  41.9356  39.7426  
34.0926  40.7553  41.401  
57.5348  41.6235  2.07777  
54.7656  41.8006  2.55016  
36.4238  45.666  12.2347  
36.8797  48.3622  13.3391  
23.6672  17.7092  29.5385  
26.0378  16.743  31.2826  
16.2822  29.6027  15.0121  
16.0672  31.8759  13.0579  
30.8712  43.9341  8.45023  
32.8103  46.0392  8.95033  
4.09589  2.86112  1.2062  
3.31717  0.7342  58.356  
15.5965  47.0917  1.72583  
18.3799  47.797  0.893358  
42.9346  50.0616  40.4104  
45.6186  49.9671  39.7151  
28.3601  10.7915  20.3723  
27.5197  9.29479  18.1887  
7.57389  19.5361  55.3181  
9.4  17.5239  56.2758  
0.0929846  9.42075  51.2599  
1.7859  9.70357  48.849  
38.5629  28.504  1.26884  
39.7273  27.1081  57.8783  
49.06  42.7305  48.9309  
48.6958  42.7616  51.6797  
16.8023  20.568  12.9906  
17.0826  21.1668  15.8125  
29.6218  35.242  50.4562  
28.7438  32.8445  51.9366  
8.00178  4.43412  8.69775  
6.5312  4.37561  6.24345  
55.9026  42.1752  43.5793  
56.6388  39.2781  43.4577  
44.0284  41.1948  48.8851  
43.3962  39.7631  46.4749  
45.1167  57.1629  22.7077  
45.3804  1.06758  23.5775  
19.8032  51.287  24.1614  
21.4178  50.8029  21.6936  
16.9816  50.7025  39.8427  
16.123  49.8683  42.4938  
52.8203  20.7887  26.2524  
50.8743  18.9312  27.1214  
51.639  39.7748  16.2261  
54.0425  38.3187  16.7546  
9.29441  44.5842  11.108  
11.4132  45.29  8.99983  
26.1709  30.9678  11.0254  
27.7776  28.6775  10.222  
57.6624  43.9828  52.3837  
1.62283  43.0092  52.383  
15.0229  16.501  7.24755  
12.8709  17.7437  5.76111  
43.1777  41.9269  24.8189  
40.785  43.6941  25.2577  
32.3009  3.97774  56.0949  
33.3784  4.32225  53.4573  
36.4535  4.14619  16.7106  
37.7643  3.36196  19.4461  
58.0724  29.646  42.7335  
0.877066  28.7916  40.5819  
2.37581  48.5665  23.9614  
1.97781  48.6318  26.8064  
44.9589  7.01286  57.9625  
43.5854  9.4663  57.1174  
44.7302  43.977  38.3816  
45.8304  46.5958  38.2478  
54.696  27.2918  33.3264  
52.6261  29.2439  33.0555  
54.6179  9.95007  47.2927  
57.3681  9.03038  47.6331  
44.7867  19.3787  10.6343  
46.4933  21.1285  12.2208  
26.0846  39.5539  32.6549  
28.332  41.2725  32.5918  
20.5957  49.4393  6.2795  
22.2023  47.4674  7.5818  
42.5053  55.1255  47.3508  
43.1883  56.4357  44.863  
34.8886  7.35117  0.517634  
31.9693  7.60413  0.988795  
47.1939  3.27545  6.10551  
46.5504  6.10904  6.37415  
0.182732  5.3953  33.3898  
2.55854  3.88156  34.5213  
28.198  37.6739  13.5708  
29.9451  35.391  12.9673  
31.8439  44.9191  2.31788  
32.7119  46.0979  4.75437  
36.5547  23.5253  0.853711  
35.4744  25.4904  2.75795  
1.04908  53.3496  43.9524  
0.0738512  53.5677  46.8179  
20.4339  2.19401  20.9417  
18.1613  3.99323  20.5595  
18.2943  45.6416  20.8851  
17.9586  48.2232  21.3715  
55.5839  8.43936  25.1953  
56.7575  8.39648  27.8225  
22.6817  47.9477  51.855  
23.1629  48.7174  49.4383  
15.9654  57.5508  49.7031  
18.0597  57.0798  51.8307  
12.2234  8.94543  8.69012  
10.615  10.9073  6.83289  
7.42327  20.6318  14.0801  
5.54666  22.0639  15.8434  
15.8756  37.7968  33.0234  
18.4616  36.6872  32.1476  
32.1045  51.2521  9.07469  
30.0546  53.0278  9.56844  
9.78181  35.3364  42.6158  
10.1921  33.1071  40.8077  
50.8333  26.4114  22.4576  
50.9619  23.618  22.0941  
42.2602  17.1185  21.3263  
39.9366  15.4207  21.8799  
25.3474  7.36659  44.3901  
25.0742  10.3097  44.9118  
0.351555  17.1562  6.92619  
3.14713  16.6813  8.21148  
9.94464  33.9883  22.1271  
9.01554  31.1183  21.7695  
39.1821  9.94141  7.68024  
40.5715  7.74142  8.65266  
54.4818  2.56841  20.3  
53.536  1.39912  22.5784  
28.4174  33.1967  4.99159  
28.3961  30.6867  3.72728  
56.9961  41.8936  39.4557  
57.3818  44.315  37.6214  
16.7134  54.1482  12.9122  
15.8833  56.7158  13.8911  
31.273  21.308  14.8106  
32.2539  19.0492  13.3618  
19.1606  27.9031  41.5131  
20.7017  30.2439  42.6378  
50.908  26.9682  47.2254  
49.6237  29.0388  46.0065  
20.1965  18.495  44.8662  
23.246  18.6077  45.0974  
31.0197  5.75208  19.0893  
28.5458  5.16994  17.8893  
47.7317  13.2819  17.3705  
49.9118  15.2344  16.8751  
56.8633  41.6242  6.46597  
58.592  43.3106  8.1853  
39.1453  1.30277  28.4038  
36.61  0.591702  27.0323  
32.7617  4.10758  3.56687  
33.437  1.85448  5.39481  
51.8617  22.3877  33.2466  
53.715  20.5149  31.7691  
24.6809  39.2932  28.4522  
27.1707  40.3112  27.8713  
22.9523  39.5206  7.28471  
25.8591  40.3058  7.40875  
3.50441  51.0163  50.1418  
3.8078  53.8499  50.849  
20.4047  7.4285  48.8729  
18.2215  5.31278  48.8978  
8.90658  58.2485  58.4292  
11.3156  58.1375  1.04642  
11.6624  28.3572  34.4223  
9.23658  27.3014  33.2746  
24.1015  1.67946  25.9115  
22.2471  3.60733  24.9576  
35.0388  46.1141  48.5431  
34.8437  43.4544  48.9692  
56.7219  34.007  38.5059  
55.2004  36.1197  37.8705  
17.0705  19.0225  19.6955  
18.137  21.7587  19.2548  
37.5164  29.1108  33.739  
37.0172  31.815  32.4758  
34.4502  28.874  51.1335  
33.0221  26.5692  49.9615  
51.8258  39.7982  7.42388  
51.3728  37.5292  5.51904  
43.3946  7.49246  43.0456  
46.2205  7.11326  42.8144  
4.95091  30.5876  54.4936  
6.81252  32.8768  54.2061  
37.735  40.9202  43.4467  
37.8703  39.6034  40.8186  
7.59661  47.9922  58.496  
10.3247  48.6037  0.224537  
4.09675  18.3121  2.1674  
3.20019  19.1162  4.91297  
46.5948  12.5186  57.4233  
48.521  13.4079  0.565063  
45.0873  36.5718  43.7516  
47.2826  37.9124  44.7912  
51.6322  43.3235  11.3399  
53.9121  42.2883  9.91401  
22.1535  3.38538  9.30282  
20.46  0.891646  8.98004  
55.2402  42.2171  18.4687  
57.9005  43.2272  17.4701  
55.702  4.52237  50.6786  
55.6339  5.18621  47.9452  
2.20368  15.1052  39.4377  
4.57826  14.4119  40.7411  
34.2846  13.0038  32.4188  
31.9541  13.1475  30.5509  
7.07724  23.76  39.0635  
5.5944  21.4237  37.9212  
46.5324  9.56304  31.2007  
46.1674  12.2667  32.4022  
40.3089  2.2176  54.6532  
42.8207  0.673067  55.3388  
42.9493  22.399  44.7483  
41.4236  19.8756  44.4915  
49.8689  18.3978  32.351  
47.5856  17.0209  31.4785  
30.5458  22.236  36.554  
29.3537  22.8973  34.172  
55.0119  1.29418  4.92921  
53.5864  58.8658  2.64923  
51.2219  37.9439  20.297  
48.7349  36.5034  21.12  
54.2289  42.5451  50.4055  
55.3429  44.7356  48.9538  
31.2516  49.1503  52.5146  
32.1238  49.4934  49.7155  
13.8372  14.7565  18.4303  
16.5347  14.2177  17.9693  
50.2174  47.451  17.6074  
52.675  47.2514  16.1202  
17.7062  16.7992  11.0974  
20.1354  17.6732  12.6986  
8.03886  2.99514  13.9544  
5.94557  3.3295  15.8118  
3.89683  4.7904  9.89075  
4.22211  5.73572  12.4062  
8.52156  48.1494  29.6757  
8.86445  45.731  31.2303  
35.0434  31.0283  19.1532  
33.6224  29.0454  17.6505  
20.9831  27.9066  0.0371963  
23.4746  29.2745  58.0981  
31.6741  39.0764  49.7762  
29.1595  40.1661  48.7138  
21.0021  23.9682  41.9555  
20.9821  24.0367  44.9473  
3.98475  48.6795  18.2235  
6.38284  48.2661  19.6826  
6.17626  21.28  23.9893  
7.82333  20.5616  26.4245  
6.21977  30.2058  27.4353  
7.04707  32.2949  25.7193  
22.496  33.5338  50.3809  
19.9737  33.6262  51.294  
3.26888  8.18543  23.1028  
5.70152  6.46382  23.1048  
10.5138  4.02623  43.7586  
10.4496  3.90183  46.5272  
6.22863  31.6938  36.8156  
8.52383  30.1166  36.7911  
14.1595  26.9545  58.6234  
13.5564  27.3471  55.8383  
47.6301  4.41396  36.0911  
44.7306  4.52342  36.9772  
54.5194  10.104  1.31147  
51.9612  10.6603  2.232  
28.0671  56.7918  48.2071  
28.3184  57.9209  50.7737  
44.9796  34.217  26.7455  
42.8001  35.2398  25.4982  
58.0428  50.8186  2.98988  
58.4224  47.9009  3.48268  
35.8168  54.427  39.0496  
34.6931  54.625  41.8362  
42.5849  30.9553  8.94952  
44.83  30.8292  10.7385  
10.3791  16.271  48.6267  
9.42896  13.8657  49.596  
56.0235  27.38  25.1365  
53.9823  25.7031  25.831  
34.1586  40.9919  31.5761  
36.4348  41.8958  30.075  
57.8077  10.2018  10.3382  
54.8872  9.53868  9.62409  
25.4545  51.8212  46.7323  
23.8976  50.7161  44.6828  
35.9571  4.34314  40.771  
33.6166  6.01109  41.4154  
55.165  19.4872  43.8139  
56.9918  20.9963  45.4715  
13.0517  51.7545  2.76617  
10.2641  51.595  3.70697  
16.6321  22.7302  7.1553  
15.5478  25.4959  8.15432  
23.0177  14.0928  41.578  
20.2007  14.7519  42.1124  
21.5007  29.4239  51.3699  
21.5403  27.3819  53.4727  
10.3644  55.8867  24.5038  
10.4751  57.8821  26.3116  
