21.8266  3.97451  47.0078  
21.3167  6.33283  48.4644  
33.4408  14.3275  29.7434  
30.8711  14.569  27.6639  
10.4696  16.8444  30.6346  
8.33133  17.1003  28.8876  
6.5852  51.8981  50.4638  
8.65533  50.2024  51.664  
26.947  19.7551  38.0093  
27.063  22.8572  37.9911  
22.0366  4.63106  42.3551  
22.9036  1.88914  42.8191  
41.172  56.1934  41.5323  
42.3041  56.3892  38.8611  
7.15834  15.2206  41.1353  
8.53783  17.8035  40.8258  
33.5902  26.8178  36.6449  
30.6094  27.5889  35.8001  
52.639  43.1272  41.7691  
54.7699  44.5302  43.2634  
11.2452  36.4155  49.147  
12.3214  35.7379  46.5083  
25.1997  10.1726  30.2944  
24.1936  7.18853  30.1401  
20.8715  51.5321  37.1932  
23.707  51.9771  36.6843  
22.539  11.8074  52.5828  
25.43  11.3867  52.9203  
34.5981  5.09166  44.4229  
37.1998  6.31117  44.06  
9.21675  27.4368  46.7965  
7.35864  25.6243  48.0003  
35.6002  28.3795  45.6293  
36.4929  30.8884  44.5249  
48.8938  47.5192  42.8685  
51.735  47.1776  43.034  
1.55486  49.899  55.1475  
55.7518  49.1192  56.1995  
16.8217  23.9262  28.8931  
14.3666  25.0912  27.3688  
8.82174  20.5186  46.8659  
9.8089  23.1129  46.2076  
37.8253  2.38037  54.6216  
37.7135  4.10824  52.2686  
5.83284  36.5444  43.2379  
4.18006  37.6547  41.1046  
51.1916  25.1852  44.5171  
50.0948  22.6158  43.5924  
27.0948  2.97666  18.0082  
29.2597  4.40894  19.8231  
43.476  5.12275  60.7728  
42.0623  5.09639  63.3554  
52.3542  16.7544  52.602  
53.7513  18.4324  50.6594  
44.5405  29.3877  42.5303  
45.6754  31.1255  40.5637  
13.9826  17.9685  32.5644  
14.3055  20.665  31.0145  
42.4103  48.7212  31.0751  
41.2734  49.485  28.2237  
33.4747  24.9689  32.8349  
33.1272  23.0146  30.6392  
54.3717  34.6416  43.1312  
54.0322  32.0232  41.9208  
54.2566  19.6089  46.3283  
52.5389  21.7039  47.2622  
8.70191  11.7693  18.8653  
6.04342  10.3283  19.2015  
48.416  2.85153  58.9252  
50.7493  4.29473  59.9438  
20.4151  8.22281  26.8476  
18.7623  9.22267  25.116  
45.082  0.324973  19.8693  
43.4602  0.881786  22.4547  
45.6346  26.635  19.3678  
48.3528  26.4177  18.7106  
53.6406  21.3605  32.9598  
50.7268  20.1517  32.8115  
27.5421  0.0245389  32.1654  
24.8567  56.0154  32.9422  
22.6316  2.42924  51.5664  
22.5694  1.96442  54.4502  
30.1779  6.5823  54.2448  
29.6663  4.85807  51.99  
56.0204  50.1874  34.7673  
2.37051  49.9797  35.2302  
18.0302  3.42198  50.4784  
17.8887  3.41772  53.6519  
31.5962  35.5962  39.2026  
31.535  33.6953  37.1147  
16.3018  26.6215  32.5538  
13.4921  27.0962  33.5154  
45.3821  52.2102  53.0667  
44.1819  53.9865  54.9059  
29.2105  38.5606  36.8482  
27.799  40.6333  35.8079  
36.6931  56.1833  57.8454  
34.4499  0.329701  56.2437  
21.4146  12.1881  41.1217  
18.5863  12.582  41.5519  
3.18046  9.57923  50.6758  
1.30418  11.3614  49.34  
36.9991  52.2545  34.5499  
38.4951  51.393  32.1966  
2.20611  55.86  43.3107  
1.42642  0.407037  45.9454  
32.6548  14.5762  48.2929  
34.0877  13.8164  50.684  
40.319  37.0909  40.0417  
41.1071  35.1915  42.046  
48.1409  34.931  39.0082  
50.8109  34.7628  40.2608  
31.0706  3.15952  43.501  
31.7727  1.06007  45.3944  
10.4819  37.3593  53.8233  
10.1193  40.1463  53.0737  
39.7653  45.3904  35.4785  
36.8623  45.5305  35.4014  
1.94439  42.1196  51.6407  
3.21849  40.5035  49.5927  
49.6944  29.0335  54.2905  
46.937  30.2845  54.1768  
14.6865  21.2014  50.6099  
13.2343  21.627  48.1601  
19.8266  39.5338  38.0062  
19.9136  39.9286  40.8682  
10.4392  39.5909  38.9376  
8.71672  39.2718  41.2494  
18.4122  10.4625  33.9296  
16.3663  10.0935  32.0163  
40.3868  27.0993  43.9485  
43.0054  26.2467  45.0229  
29.852  12.5411  51.0223  
29.0976  9.72184  51.2091  
31.9945  39.4783  30.2936  
30.6519  38.9396  32.9448  
45.9791  3.21484  45.7171  
44.9199  0.491685  45.7341  
6.90436  45.731  61.2347  
8.87976  45.9394  63.4144  
37.9165  22.4825  58.5079  
38.7256  19.7081  58.6368  
31.6942  19.5896  26.6318  
32.0128  21.5416  24.2328  
15.7946  55.9889  51.6884  
15.271  53.1047  52.2307  
28.3786  49.0654  33.3836  
28.7357  48.2009  30.5947  
44.7209  10.0124  49.3882  
45.6731  12.0163  47.5695  
12.3345  52.1454  30.9597  
14.1044  52.818  28.8105  
1.18804  51.2822  42.111  
0.532223  51.6339  39.3418  
7.24914  43.5153  91.031  
9.21205  41.3601  91.2053  
49.3568  40.8954  30.5597  
50.4439  38.7492  29.078  
48.266  5.63646  42.5229  
50.4695  3.80203  42.1168  
8.40188  54.8829  39.1245  
9.39257  52.3491  40.7507  
13.1296  44.7957  41.0723  
11.073  42.8444  41.6357  
49.7275  4.20329  52.9651  
50.7256  4.37792  55.6612  
39.2079  15.5844  41.9126  
40.2248  13.9802  44.0688  
5.03076  43.4742  34.8081  
7.08413  42.3927  36.4641  
17.2413  47.134  42.9123  
17.4232  49.9537  43.5713  
36.4736  9.92945  51.1129  
38.032  11.8937  52.636  
26.6561  4.96324  42.5173  
28.6931  7.12123  41.8863  
45.6745  34.8723  45.5865  
47.9791  34.8304  43.8686  
40.4695  49.6704  43.039  
42.1534  49.3402  45.4554  
26.4298  45.4658  32.3285  
24.1614  44.429  33.7105  
15.5882  17.7154  22.1774  
16.7618  20.2495  20.8221  
11.6336  55.6465  52.7894  
9.04033  54.475  53.1535  
47.9597  18.9299  42.1671  
49.388  19.4614  39.8097  
11.1155  13.3325  50.5757  
11.7067  15.7756  52.1053  
53.4106  51.9316  32.0447  
51.4268  51.5556  34.2025  
29.0377  3.15858  26.3536  
27.5777  3.78493  23.9551  
44.5544  2.46636  28.3053  
42.6185  0.970032  27.1712  
29.2253  15.8174  24.2205  
28.6176  13.6051  22.4152  
25.5265  27.8044  39.59  
25.4432  27.933  36.731  
14.4125  10.6068  18.8671  
12.9193  11.1875  21.1278  
5.68986  25.3181  43.7387  
3.87652  23.3016  42.6371  
13.4677  0.231551  45.7371  
14.2169  54.8709  47.7211  
40.7977  54.3126  50.8702  
39.2295  56.6854  51.0053  
17.0516  2.86852  33.7026  
19.1934  1.22811  32.684  
6.96107  19.4897  56.3241  
6.48721  16.7293  57.0601  
2.56352  4.31759  33.6454  
2.9196  6.53381  31.8273  
34.9705  37.6356  32.7389  
36.4802  35.9265  34.6481  
14.046  1.03614  19.8056  
12.849  56.5823  22.0813  
22.7665  8.77348  33.9106  
22.3498  10.6005  36.1979  
13.5171  17.5552  67.1965  
13.167  20.3893  67.1845  
44.8428  3.57511  52.8942  
42.0568  4.08853  53.6832  
15.3189  46.8616  59.6648  
16.6966  49.3912  60.3781  
2.6695  56.3347  58.0195  
5.12094  0.734525  59.1753  
9.35526  33.1243  54.9199  
9.34022  34.525  57.4325  
14.5531  3.36073  37.8092  
12.8938  3.30106  35.5564  
50.003  52.3346  38.2052  
47.7498  53.4362  36.793  
52.933  18.5173  42.5448  
54.6027  16.3333  43.5939  
49.6474  39.5413  48.7093  
48.9917  37.646  46.6159  
6.37935  22.0824  30.2768  
5.37693  24.6966  31.2039  
39.0277  26.4295  60.2494  
37.9067  26.5073  57.4915  
54.1156  4.42424  52.7608  
56.0205  2.40387  53.5403  
30.7459  52.6558  40.2977  
30.6887  49.8321  41.1183  
19.4506  15.6266  34.3094  
20.2483  18.0049  35.5872  
17.2563  26.6226  41.1805  
16.1639  29.2115  41.7531  
45.0155  23.6364  35.4779  
47.1385  22.0804  34.7661  
54.5085  28.0923  44.9165  
51.8695  29.181  45.614  
1.40115  38.8115  31.6938  
2.43644  36.5814  30.0091  
36.636  42.7791  49.9881  
36.1341  40.0835  48.8621  
14.0598  0.435683  27.3037  
16.0564  0.547704  29.5785  
56.6496  54.484  50.2915  
56.5891  52.0709  52.1344  
7.82495  31.9069  41.5052  
7.92716  32.7329  38.7062  
36.0168  54.8735  30.9932  
35.9233  1.09263  31.1707  
19.798  8.53181  40.9835  
20.266  7.12791  38.4911  
56.4312  6.03907  41.5279  
56.04  8.68755  42.7341  
53.8806  0.915505  46.8337  
55.4041  2.05505  49.1767  
28.044  1.6472  36.4268  
28.8655  3.4617  38.6185  
41.6594  12.1792  47.3691  
38.9019  12.4731  48.2093  
5.39889  26.0438  39.4677  
6.90032  28.3208  38.4449  
15.9773  17.4112  60.151  
15.7251  15.5189  57.9892  
40.1882  21.0196  46.5316  
40.7626  22.7505  44.2567  
16.7022  12.446  68.2303  
14.7832  13.1214  66.2167  
26.7206  1.3323  52.264  
29.496  0.526369  52.8462  
46.4977  0.0570951  51.9254  
46.8208  1.63386  49.4995  
54.7396  14.1202  50.3968  
53.8317  11.501  50.947  
27.9997  42.372  44.5938  
27.8542  43.7356  47.1842  
4.94131  5.59737  52.0993  
2.05488  5.67554  52.6304  
0.529869  36.3529  51.2362  
55.4896  35.7329  49.0162  
11.8566  14.4635  35.0431  
14.5301  13.7023  34.4007  
17.3625  19.9062  42.9933  
14.721  19.7437  41.5615  
42.9091  40.4327  47.6151  
40.4317  40.0885  48.9915  
16.4421  53.5964  40.8534  
16.2357  54.0194  43.6963  
44.4964  7.96255  53.1782  
43.4607  10.6494  53.431  
6.92059  45.7822  71.2899  
7.12521  43.5246  69.3828  
10.595  33.4542  23.1561  
12.2682  31.5457  23.2055  
53.5578  52.8373  41.2455  
51.199  51.4726  42.2056  
31.3125  0.640627  28.6773  
29.6697  2.46701  29.9731  
48.8536  49.2423  49.1491  
49.4204  48.2048  46.5944  
37.9555  52.3457  60.2301  
38.062  51.5986  57.3926  
6.20172  46.938  23.1658  
7.55215  48.8903  24.8305  
35.0207  6.10251  32.3972  
36.2543  6.52078  29.8474  
27.9925  34.93  47.8195  
28.1528  32.6595  45.934  
40.8361  55.6552  46.5004  
42.0523  53.6566  44.7479  
9.42194  11.3135  42.0462  
7.40604  10.4313  40.0221  
28.7609  35.7807  28.6157  
26.5813  37.5481  27.7175  
53.6359  25.4908  28.5333  
55.5656  23.3203  28.052  
55.8275  30.0135  34.9874  
53.0314  31.0459  34.7365  
42.2004  19.6867  14.413  
42.0413  20.9998  17.2156  
56.6105  46.2888  52.4968  
54.4225  44.5627  51.7256  
52.1789  48.1526  29.853  
53.6865  46.3097  28.3426  
10.9767  23.6134  36.0665  
9.45215  25.4297  37.7846  
6.84822  53.1355  65.7883  
8.77499  50.9425  66.2316  
37.3532  19.0202  34.3638  
36.0948  17.4687  37.0631  
24.4475  47.7311  24.2609  
26.3877  45.6318  23.3154  
6.37708  51.3376  31.889  
8.34135  51.3651  29.5985  
48.5656  47.3687  53.8787  
47.9384  49.2483  55.9111  
8.53649  2.21468  51.9859  
7.90854  3.41942  49.39  
5.75548  25.164  26.4234  
4.17311  24.9229  23.6522  
38.2634  0.266158  26.9078  
39.0352  56.5898  24.3495  
49.9358  27.0996  28.3017  
50.772  29.537  29.668  
43.373  26.0325  28.6582  
44.2236  23.4347  28.1833  
2.99355  55.94  65.0866  
3.76408  54.9815  62.4311  
47.6223  48.7496  36.5517  
48.4457  46.0311  35.7331  
21.4007  53.2656  31.1611  
21.6467  54.1042  33.9406  
1.53066  55.6515  36.1014  
2.98326  0.29423  33.8173  
45.6337  46.0207  69.4212  
44.8645  45.711  66.6478  
21.4013  25.1897  30.4142  
20.075  23.7154  32.565  
4.77593  8.62463  35.8219  
7.08853  10.9839  35.5187  
46.6532  4.54952  38.8566  
45.1269  6.55119  36.9709  
43.6124  4.31886  71.6342  
42.1268  4.61932  69.1737  
43.8218  6.03748  43.5798  
45.273  7.72383  45.5119  
16.3042  16.2282  40.7647  
15.6176  14.5247  38.4395  
9.15963  7.29566  35.3547  
9.90234  5.19144  33.3232  
3.75156  27.4039  34.456  
5.43022  28.3123  32.462  
45.4225  1.11166  37.0491  
44.704  55.5314  35.3855  
39.2048  30.1433  47.7068  
41.3808  29.1379  49.3576  
1.31776  46.492  45.5401  
56.6169  45.2204  47.8157  
49.4959  0.812315  45.146  
51.3118  55.9524  43.4681  
9.11816  44.7924  53.0558  
6.68983  43.0708  52.9912  
4.92193  52.318  57.471  
5.87076  51.0713  55.0014  
32.7586  9.23315  40.8038  
31.5616  11.5555  41.9129  
31.5785  0.182149  38.5494  
32.8445  56.6229  41.1359  
11.3866  31.4349  48.4293  
13.1191  29.0713  48.3573  
54.5569  39.7703  34.3087  
0.0746017  41.3452  35.3589  
37.5409  50.4144  65.0096  
36.895  53.1249  64.4697  
36.15  32.9267  28.3887  
34.5565  30.707  29.3266  
16.6567  29.6456  23.0308  
16.5178  31.5304  20.8816  
6.54903  48.325  35.5619  
7.15595  50.5973  37.0806  
21.6276  19.7406  25.1613  
20.7747  21.4021  27.3522  
29.3486  56.4652  48.8296  
28.8058  54.7222  46.5207  
37.4073  50.4127  39.665  
38.0271  47.6007  39.2634  
52.3124  10.3784  39.2534  
50.8908  8.49379  41.0051  
40.8697  43.0116  43.9524  
43.7166  43.614  43.4273  
2.46049  30.3401  47.323  
1.92303  32.8524  48.783  
0.558139  6.90654  62.1952  
54.7162  6.35139  63.3414  
50.037  7.32644  63.0467  
51.6863  8.69816  61.0616  
7.63148  0.465908  29.0443  
8.11833  3.21701  30.1157  
27.4792  47.8066  49.3967  
29.0086  45.8878  51.0501  
26.6303  15.213  44.8476  
27.2322  17.8951  43.9409  
46.2008  16.636  46.9991  
44.6858  16.0119  49.5042  
17.5194  21.1637  47.2364  
19.9444  19.5804  47.0634  
30.4008  15.1788  57.7034  
28.2041  16.3857  59.1932  
23.5031  23.0507  52.5577  
24.9734  21.1961  54.238  
1.82406  30.8613  56.6198  
1.04793  28.3688  55.1786  
5.3463  30.7548  50.7383  
4.90553  30.0682  53.5179  
21.3689  41.5554  48.8483  
23.5335  41.8313  46.8731  
54.4502  0.547648  73.1034  
55.7571  1.093  75.7157  
33.2726  2.854  63.8984  
33.1785  3.03706  66.8426  
0.768535  47.7797  59.9029  
54.6675  47.1545  60.5068  
22.3566  37.9652  60.0158  
22.7477  35.025  59.9497  
50.7432  52.0692  58.8212  
50.5886  49.258  59.4726  
16.8675  40.6137  54.1837  
14.0928  39.6877  54.277  
2.81468  45.7156  69.5134  
0.533745  46.7768  71.0812  
15.2286  0.165434  68.7347  
13.5047  56.6004  66.3383  
34.4193  19.8729  60.423  
31.8265  18.5447  60.2808  
56.4672  24.5163  52.7238  
56.3833  24.2984  55.63  
25.0484  53.7541  43.8731  
27.4678  52.2669  43.2424  
47.0645  51.2625  61.2133  
44.7169  50.4267  62.823  
39.7914  36.9309  61.8378  
40.5773  35.0029  59.7305  
50.8925  9.07089  54.0077  
51.8217  11.1332  55.829  
43.3292  11.5419  78.7763  
44.0586  12.2271  81.5049  
4.72576  53.9372  46.6056  
7.18491  52.5029  46.0922  
25.3244  39.3396  66.4474  
27.8335  40.098  65.2638  
9.57121  4.41523  84.0669  
9.21978  6.97508  85.4253  
51.6162  26.7477  57.8211  
52.5853  25.8692  55.2361  
11.8256  19.8773  53.7671  
14.2081  18.6118  55.1251  
22.906  54.5198  60.3258  
20.3235  54.567  61.7195  
50.824  13.0991  60.4348  
53.6243  12.7024  59.9306  
21.288  45.2459  47.4729  
19.7063  47.5448  46.6488  
24.4207  52.1355  28.2358  
26.6616  52.8394  26.5842  
2.09927  26.7312  44.7501  
1.1124  26.0587  47.3534  
29.4605  20.8249  53.751  
28.8234  19.4775  56.2357  
17.4119  48.1901  21.6928  
18.182  49.4434  19.0036  
27.6823  16.1688  77.5245  
27.1017  14.1351  79.5824  
32.9318  13.6828  65.3372  
33.3505  11.0901  66.5298  
21.3165  23.0269  56.8642  
19.4304  24.596  58.5368  
26.3417  5.73265  65.2585  
24.3408  5.79003  67.383  
26.2958  12.962  48.683  
23.7413  12.5169  47.4076  
47.2289  21.5154  57.8302  
48.7622  23.9843  57.2401  
41.2536  42.9008  57.9494  
41.5006  43.7473  55.187  
17.3222  3.17083  58.393  
15.2642  5.15504  57.9994  
34.018  24.0012  70.3392  
34.0527  23.5892  73.2872  
37.3357  19.7851  43.2901  
34.4497  20.0422  43.2362  
21.2237  49.3412  53.2589  
20.4951  47.4113  51.2701  
21.8245  32.5831  51.0961  
24.1903  33.5567  49.7833  
4.07925  26.9515  57.6764  
4.81996  26.1849  60.374  
31.0721  34.1704  57.557  
32.5462  34.4918  55.0468  
22.6152  45.5934  69.9241  
23.3676  43.0075  71.1263  
0.211283  15.2929  58.9436  
0.972717  12.7286  60.2093  
30.0991  21.612  45.0221  
32.0208  23.6096  45.8771  
2.69752  21.9854  48.7843  
56.4818  22.1796  48.8609  
25.0288  51.04  59.0349  
24.6084  52.5624  56.4757  
46.7749  9.17756  65.4782  
45.7661  7.02349  63.9007  
45.9886  38.7927  32.7747  
43.3075  38.4099  32.5042  
19.9416  39.1569  45.0228  
20.4912  36.5842  43.7343  
20.5772  7.75459  61.78  
21.8668  9.0638  59.5165  
4.59931  47.7831  58.3475  
3.94445  44.8912  58.6915  
26.8724  47.4504  59.9551  
23.949  47.2213  60.1986  
13.8064  12.1468  42.2466  
12.8343  10.756  44.6492  
34.9545  4.19453  71.3915  
32.0727  4.92033  70.9597  
7.66317  4.53233  61.1605  
8.89653  2.76121  59.2155  
26.4148  12.3768  66.411  
29.0222  12.1924  65.0644  
21.3257  46.0481  56.5667  
19.6211  46.4501  58.9115  
29.0432  24.1476  57.2615  
27.584  26.1087  58.8896  
1.30932  15.8938  63.1879  
3.66296  17.4728  63.9666  
16.7342  1.77612  78.3978  
15.2137  3.39724  80.2471  
6.67074  5.46855  45.6966  
5.78096  2.69582  45.1468  
38.29  30.1469  54.2314  
39.724  31.5189  52.1125  
37.8905  33.9164  38.4001  
37.138  31.5206  36.6957  
20.6487  7.10937  69.7321  
20.6704  7.92811  66.9569  
18.8108  12.6602  57.0837  
16.3124  11.3023  56.4277  
16.2789  37.2558  57.3455  
18.5603  36.0534  58.6788  
2.40232  35.1375  56.9036  
0.00362048  34.5787  58.4683  
31.5167  53.9147  55.4995  
32.8852  54.3566  52.9319  
22.4283  18.9156  50.9718  
23.2754  16.7106  49.16  
44.6745  55.2747  71.9476  
44.4913  54.0447  69.3737  
17.1264  7.11594  64.4159  
17.8021  9.90088  64.8857  
21.9944  21.0971  61.0413  
20.9876  19.2876  63.064  
21.2845  4.52215  58.4821  
21.208  1.627  58.9444  
34.821  36.3905  50.4498  
32.6633  37.5259  48.8249  
18.7852  29.9422  53.1229  
18.6259  28.9702  50.3366  
21.428  23.4921  45.6666  
23.2551  25.043  47.3188  
8.38701  34.2621  45.7567  
5.72901  33.0847  45.733  
43.2616  26.5195  52.5135  
44.1582  26.0177  49.7098  
35.4011  6.474  48.6906  
33.8287  6.40943  51.1705  
53.2566  12.1145  43.2825  
54.2655  12.5785  45.9956  
30.7694  30.8231  55.1731  
30.2419  28.0439  56.0239  
21.9214  41.781  67.5652  
21.8873  40.8235  64.7652  
34.2569  46.5977  60.2044  
35.7793  48.6538  61.6026  
14.9742  36.223  61.6666  
13.9142  37.9638  63.7749  
31.2191  28.255  45.05  
31.0033  27.5887  47.822  
23.5219  3.9807  75.048  
24.0866  1.80894  73.1885  
16.3998  17.5625  72.824  
16.9114  18.84  70.284  
10.2574  27.2314  56.1985  
8.11883  25.8746  57.7651  
7.83633  1.20267  78.3991  
7.438  3.87179  77.1969  
31.0432  6.00628  58.7775  
28.4538  7.1054  59.1937  
55.9861  23.4494  64.6255  
56.6239  23.8675  61.8189  
6.50207  33.0386  61.8378  
3.79757  33.1939  60.7072  
3.32905  9.8294  62.0661  
3.77743  9.24322  59.2448  
24.4113  33.9781  44.7934  
22.9825  32.1158  43.0338  
16.6175  32.5521  56.5093  
16.9528  29.7592  57.2307  
45.0027  25.7413  56.5546  
42.3236  26.8191  56.7858  
8.06884  22.5492  53.0893  
9.51038  22.976  55.5971  
2.79496  14.4597  67.4253  
2.17681  13.0206  69.9664  
30.4821  24.881  61.6243  
31.5506  22.4479  62.6455  
26.5207  0.504694  85.8688  
28.0238  54.8174  86.4871  
4.84758  8.05625  75.4427  
2.46627  9.35974  74.2516  
18.0046  15.9416  64.3669  
16.7912  18.4981  64.7919  
23.3206  36.4992  53.1084  
23.045  37.2702  55.9814  
33.7951  15.8281  43.971  
30.924  15.3424  44.2882  
2.48934  2.85708  68.0368  
0.901328  3.42969  65.6194  
46.4177  45.5298  39.9863  
47.6912  43.4316  41.5332  
22.9464  11.864  56.5384  
23.0869  13.3785  59.0751  
33.8321  39.4297  59.3514  
32.2756  37.452  60.8448  
4.50357  14.3638  50.5156  
6.97451  15.661  51.2558  
36.4064  21.4204  54.7878  
34.626  21.4128  52.459  
25.4414  26.9688  50.6275  
22.5918  27.1579  51.2319  
15.7074  34.363  65.6754  
17.6917  34.5876  67.8349  
32.0697  44.2489  53.5013  
29.8751  42.4195  54.2181  
53.9913  32.868  68.4638  
55.6395  30.58  67.8217  
34.5633  3.44241  59.657  
34.4496  6.16444  60.824  
33.0206  14.6586  34.9005  
31.9842  13.2705  37.3884  
12.1723  31.3502  40.3618  
14.0413  33.2209  41.5354  
5.93294  36.5738  55.0905  
4.12949  38.5079  53.7068  
6.47125  19.1067  61.0005  
8.19745  17.3484  62.4033  
25.0974  1.72723  66.1034  
23.758  56.3058  64.5474  
27.3948  4.55028  72.5264  
27.8486  5.24535  69.7134  
42.107  32.81  56.3656  
43.5394  35.3665  56.2513  
41.5504  54.1755  58.393  
44.1367  53.6623  59.591  
8.47872  14.5662  71.7304  
6.6571  13.4041  69.7781  
24.8708  7.4539  61.7425  
26.8086  9.1995  63.0411  
46.2815  44.5387  59.4618  
49.0867  45.0236  60.0061  
43.5378  8.71074  71.0752  
43.4239  11.1952  72.6386  
18.5814  30.8929  64.9508  
21.0492  30.7169  63.4725  
13.8354  7.32828  40.9577  
16.404  6.00353  40.6598  
33.0487  11.5792  58.117  
30.6661  10.5545  56.992  
40.4696  12.2442  56.7827  
41.0296  14.3378  54.519  
17.7688  51.5266  64.2938  
15.7581  53.007  62.816  
14.3138  42.8738  65.8235  
13.2822  42.2972  63.2049  
44.5889  3.58054  57.0434  
44.3125  1.20395  58.6869  
2.35497  8.05497  65.5711  
3.82694  10.4933  66.6134  
8.18057  30.4297  70.4427  
9.06319  28.0802  71.9384  
25.5807  22.293  44.4742  
26.6026  21.4296  41.8972  
36.0141  36.5806  54.7634  
36.8197  33.9611  53.746  
24.7531  41.5771  61.3576  
22.2511  42.5633  60.2414  
53.1969  43.5314  61.4823  
52.6061  45.3551  63.5819  
52.3232  9.69508  68.8722  
51.7039  9.60922  71.9678  
31.1205  53.174  60.1098  
28.581  52.4565  58.3179  
11.386  39.0635  34.7656  
8.77809  38.186  35.6652  
46.1821  54.1317  64.7048  
48.3118  54.4963  66.694  
16.793  22.7359  39.4389  
15.778  24.8019  37.3609  
15.4549  49.3442  55.6849  
17.1349  48.7996  53.4348  
12.572  48.0237  52.282  
11.5317  47.2424  49.6775  
23.6078  49.035  48.2516  
25.5372  51.0348  47.324  
36.7924  10.2276  60.6787  
34.3409  10.5129  62.2442  
51.8754  56.4378  59.1459  
53.665  54.4532  60.5588  
10.7151  50.4246  44.7926  
11.3892  53.2263  44.8169  
14.6305  31.5149  73.6868  
16.6633  31.7313  75.6863  
23.397  29.7529  32.1938  
24.975  31.2387  34.1933  
35.0906  48.5467  32.5979  
32.6815  46.9775  32.7935  
3.16392  2.2077  78.1447  
0.959817  3.8827  79.0066  
29.3819  37.4708  54.7165  
26.8598  38.7238  54.1895  
11.3738  44.1662  59.972  
13.5255  42.8391  58.4308  
24.1587  51.8703  51.6563  
22.9768  54.2351  52.8916  
8.66428  20.7315  65.5046  
9.51792  23.3947  66.3234  
40.9738  15.4878  49.983  
41.3888  18.1211  51.0643  
4.41404  40.7079  60.3377  
3.77282  39.9572  57.6201  
34.6076  34.9655  45.9473  
34.6908  35.2653  43.0863  
18.7176  23.1945  100.476  
19.4679  20.3712  101.518  
5.31214  9.62941  47.2212  
6.69314  9.86437  44.6718  
29.2963  28.9296  51.7399  
28.1547  30.4062  49.5412  
48.2717  1.92478  67.0005  
48.3924  4.78617  67.0664  
20.9699  28.6747  41.9622  
22.9936  27.4548  43.5581  
10.7091  16.6047  74.513  
8.57689  18.4494  73.6912  
37.3633  47.7308  57.0796  
39.4749  48.0194  55.0386  
27.182  23.5474  64.7506  
24.4828  22.4019  64.4514  
27.0943  40.3716  69.8689  
27.7438  41.9424  72.3223  
1.81022  37.907  66.0312  
0.150321  39.8377  64.5286  
35.4892  26.2404  66.2482  
32.7831  25.4443  65.7407  
17.5297  11.3751  79.6483  
16.3249  10.8837  82.2789  
20.6145  10.5333  45.5289  
20.2315  10.9594  48.4296  
28.8082  8.92943  72.1681  
29.1826  11.0058  74.173  
27.7241  35.4104  65.8113  
27.1643  32.7023  66.7573  
15.6547  27.5688  60.3671  
18.2704  28.3615  61.23  
11.2989  27.4199  60.0621  
11.3501  27.8114  62.9359  
15.8334  25.6718  48.2605  
16.6491  27.4208  46.0414  
29.6203  31.8036  41.6709  
31.6294  32.4865  43.6884  
28.937  38.4336  50.5065  
28.6271  39.5417  47.8195  
47.0279  33.6205  31.8836  
47.4547  32.8346  29.0669  
46.6342  12.4991  37.9888  
48.3168  10.3012  38.6826  
6.45369  26.8797  51.7011  
4.45392  24.7049  51.0626  
34.2609  28.0795  54.8285  
35.9104  25.8332  53.9783  
0.459557  55.4218  54.3247  
55.4402  55.9003  56.632  
44.4518  55.9311  30.4555  
43.8547  53.2227  31.3439  
4.7778  2.11245  71.5835  
4.12734  4.89911  71.9067  
8.75098  46.7254  40.9605  
6.25088  46.0687  39.2788  
37.6765  55.5373  68.0351  
36.0625  0.246362  66.0419  
20.6311  54.4076  42.4384  
22.5293  54.4337  40.3062  
11.2377  29.7429  52.6203  
13.1461  30.2666  54.7783  
50.0666  37.7722  95.336  
52.0232  39.8395  94.7358  
43.1136  1.52801  66.0569  
40.3372  1.42945  66.081  
32.1461  18.1264  50.8607  
31.7675  20.5569  49.3233  
14.0481  47.8834  45.8417  
11.8499  46.2339  45.024  
50.3966  43.0738  52.2763  
50.2892  45.4106  50.5015  
20.7716  43.2327  53.0479  
21.4235  40.2109  53.0332  
52.809  34.576  60.2125  
52.7912  35.5604  57.4295  
47.3894  10.2249  73.1722  
48.9237  9.91442  75.6569  
49.3942  16.9472  63.4601  
47.8774  14.5175  63.7932  
8.93871  46.6315  75.1102  
8.42565  49.0075  73.3882  
40.5102  42.5956  62.2829  
39.073  44.8983  61.1744  
18.8108  22.0222  78.4704  
20.7658  21.8555  80.5783  
40.0342  20.8548  65.1087  
40.0104  23.7587  64.0769  
20.7351  30.8135  77.0122  
19.847  29.4456  74.4982  
14.9117  16.1258  76.4286  
14.8074  14.1396  74.2057  
8.5299  21.6237  70.3144  
8.69603  23.0625  72.8918  
19.6272  38.2234  89.326  
18.1217  35.7868  89.6167  
52.2104  43.9093  67.3854  
54.7058  45.4644  67.5316  
36.1657  42.0662  73.942  
38.1226  44.0367  72.9285  
48.4258  51.2311  83.6532  
50.3402  50.6982  81.5652  
31.305  20.8757  81.2429  
34.1802  20.4626  80.5471  
46.5715  35.7985  65.065  
47.0579  35.859  67.9715  
36.7438  32.7789  75.4881  
36.5837  31.1546  77.8976  
49.8257  31.8184  92.5352  
48.3665  29.9857  90.8018  
53.5154  39.8623  71.9627  
50.8645  40.0227  70.832  
9.42823  12.6241  79.9995  
12.1783  11.5576  79.9265  
12.6272  19.3612  102.933  
10.9022  17.9062  101.164  
32.6805  39.4277  85.7524  
30.7  37.5262  84.7257  
50.6076  26.3102  62.1329  
53.514  26.4074  62.1325  
23.0526  39.2274  86.1454  
24.338  39.2595  88.7366  
50.8502  33.5399  53.8394  
53.3116  34.8819  52.9926  
31.7804  43.0973  95.8967  
32.0178  44.6949  98.0036  
20.5503  37.8787  68.5097  
19.2048  37.7811  71.0982  
51.8311  20.0278  65.7842  
49.3994  21.3717  64.8364  
10.4264  40.6597  67.5135  
7.78443  40.0522  66.6375  
35.9327  16.8724  80.1841  
38.3654  18.527  80.6692  
23.5732  10.6353  69.2428  
25.9418  11.6673  70.6765  
47.1826  2.48431  70.9233  
47.058  2.20756  73.8095  
24.8764  31.9103  70.3248  
27.5773  30.9686  70.3946  
27.3034  45.7757  88.2452  
24.3965  45.8604  87.4193  
18.901  55.3567  95.251  
17.0778  53.0999  95.8993  
54.8829  6.6851  87.4066  
0.121314  4.9032  88.6626  
34.2778  39.6739  63.8896  
35.0258  41.2452  66.2562  
9.06229  8.52493  77.7443  
9.31922  7.86268  74.9304  
26.8557  0.214107  79.3231  
26.8887  1.97924  77.04  
35.8178  54.0955  73.9725  
34.0874  55.2258  76.1291  
50.4052  54.5318  98.5958  
52.8849  55.5165  99.1039  
37.6327  46.7411  67.6652  
39.2317  48.3308  69.4294  
20.5325  23.1996  88.6146  
20.4304  26.077  88.3002  
10.9486  54.3344  78.5239  
9.103  54.1081  80.7615  
18.664  21.0375  73.8684  
18.8379  23.9464  74.0888  
43.3679  38.4734  52.2312  
43.1851  39.6847  54.8547  
2.57694  39.4127  76.1789  
2.05567  40.6233  73.5487  
9.64051  14.3547  59.3404  
12.0723  15.6318  60.2172  
22.3913  23.4647  98.5354  
24.8802  23.8521  97.3751  
22.1737  34.9296  71.4804  
22.1434  32.8992  73.5605  
48.7947  54.4222  29.549  
50.6083  55.3149  27.3744  
17.7706  41.2586  73.4629  
17.0691  38.7287  74.7297  
49.0839  30.4479  49.6079  
48.4956  31.9089  47.1254  
7.64238  55.4112  97.571  
7.19851  0.722835  95.5714  
25.891  37.8444  82.4827  
23.5322  39.135  81.2928  
0.611785  20.8966  57.9391  
2.30451  23.2811  58.4171  
33.2124  33.1667  61.7507  
30.33  33.6709  62.4594  
53.442  31.5932  73.3871  
55.3915  29.4744  73.1487  
13.8799  10.5975  71.8419  
16.6125  9.91777  72.2298  
44.6565  14.3734  85.5309  
46.5207  15.6381  83.6488  
26.8035  48.7999  64.1476  
28.2301  50.8412  65.6884  
51.631  48.0447  69.0858  
51.4056  50.9393  69.3668  
23.5081  56.2176  69.2461  
23.7039  54.5845  71.6678  
41.6829  47.9473  65.4605  
42.3055  46.3896  63.1111  
38.0748  27.3891  82.7054  
39.946  27.8872  84.8899  
4.1949  29.2513  63.0532  
2.67801  26.7814  63.7512  
18.1947  17.395  94.9267  
15.1684  17.7345  94.7277  
19.3594  5.2209  77.7541  
20.7305  7.69535  76.9219  
35.8193  48.0269  78.4367  
35.4764  50.5958  76.9573  
11.6846  26.6925  91.325  
8.96819  27.4475  90.4988  
25.1681  16.8004  73.9718  
26.1075  19.4403  74.6856  
16.474  15.4825  80.4526  
17.2611  18.3362  80.0799  
20.946  30.2763  88.3132  
23.497  29.4592  89.5052  
0.479964  51.333  74.4097  
0.0623564  54.0689  75.1663  
28.9236  43.9981  61.5221  
29.6511  41.0434  61.3513  
10.6185  7.53741  70.78  
9.76688  10.308  71.2607  
38.2475  3.33765  74.931  
39.4657  4.16137  72.3934  
14.1499  39.1101  89.6431  
11.7348  38.124  88.3122  
30.5747  34.8288  93.7285  
31.0187  34.0506  90.9285  
4.48322  40.5727  64.3657  
6.83261  42.0108  63.1867  
21.8745  43.9218  78.949  
23.8726  45.1084  80.6469  
26.3085  4.88201  84.7213  
24.6869  4.12566  87.1181  
54.5353  52.8418  90.8369  
54.2698  49.9037  91.3001  
53.1342  10.8006  88.1516  
52.6529  9.56985  85.56  
19.9141  14.913  50.8749  
18.4135  13.2083  52.7233  
31.238  1.27315  78.8073  
33.3788  0.502681  80.6373  
23.5324  45.8803  94.6989  
25.6696  45.3598  93.1466  
38.4411  0.0291561  71.9961  
40.0864  54.356  71.403  
37.265  33.2988  62.6047  
35.6672  32.4425  65.0687  
0.190127  42.6863  70.5538  
0.362039  40.1867  69.1953  
31.5475  31.8591  70.9573  
29.7748  33.5807  72.6093  
50.8084  30.4434  79.7258  
48.1657  30.9824  80.8794  
9.19894  52.471  70.1836  
7.89606  53.5372  72.5073  
46.2045  40.4006  89.8218  
48.2282  39.3597  91.7144  
22.9796  30.047  80.9917  
20.8383  32.0007  81.1754  
36.1365  13.271  86.8558  
33.519  14.5749  86.8816  
26.5641  28.7952  83.0151  
24.2629  28.2696  84.7679  
36.4823  26.7388  78.3637  
39.3153  27.4162  78.541  
19.2956  54.6721  81.8324  
21.5954  53.6779  80.4209  
22.8067  4.81858  92.1436  
22.2405  7.36299  93.311  
24.895  26.1139  62.2244  
23.4064  26.035  59.7408  
54.6468  9.09604  81.1123  
51.8565  9.91968  80.9973  
32.7243  5.07585  79.8023  
32.4105  7.9188  78.9132  
33.0803  56.3344  101.693  
30.702  1.36808  102.237  
48.2608  42.6314  67.8726  
49.1155  40.0012  66.9093  
2.1778  52.3885  85.5441  
4.61778  53.3597  84.3226  
29.702  47.3184  68.1959  
31.0682  48.837  70.217  
32.9786  35.2876  77.4223  
30.4838  36.3959  76.409  
37.9109  28.9771  63.375  
40.5409  27.9355  63.9509  
35.9111  55.3393  84.4767  
35.4344  1.52061  84.724  
55.5838  11.2621  72.1281  
56.2569  13.5855  73.7193  
35.8061  52.7467  101.841  
35.3415  54.1118  99.549  
53.9414  16.6279  94.9634  
56.0902  14.8095  95.4528  
40.6664  33.0602  75.07  
39.922  35.1116  73.1673  
5.66895  48.7549  76.7498  
3.4368  50.4371  77.5209  
33.6463  14.0703  82.4622  
31.653  15.1561  80.5333  
29.7698  17.8953  71.9375  
32.1229  19.602  71.4947  
49.3516  2.46044  78.1024  
50.9829  1.16579  76.0559  
36.5909  51.304  86.155  
38.6827  51.6749  84.1041  
3.45504  45.7229  78.7915  
2.96083  43.1615  77.4385  
40.7175  12.2091  61.7322  
41.1541  9.41082  60.772  
48.8204  7.18309  79.7909  
47.1691  9.56856  79.7569  
2.31815  55.1879  27.9402  
4.85246  53.8573  28.7936  
4.56163  23.1117  72.0934  
1.67636  22.637  72.1668  
41.6173  21.8033  92.4019  
40.141  21.3284  89.9101  
30.4735  1.11004  97.8874  
29.021  3.16482  96.3527  
3.69029  24.7161  78.5593  
3.4359  25.0579  75.6641  
25.4101  51.1074  74.6619  
27.2376  51.8849  72.5278  
34.7977  8.15614  69.6013  
37.3879  9.45945  68.7537  
20.5447  40.0856  77.0058  
19.5589  39.8397  79.7045  
1.97483  27.2254  71.1728  
2.69835  30.053  71.1175  
52.4926  55.1003  68.2188  
52.7866  53.2208  65.9848  
43.0218  34.9332  93.3474  
44.913  37.144  92.6808  
15.9147  8.88807  98.5358  
14.3179  6.37542  98.5994  
54.4748  38.9481  60.5614  
0.0556937  40.7443  60.3678  
47.0114  55.0722  77.2397  
46.9506  52.9404  79.2049  
43.0269  31.0243  90.9792  
40.7256  31.1901  92.6173  
14.7508  3.71746  65.2884  
14.94  4.42925  62.4317  
51.8276  30.4259  62.0215  
52.5543  32.287  64.0776  
56.1035  18.9492  73.0568  
54.3253  21.1388  72.4078  
46.4153  47.6801  92.6838  
47.4259  46.5709  95.1876  
0.768368  54.9418  82.7292  
0.0232176  56.473  80.3877  
24.7862  23.8426  73.3843  
22.7184  22.4877  74.849  
52.5829  45.4375  90.5247  
50.8331  47.0049  92.328  
8.73806  16.5953  80.6441  
7.60889  16.099  77.9987  
33.2832  21.9259  84.4009  
35.4033  21.7506  86.3709  
3.93985  54.7603  73.7607  
5.83021  0.0350962  74.8377  
47.386  17.0451  56.419  
47.5128  16.9952  59.3477  
28.8118  7.22358  95.274  
26.0594  6.10095  95.4471  
24.7498  27.5636  69.8349  
24.3556  25.0328  68.5117  
26.2036  35.4271  73.9182  
27.4541  37.9155  73.2328  
32.6611  45.5677  80.1333  
34.6245  44.4004  82.0023  
47.9731  32.7093  62.3574  
45.5395  33.3166  60.832  
44.8917  27.5203  88.7662  
45.0906  26.5271  91.5388  
31.8113  52.8764  72.4429  
30.4543  53.1945  69.8132  
8.08793  50.564  83.6837  
6.5135  50.6594  81.2185  
54.4884  0.841463  90.9921  
53.426  0.0296157  88.4842  
25.3986  32.6864  63.0192  
24.3937  30.6357  61.1849  
15.1615  27.828  83.3344  
13.67  29.9635  84.6785  
11.0265  34.5237  61.8098  
10.7184  31.7737  60.9654  
29.5564  45.5522  77.1355  
28.5265  45.3284  79.9025  
35.8071  43.5578  69.7498  
33.7103  45.2654  68.5886  
55.5348  20.2935  68.2255  
56.4025  19.0918  65.735  
16.6541  45.6722  73.9723  
18.7601  44.6965  72.0943  
23.8005  11.9991  88.0579  
26.4831  11.2878  87.3362  
7.21419  26.049  75.8534  
9.95722  26.9015  76.1616  
30.777  55.6666  65.9483  
27.9401  55.2102  66.3639  
54.4865  50.0227  83.0198  
54.4329  52.01  80.9506  
43.2155  48.6238  80.927  
46.1334  48.6553  80.9462  
20.3779  26.6057  71.0362  
17.6009  27.6487  71.2401  
21.5207  45.032  90.2705  
21.6852  42.7339  88.4397  
9.20802  27.4781  67.319  
7.40696  26.8859  65.0801  
31.6351  0.672138  93.806  
34.1201  1.0797  92.2046  
47.4152  39.3443  53.0058  
50.0949  38.304  52.9936  
48.1605  15.6836  51.9144  
49.469  13.7326  53.6312  
4.13618  55.4955  88.3111  
4.78499  54.6092  90.9883  
0.227864  53.1406  63.712  
55.4655  51.063  62.2646  
24.6467  23.4424  78.7558  
24.5015  24.739  81.3746  
55.1677  1.59994  68.6832  
52.3501  2.3131  69.1218  
13.0048  29.6719  70.2559  
15.2468  31.2284  69.1599  
16.8521  32.1353  82.9328  
17.7119  34.9558  82.7297  
26.4988  44.7999  84.0665  
26.0572  42.2311  82.6571  
24.4326  17.1598  61.5415  
25.8778  14.7336  62.4111  
44.2817  25.0009  71.6388  
46.3606  26.5783  73.059  
3.51082  34.1429  64.9399  
1.15302  33.8681  66.6408  
33.2432  23.8363  78.0455  
32.6674  26.4252  76.7975  
19.4562  55.5022  70.7209  
17.3443  55.103  72.6251  
54.2682  0.264381  84.0648  
54.4212  2.65483  85.7437  
25.5545  52.5348  79.8953  
25.6728  54.2491  82.3519  
41.5449  28.7788  98.1756  
42.0569  27.5351  100.491  
15.2513  45.5646  69.5373  
15.966  47.6065  67.6545  
18.9429  6.0792  73.7266  
17.1123  5.19559  71.7059  
4.73198  33.5659  69.2003  
6.0182  34.2998  71.6881  
33.1068  29.557  67.4838  
31.4988  31.9493  66.8145  
30.3302  45.1528  72.4906  
31.3306  43.1551  74.4698  
50.549  23.946  73.8229  
49.7994  21.5867  72.1496  
2.42786  17.6826  55.9805  
56.3939  17.5035  54.8351  
4.4409  46.0971  88.6187  
5.38611  48.0978  90.4954  
19.9745  49.952  68.0947  
17.8786  51.8263  68.8643  
5.7725  38.7904  73.3439  
7.82131  38.5176  71.2446  
28.8943  39.1149  88.4917  
27.9799  37.5924  90.7239  
44.2559  13.1481  65.6027  
45.3039  12.0752  68.1119  
21.8883  1.5019  89.0925  
20.3715  3.97146  88.7469  
24.2702  48.4409  78.073  
27.123  48.7137  78.1053  
13.4712  50.818  76.1793  
11.8332  52.519  74.4421  
10.606  42.8204  77.0778  
10.2904  44.7029  79.2193  
15.9199  37.7319  79.8486  
15.7805  39.2386  82.3729  
37.3361  47.7693  93.0265  
38.3553  50.3998  92.1884  
33.332  14.9254  72.2843  
34.8008  12.5029  71.6138  
9.62442  45.5953  83.7204  
11.213  43.225  83.1841  
43.7677  41.664  68.1919  
44.4726  38.8953  67.4642  
23.9118  49.8051  70.5378  
24.6254  49.0233  67.8442  
46.5037  25.4562  63.9087  
47.358  24.0142  61.4928  
52.2469  35.784  71.51  
50.4348  33.6472  70.8604  
47.3666  16.7887  72.8155  
48.108  14.234  74.121  
3.50283  54.8385  101.078  
5.83811  54.088  102.554  
43.5187  29.089  71.0817  
41.7259  31.3903  70.8731  
13.5618  7.8315  55.1033  
13.4328  8.61678  58.0302  
38.745  13.5514  90.8344  
38.1432  10.755  90.4118  
12.3581  29.1362  80.0653  
12.6047  30.2746  77.4205  
41.1324  41.7776  88.4664  
39.477  39.3367  88.4691  
1.43937  7.666  78.2345  
1.85726  7.52719  81.1537  
2.24642  28.4318  100.484  
2.43367  27.3019  103.125  
8.8811  3.35464  87.9739  
7.93268  1.09728  89.5277  
39.8714  15.3773  100.234  
37.3784  17.0164  99.9445  
11.3906  13.6816  86.6705  
12.2453  16.0732  85.2847  
22.6201  53.7684  90.2297  
23.3239  54.6284  87.5499  
40.8043  52.5707  80.8397  
39.0971  50.3864  79.8516  
38.8912  18.9107  72.6812  
37.3499  21.1183  71.5366  
48.4319  52.5741  88.235  
49.9257  50.2623  87.788  
39.8687  40.9383  80.7078  
42.508  40.147  79.3599  
15.3116  13.6928  97.8879  
13.7655  12.6265  100.062  
6.53236  18.8897  90.6695  
4.05878  17.5236  90.0266  
39.8894  52.3018  88.527  
41.0787  53.7168  90.7661  
48.5278  19.3859  68.7007  
46.1277  20.3591  70.0234  
14.0109  22.0378  93.3304  
12.2211  21.3804  95.4101  
39.6574  39.7628  72.6567  
41.8366  38.8281  71.0225  
44.523  30.0615  63.9544  
43.5299  29.2487  66.5506  
30.138  30.1268  80.5711  
31.0146  30.0619  83.386  
3.40224  21.5417  91.207  
2.59881  23.9105  92.7609  
56.2418  35.7391  86.3528  
2.35365  35.9967  87.1444  
16.2955  25.2499  94.2334  
16.7736  24.8596  91.3413  
32.93  51.2242  88.1596  
34.9767  49.9737  89.8452  
44.1606  14.2786  75.2486  
41.2631  14.2129  75.4404  
53.8737  20.9897  103.814  
53.2048  23.7618  104.107  
43.3079  38.8653  97.1691  
41.4213  40.7125  98.3896  
48.2457  17.519  90.5728  
45.7142  16.0013  90.6335  
23.4339  15.6662  94.7946  
25.9554  14.0478  94.887  
44.262  41.9516  82.8116  
45.269  44.6382  82.6864  
7.49941  35.1619  81.22  
6.73581  37.9754  81.7229  
33.737  10.0804  85.5976  
32.9072  8.07166  83.6186  
16.3062  43.3998  102.593  
15.3587  40.9286  101.225  
34.005  43.1607  86.6614  
36.5002  41.8941  86.0393  
11.5195  38.4108  30.303  
10.1571  38.9412  27.6358  
14.9882  9.93032  91.8293  
15.3996  7.9307  93.9601  
40.4813  15.6266  65.0002  
41.9624  15.9749  62.5942  
11.5189  1.06044  81.6469  
12.9307  1.72539  84.0989  
28.4659  41.7719  92.3451  
30.1162  44.1268  92.0895  
3.51998  16.0033  97.6681  
4.0393  14.5352  95.3575  
36.955  5.03484  91.7971  
37.0631  3.5744  89.3152  
12.3926  1.07785  88.2362  
14.7139  55.9358  88.2613  
36.2514  48.0827  102.766  
33.9088  48.0934  100.886  
47.8748  51.0759  95.2826  
47.5912  53.7091  94.1906  
8.07606  28.8481  97.3913  
8.95505  27.5693  94.6543  
56.3033  21.2106  97.8486  
56.616  22.1759  100.512  
14.9403  24.91  98.3264  
16.7771  27.3101  98.4788  
55.2979  43.5999  94.4371  
0.717638  41.6411  94.5337  
56.3429  38.7194  79.4553  
1.23744  36.2823  79.6064  
15.9465  14.354  91.9986  
14.7635  14.0991  89.4277  
10.9437  20.0825  90.8972  
10.5634  18.2318  88.6779  
44.3336  46.642  77.2816  
45.1483  46.8794  74.4459  
3.4258  19.6927  99.682  
5.77949  18.7408  101.047  
12.4305  55.726  101.615  
10.6764  53.6242  102.531  
10.2592  24.6438  97.9187  
10.9902  22.2882  99.6837  
51.1608  6.61613  97.6314  
49.6824  5.30383  99.3916  
51.7353  39.9194  79.3515  
53.2948  42.2435  80.0407  
46.6902  51.9656  103.941  
46.1842  49.5469  102.491  
55.8297  22.5005  90.3828  
53.4536  23.9857  89.8225  
56.1378  50.088  87.5148  
0.631731  47.9363  85.9127  
42.3318  5.14412  82.4832  
41.6779  7.80766  81.4573  
44.7729  42.9409  86.6426  
44.2868  44.6087  88.9776  
34.8217  20.4692  99.9799  
35.9928  20.8425  102.395  
39.7361  21.0911  85.2239  
38.8849  23.8264  85.8395  
22.0788  20.2786  95.3727  
21.9867  19.4992  92.5602  
48.4847  42.4841  97.2676  
45.7716  42.7432  98.1618  
53.4691  17.1848  76.0804  
55.564  16.0069  77.5335  
0.565243  31.1647  93.6469  
1.68881  29.4474  95.7135  
17.0944  53.4962  91.2485  
18.3506  53.6428  88.6543  
55.2106  9.57047  97.9339  
53.7443  10.074  95.6166  
44.4871  47.9898  108.995  
44.6651  49.8175  106.856  
2.15854  51.08  91.8647  
4.40889  50.8401  93.7715  
54.7495  47.4707  75.1065  
53.6906  48.7763  72.6949  
30.7552  25.3835  90.2955  
32.6549  24.1409  88.4515  
20.6809  15.9747  72.6197  
22.6816  13.9739  71.8475  
54.0048  26.1139  84.682  
54.3043  26.8107  81.8658  
30.771  15.0927  94.7469  
29.8445  13.4841  97.0531  
48.5169  33.2629  97.0701  
46.9056  34.6622  95.1765  
24.2882  19.947  88.8769  
24.6003  22.3507  90.4248  
13.7147  46.455  76.9903  
16.0849  47.8134  78.0588  
22.2676  11.5045  78.8149  
21.1478  12.4293  76.2594  
26.8659  18.3273  85.3781  
25.902  16.031  86.9731  
8.16981  30.78  79.7113  
6.78733  29.733  82.0293  
48.2797  36.3093  88.2232  
49.5173  33.7055  88.591  
10.4338  10.4195  83.5604  
12.3369  9.8248  85.6977  
27.3438  7.83794  99.6617  
25.9199  9.82404  101.251  
26.9047  26.5902  92.2763  
27.9288  24.0928  93.0848  
16.7403  33.3097  99.4982  
18.2946  31.8186  97.6914  
47.7043  39.7834  76.7874  
50.1748  39.1347  75.3215  
28.2955  20.3616  96.5101  
30.858  22.2238  96.3978  
38.5953  16.0358  95.3394  
39.0144  17.785  93.0083  
46.3166  23.3684  81.6264  
44.0652  24.7493  80.3183  
42.656  11.3454  103.311  
43.6229  11.4448  100.565  
10.8867  22.0134  86.1852  
12.8973  23.2999  84.4553  
1.90011  5.62258  97.588  
56.1671  6.08048  96.2201  
30.3204  8.50731  87.0791  
27.9551  7.01809  87.8107  
41.831  21.6208  70.3183  
42.8494  22.5515  67.7969  
8.23097  47.7774  87.1838  
10.9604  48.7228  86.6692  
50.1482  21.2891  79.8705  
51.1947  23.1793  81.8952  
51.9123  6.21943  103.852  
51.9776  7.71121  106.469  
13.5638  41.0746  85.9494  
15.2468  43.1153  84.7297  
42.5171  20.6689  82.0845  
42.5089  17.9005  83.0276  
4.31561  41.9567  81.3944  
6.85067  42.2864  82.6882  
1.63175  4.00579  93.4761  
2.92078  2.49236  91.2979  
21.0238  15.5367  102.632  
21.3879  17.4889  104.635  
11.9444  56.3551  108.507  
11.9355  56.3002  105.453  
35.6217  34.4678  97.2736  
36.8158  36.754  97.2309  
0.849552  23.6174  82.1066  
2.51497  21.223  81.7921  
26.7814  4.66859  80.4648  
28.782  6.51248  81.2471  
5.70847  9.66012  93.8084  
6.53525  10.7991  91.4082  
52.4264  16.5215  89.0739  
52.1612  19.4477  89.1568  
16.644  37.2619  97.5641  
14.4034  36.8605  99.4304  
1.29321  16.735  81.8686  
4.20173  16.8195  81.4376  
29.4513  11.2644  100.733  
31.8613  12.8239  100.854  
45.4335  22.8668  95.3967  
43.8791  25.1446  95.8548  
14.9026  43.5389  97.3178  
14.2077  44.278  94.8178  
5.84185  26.9623  87.4323  
4.63894  25.7263  89.757  
35.6357  37.7043  104.133  
36.9831  36.3696  106.126  
34.1039  42.4965  77.9052  
33.2933  39.8293  76.9041  
1.97749  12.1691  98.7356  
0.816667  10.9411  101.157  
39.2852  55.691  101.519  
41.5996  54.4324  102.971  
18.1751  55.5075  100.341  
17.8539  53.2406  102.336  
5.57135  50.6903  98.517  
4.78807  47.819  98.185  
3.20861  32.3113  81.0611  
1.59262  33.3906  83.2341  
0.957229  31.8292  88.8651  
2.59307  29.5555  89.6948  
11.1706  8.5305  62.0108  
11.6799  11.2522  61.1434  
23.9406  35.3062  97.3292  
20.9931  35.9803  96.1473  
9.31348  38.2822  78.4503  
9.05385  38.5858  75.526  
40.7347  34.9141  84.3606  
41.7363  36.7135  82.31  
33.5862  32.5948  87.7299  
32.9422  35.4522  87.6448  
0.275442  43.7199  87.233  
2.39978  43.6344  85.2794  
46.924  34.1116  72.6565  
45.7736  32.5941  70.4585  
45.8084  48.9931  88.6596  
43.1886  49.4496  89.7778  
31.5149  32.2353  102.398  
34.3031  33.0313  102.772  
8.57355  46.8281  67.5837  
11.4101  47.2343  66.9379  
45.8533  4.47752  89.0623  
43.8632  2.48934  90.0504  
37.228  8.62787  94.1929  
34.4613  8.69378  92.9323  
4.40902  35.7105  97.9314  
1.97429  34.3966  96.822  
17.3455  24.3949  85.4554  
17.1005  23.5469  82.6887  
54.4875  29.7844  77.8048  
55.5866  30.9166  80.2604  
55.0673  4.70132  99.6851  
54.4756  3.65134  102.496  
17.3054  2.95824  105.562  
18.6407  3.53217  103.031  
25.579  9.54262  81.1791  
24.7717  11.6538  82.9978  
44.6401  2.57807  85.4693  
43.7125  1.30202  82.939  
21.8577  0.555382  97.482  
20.5408  2.9334  96.4207  
35.0364  51.4073  95.6068  
33.4081  53.7376  95.1719  
26.2461  41.4148  103.92  
25.4021  42.2436  101.425  
45.2303  44.3613  103.9  
47.2798  43.4812  102.574  
29.0948  34.249  82.3438  
30.0388  36.3319  80.5745  
27.442  28.3064  98.3341  
26.2284  28.5498  100.965  
12.2676  47.335  91.8107  
10.515  48.3813  94.2904  
3.81906  39.2796  95.8033  
5.41247  41.2329  94.1957  
10.7864  5.64407  94.2664  
9.55993  3.73137  92.3532  
42.9569  28.7573  78.0077  
43.1328  26.5621  76.0905  
28.079  37.0649  98.8818  
27.8323  34.1022  98.8546  
35.6464  5.99743  85.6648  
38.257  5.24443  84.6213  
23.5403  50.2168  93.2093  
21.361  52.0639  93.9682  
45.1083  11.3697  88.8319  
42.4525  12.5161  88.944  
9.73547  36.0236  84.8511  
8.10099  36.4241  87.1169  
41.0081  46.8719  74.0185  
38.4278  48.0253  74.5908  
49.1234  27.7143  76.4526  
51.0754  28.0968  74.375  
32.3842  17.5565  67.3801  
33.0746  17.9876  64.4964  
40.4596  48.541  106.67  
37.904  50.3013  106.899  
31.5565  50.5088  97.644  
29.3958  50.0208  99.6288  
32.4004  55.2259  86.6831  
31.5996  55.1554  89.4746  
47.1667  56.5633  89.7523  
49.915  55.7896  90.5406  
45.4032  50.2735  71.609  
47.9995  48.9687  71.312  
14.6218  35.3957  76.1413  
13.0125  37.828  76.6244  
37.9618  45.686  99.943  
40.6413  45.31  99.1748  
42.1155  20.0243  61.338  
43.4584  18.4844  59.2068  
27.8536  18.1989  81.2141  
26.7545  20.8494  81.8106  
49.2198  17.93  76.6239  
50.7395  20.2613  75.7864  
25.4314  30.819  94.6701  
27.8993  31.3846  93.4556  
4.81039  10.1698  86.8967  
7.53408  11.1899  87.0384  
38.0635  42.9637  94.5913  
37.9997  42.1312  91.6487  
47.5279  18.7769  97.0397  
48.1366  20.6706  99.3758  
18.2708  33.0127  86.5505  
16.5128  32.0728  88.6336  
50.6418  16.3015  103.328  
51.6402  17.079  106.224  
22.3252  11.8582  92.2348  
19.6007  11.8335  90.8666  
33.9607  44.4369  90.8425  
32.9276  46.6236  89.1854  
8.31491  4.07219  69.4936  
11.0984  3.30966  68.7525  
17.2916  0.755521  84.9704  
18.1706  1.79643  82.2823  
32.3828  18.8731  87.4492  
29.966  17.3636  88.0634  
2.2776  24.4096  96.9599  
4.65079  25.8688  96.0674  
10.5026  14.1807  67.7418  
10.7514  14.4727  64.7375  
53.2003  16.0757  81.7976  
54.4179  13.4771  81.4905  
35.1023  22.981  95.5374  
34.0442  20.2242  95.3714  
50.3667  17.3459  85.3059  
49.7463  18.8909  82.9565  
52.3431  28.5615  89.1664  
55.1597  28.2814  88.9054  
38.1382  27.7282  94.6458  
38.0979  30.4356  95.7837  
12.0224  30.4925  89.1539  
11.6938  32.9737  87.6007  
41.9207  33.0531  79.6464  
44.0501  33.2011  77.6501  
56.2067  14.3709  88.803  
54.7638  14.0429  91.3443  
30.4409  30.0138  75.6512  
32.9021  30.5693  76.9719  
8.07121  25.179  83.9902  
5.26338  25.1301  83.2291  
41.5413  5.68552  95.5891  
43.2913  8.05614  94.9598  
18.7332  50.0921  80.8988  
19.8208  47.4259  80.4433  
44.1979  42.5814  75.9995  
43.29  39.914  75.0569  
39.9611  1.44793  91.702  
41.6236  56.5765  93.6954  
24.9125  54.065  96.2212  
26.708  56.1602  97.1647  
38.3412  39.6986  64.4635  
41.1504  39.7435  65.309  
21.6691  11.9798  100.167  
23.4218  13.4939  98.7464  
53.2267  38.7132  83.8106  
51.8897  36.9604  85.7773  
54.0893  47.2575  79.4889  
56.0732  45.2326  78.7495  
35.1119  25.2324  91.9495  
37.6348  23.7326  92.4206  
45.5016  1.923  106.801  
42.6249  1.30175  105.629  
9.85911  9.94121  47.8371  
12.2116  9.1835  49.3572  
55.2293  38.1105  28.002  
54.0275  39.0715  25.7844  
5.19824  7.70813  55.6159  
6.82783  6.67129  57.7967  
22.6705  21.8407  36.2067  
19.9444  22.6841  36.7133  
0.599635  46.7855  24.5233  
2.25505  45.2659  25.9399  
36.7074  17.7038  66.3521  
38.6838  18.5827  68.3274  
50.8859  20.1977  19.4729  
51.6478  19.9551  16.5542  
3.32579  40.5675  27.698  
4.36283  40.8356  24.6791  
16.0716  45.9938  30.9576  
14.984  48.8996  30.6335  
56.0167  8.84367  21.6213  
1.37891  8.86709  19.3304  
3.89954  20.4011  21.4221  
1.73578  22.0624  20.6756  
41.1882  22.9606  50.4665  
38.7164  21.6492  51.1085  
15.7721  31.1991  34.6748  
15.1038  32.6539  37.0378  
6.35413  7.14479  101.147  
7.65998  5.40924  99.2304  
13.3065  4.06976  43.6698  
10.8348  3.43262  45.1054  
9.48917  13.8391  23.1697  
12.028  14.7111  23.5333  
35.5877  38.6348  39.8536  
33.337  39.4552  41.4713  
35.4405  54.2163  38.435  
38.3302  54.4876  38.5139  
15.601  36.976  43.5279  
12.9354  37.5408  42.4545  
49.6544  14.023  30.8202  
51.2819  16.5307  31.1807  
5.69987  43.7345  101.172  
3.9788  43.0286  98.6548  
4.39197  19.5393  45.9532  
5.03518  18.4087  48.6473  
39.0253  35.8659  30.9187  
41.0543  34.3665  29.808  
18.1218  54.7757  77.4379  
15.4669  54.6216  76.2905  
52.4414  19.9976  26.1502  
51.666  17.2944  26.4849  
0.299859  2.98307  20.4796  
0.985717  0.249265  19.7508  
44.1981  26.4193  84.284  
44.6729  29.2607  84.8656  
10.9233  56.5815  57.0582  
12.9544  1.46722  58.512  
13.0086  5.12116  23.8336  
13.0877  7.85069  22.5509  
49.6937  39.162  40.9303  
49.8598  40.3667  43.5591  
46.007  11.2848  28.5699  
45.4935  13.7056  26.7743  
51.6954  31.9665  26.6469  
51.7999  35.0767  26.9531  
5.61377  39.5218  88.7539  
5.16448  39.5309  85.824  
4.66175  48.4151  42.8471  
4.10676  50.0867  45.2113  
19.5013  38.8073  25.5984  
21.1018  40.5674  23.6724  
21.9932  28.341  102.157  
20.8063  30.6285  100.856  
56.5813  54.6424  31.1654  
54.4168  55.2887  29.0849  
21.7257  4.13249  26.8886  
20.2948  4.6521  29.5323  
42.3966  6.10899  106.507  
40.1742  7.82536  107.511  
22.311  1.56753  23.1776  
20.0387  3.22314  23.3737  
45.0153  47.3882  48.2812  
42.9714  45.5743  47.2495  
30.221  9.0555  91.3708  
30.4949  10.8324  93.6578  
36.339  11.3259  26.6844  
38.8671  10.253  26.0489  
34.1883  5.71599  25.136  
35.9635  3.45794  25.7088  
43.5223  19.125  43.7874  
43.6071  16.4932  42.7442  
26.6686  35.142  38.3545  
24.466  35.3729  40.2694  
33.2524  28.2709  99.2111  
32.5522  26.097  98.3225  
37.2953  35.1044  88.1252  
39.9764  34.3909  89.0173  
0.805869  37.2056  37.2521  
0.465573  34.9785  39.0985  
42.4593  10.1867  38.6284  
40.4725  11.6066  40.1484  
53.8961  13.7171  23.6249  
51.832  11.4999  23.8623  
47.0145  15.9001  34.8082  
45.3442  17.0462  37.1583  
16.8577  46.7391  38.7395  
17.6084  43.9997  39.5069  
14.7394  50.4383  88.5773  
14.9012  47.8084  87.3879  
44.065  47.365  54.2202  
42.4681  46.8488  51.8658  
43.5323  34.249  37.747  
44.586  35.8301  35.4591  
36.6074  44.01  43.3187  
37.2344  42.3927  45.5221  
51.0293  6.71725  32.2533  
52.1977  8.02462  30.0246  
43.3034  55.3479  79.5167  
40.8859  0.337299  79.6544  
47.2101  15.7691  94.3407  
49.5827  14.6174  96.1197  
17.7405  42.2147  27.4182  
15.4644  44.055  26.786  
24.2549  45.1006  38.293  
22.1092  43.4623  38.1545  
54.878  32.5211  23.3872  
0.736468  31.4419  23.868  
43.4346  53.3592  96.0431  
41.3459  54.5219  97.7881  
17.8699  38.0573  93.1261  
17.2941  40.22  94.9976  
11.1893  5.72502  51.535  
14.0722  5.3975  51.4059  
28.0829  51.2035  37.1799  
27.3519  53.1272  35.0681  
24.4553  32.7369  28.742  
23.6981  30.3898  26.7233  
30.3879  48.4291  58.5167  
30.1586  45.7947  57.2013  
21.7154  51.4383  25.4488  
21.1892  50.6064  22.3897  
53.0259  37.7404  46.3928  
55.9107  38.039  45.9079  
17.2476  48.936  35.059  
16.4218  51.0312  36.9479  
49.4933  10.8817  103.949  
47.5404  12.7086  102.965  
12.1163  45.8544  25.1277  
13.0976  47.2894  23.0767  
16.0219  3.76772  88.2676  
16.5652  6.02973  89.9496  
37.6318  37.7506  58.4049  
37.9217  40.1094  56.6958  
40.422  17.1783  29.1709  
40.057  20.1307  29.3421  
48.53  4.12414  22.7757  
50.0285  6.24143  21.0313  
34.9897  42.6073  27.6954  
34.41  44.1581  29.974  
40.1715  29.1161  32.0474  
40.8605  26.7486  33.6812  
2.65744  16.3065  85.8898  
3.86833  14.1173  87.462  
17.3567  35.8785  27.9071  
16.8712  34.6318  25.0639  
29.7485  4.65204  33.9628  
28.4896  6.32847  31.9495  
12.8711  53.4931  37.9957  
14.4564  55.7711  36.9902  
30.0235  42.4608  39.8869  
31.163  44.4206  41.8493  
40.151  39.4877  24.2006  
39.8205  36.9655  25.4944  
37.1917  15.4379  74.3598  
37.996  17.1371  76.6101  
54.7747  24.1353  24.2383  
54.8573  25.3669  21.8455  
33.2478  11.448  75.5635  
32.7769  12.0121  78.339  
8.84797  13.4575  54.8412  
7.39059  11.5832  56.5674  
24.713  13.8351  38.2383  
21.9552  14.2393  37.4622  
1.49921  5.72943  25.7519  
3.66722  3.86706  25.5309  
11.0683  53.9298  64.239  
11.9817  55.4158  61.8743  
47.0019  27.767  47.1071  
47.3243  25.0199  46.3045  
20.3339  48.6264  29.4652  
22.771  47.6091  30.6792  
19.7876  15.1919  23.1078  
20.5824  13.2368  24.9852  
24.5364  15.5561  28.2397  
26.7702  13.5881  27.2549  
41.7023  24.439  25.0203  
39.787  24.6339  22.8934  
7.47052  31.9158  25.5841  
5.36831  30.1643  26.3303  
9.25303  27.6443  30.6565  
9.21605  29.9025  32.6306  
36.0281  53.7175  49.8628  
33.233  54.0533  48.873  
29.1906  25.8758  28.8464  
28.3826  23.0817  28.006  
36.6983  2.8232  78.8882  
39.2542  4.34609  79.3889  
47.5416  3.22342  82.2567  
50.4276  3.05016  82.6176  
38.707  41.5524  37.9718  
38.2648  39.3022  36.2166  
7.76796  21.0782  25.7569  
7.49825  18.2962  25.2301  
34.719  47.9227  41.8534  
33.3217  47.7586  44.4199  
37.2838  10.4728  36.5715  
36.0107  9.32403  34.0852  
41.9125  36.345  46.8428  
41.7957  33.4574  46.5531  
47.8727  35.7941  76.5733  
48.0165  32.9116  77.0772  
36.0744  22.1234  22.4704  
35.3567  19.5666  20.3972  
3.84354  14.1031  24.6903  
5.63231  13.7763  22.1381  
14.1323  36.0465  33.1988  
15.3619  38.5892  32.3231  
25.2382  55.5854  20.6288  
23.854  53.6721  21.9978  
4.90739  6.50532  84.6549  
2.08928  6.75425  85.4866  
48.2168  10.5852  32.2106  
46.7434  10.893  34.59  
36.0561  46.2469  53.1054  
34.6699  46.2718  50.5538  
11.0819  21.9089  40.1755  
10.859  20.6994  42.9269  
52.4101  2.4673  24.4841  
55.0005  1.49741  24.8225  
56.2813  46.2617  36.4142  
55.1608  44.6378  38.4964  
40.5734  6.66921  40.9107  
40.8961  3.82287  41.2693  
53.7405  40.7586  88.0017  
54.8249  41.6997  90.6242  
6.59658  34.4021  34.3976  
4.85412  35.3319  36.5946  
8.76211  35.0912  30.6459  
7.28222  32.8304  29.5547  
6.97057  7.52655  64.556  
9.2819  5.94209  65.393  
51.4359  44.4268  32.4767  
52.6329  44.0417  35.0489  
34.9366  40.1411  99.0867  
37.3189  40.7521  100.111  
3.33638  39.5585  44.9938  
1.70031  41.8306  45.9254  
32.6655  17.4447  91.665  
34.8425  16.7452  93.4875  
44.1949  46.2469  34.4456  
43.4532  43.9738  32.6686  
7.16926  15.7005  36.599  
7.63031  15.2657  33.6909  
28.7867  15.6453  37.5005  
27.4572  16.0249  39.9616  
17.5992  46.7565  83.9949  
18.6692  45.4785  86.4344  
21.7811  35.7496  36.3453  
19.104  34.8429  35.6369  
11.3506  19.5286  82.9438  
13.0451  17.7122  81.3916  
46.8211  9.36305  98.0623  
45.7281  11.8422  96.8129  
29.0701  11.2249  16.8405  
27.2071  12.9052  15.29  
1.24921  11.8571  28.9597  
3.84466  10.558  28.069  
30.9029  7.24989  23.5367  
32.1643  10.0249  23.95  
33.8524  49.9344  48.5581  
31.7831  47.8515  48.3936  
33.0011  28.1693  87.3664  
35.1621  28.8852  85.6067  
16.4014  15.4435  26.5374  
14.1197  17.0725  27.6771  
44.8258  33.3634  83.4268  
47.2752  33.2174  85.0032  
16.2647  7.96393  86.4641  
16.227  10.6399  87.0456  
4.15379  18.8111  41.721  
1.34826  19.3044  42.4202  
51.719  20.7483  96.0828  
53.5649  21.3483  93.9279  
49.1914  8.39865  88.4823  
47.8245  8.10286  91.0285  
19.377  24.7073  23.8111  
19.9466  27.1809  24.6931  
24.0333  40.7726  27.3782  
25.4031  41.8498  29.6493  
19.3886  38.5218  33.4052  
19.2097  40.2183  31.1198  
