1.621160000000000068e+01 5.567379999999999995e+01 5.345940000000000225e+01
8.516460000000000363e+00 2.277120000000000033e+01 3.252320000000000277e+01
3.744530000000000136e+00 5.031179999999999808e+01 3.346090000000000231e+01
9.952230000000000132e+00 4.927470000000000283e+01 5.308480000000000132e+01
1.173240000000000016e+01 1.531060000000000088e+01 4.394819999999999993e+01
2.418840000000000146e+01 5.456980000000000075e+01 4.979990000000000094e+01
3.293880000000000052e+01 1.419890000000000008e+01 4.035920000000000130e+01
1.537959999999999994e+01 1.532629999999999981e+01 4.795969999999999800e+01
2.100240000000000151e+01 2.567210000000000036e+01 2.721590000000000131e+01
5.496340000000000003e+00 2.141850000000000165e+01 4.092900000000000205e+01
5.624750000000000227e+01 4.719489999999999696e+01 3.226330000000000098e+01
2.237310000000000088e+01 2.423720000000000141e+01 3.690919999999999845e+01
4.467560000000000286e+01 4.423389999999999844e+01 4.244539999999999935e+01
2.433419999999999916e+01 5.428720000000000212e+00 4.664849999999999852e+01
3.285999999999999943e+01 5.981649999999999467e-01 3.283220000000000027e+01
1.576699999999999946e+01 2.686049999999999827e+01 4.445839999999999748e+01
3.637960000000000349e+01 2.530249999999999844e+01 4.452009999999999934e+01
5.156880000000000308e+01 4.888080000000000069e+01 4.983789999999999765e+01
5.609279999999999688e+01 4.634290000000000020e+01 5.794639999999999702e+01
1.296850000000000058e+01 1.558680000000000021e+01 3.436500000000000199e+01
1.460019999999999918e+01 2.019529999999999959e+01 5.046900000000000119e+01
2.370319999999999894e+01 3.153799999999999937e+00 5.144819999999999993e+01
8.909350000000000325e-01 3.940520000000000067e+01 4.288880000000000337e+01
3.864409999999999901e+00 2.554429999999999978e+01 4.414180000000000348e+01
1.446020000000000039e+01 2.249680000000000035e+01 2.840279999999999916e+01
3.860210000000000008e+01 3.541020000000000056e+00 6.420459999999999923e+01
3.878920000000000101e+01 1.922129999999999939e+01 5.124699999999999989e+01
5.315149999999999864e+01 2.052789999999999893e+01 4.647579999999999956e+01
1.961039999999999850e+01 3.574060000000000059e+01 3.010150000000000148e+01
3.429440000000000310e+01 4.332979999999999876e+01 2.473730000000000118e+01
1.372470000000000034e+01 4.244930000000000092e+01 5.150130000000000052e+01
4.392369999999999886e-01 3.480239999999999867e+01 3.725460000000000349e+01
4.304520000000000124e+01 1.759789999999999921e+01 4.402750000000000341e+01
9.074590000000000600e+00 4.649660000000000082e+01 4.440059999999999718e+01
3.617320000000000135e+01 7.622390000000000221e+00 4.534360000000000213e+01
3.369089999999999918e+01 2.770789999999999864e+01 3.862290000000000134e+01
3.571260000000000190e+01 2.628369999999999962e+01 3.104660000000000153e+01
2.565080000000000027e+00 4.268319999999999936e+01 3.877029999999999887e+01
5.243800000000000239e+00 2.754440000000000222e+00 3.641720000000000113e+01
2.228920000000000101e+01 1.235609999999999964e+01 3.685969999999999658e+01
1.877039999999999864e+01 5.227450000000000330e+01 6.052649999999999864e+01
2.948499999999999943e+01 8.219509999999999650e+00 5.207690000000000197e+01
5.387080000000000268e+01 1.092900000000000027e+01 4.046679999999999922e+01
1.999630000000000152e+01 5.548740000000000094e+01 4.564419999999999789e+01
5.055319999999999681e+01 4.091400000000000148e+01 3.032580000000000098e+01
1.886870000000000047e+01 4.240500000000000114e+01 3.065980000000000061e+01
4.725070000000000192e+01 5.451230000000000331e+01 5.150079999999999814e+01
4.390409999999999968e+01 5.373579999999999757e+01 2.825280000000000058e+01
4.026219999999999999e+01 5.530369999999999919e+01 6.336930000000000263e+01
2.712740000000000151e+01 9.395469999999999544e+00 4.011630000000000251e+01
5.912869999999999848e+00 1.196380000000000088e+01 4.962950000000000017e+01
4.590990000000000038e+01 3.748120000000000118e+01 1.895609999999999928e+01
3.077469999999999928e+00 5.186789999999999878e+01 4.782249999999999801e+01
3.475410000000000110e+01 1.257629999999999981e+01 4.601039999999999708e+01
4.165919999999999845e+01 4.150130000000000208e-01 4.524170000000000158e+01
6.357230000000000381e+00 3.785450000000000159e+01 5.185240000000000293e+01
3.605140000000000100e+01 5.388559999999999661e+01 5.186209999999999809e+01
4.949889999999999901e+00 3.582800000000000296e+01 5.973899999999999721e+01
2.958609999999999829e+01 5.223360000000000269e+01 2.969249999999999901e+01
1.460500000000000043e+01 3.501979999999999649e+01 6.996760000000000446e+01
4.294429999999999836e+01 3.123079999999999856e+01 4.197319999999999851e+01
1.277570000000000050e+01 2.312379999999999924e+01 4.654059999999999775e+01
2.090200000000000102e+01 3.614050000000000296e+01 5.454630000000000223e+01
5.468259999999999899e+00 5.137740000000000151e+01 3.887030000000000030e+01
4.777779999999999916e+01 1.859619999999999962e+01 4.148440000000000083e+01
2.714440000000000097e+01 2.920759999999999934e+01 2.985559999999999903e+01
2.831680000000000064e+01 1.299390000000000001e+01 5.426010000000000133e+01
1.674109999999999943e+01 3.678499999999999659e+01 2.172319999999999851e+01
4.742680000000000007e+01 1.721369999999999933e+01 3.196959999999999980e+01
5.373829999999999885e+00 4.653949999999999676e+01 6.475029999999999575e+01
3.876630000000000109e+01 2.012199999999999989e+01 5.636500000000000199e+01
1.657160000000000011e+01 3.146290000000000120e+01 4.672399999999999665e+01
1.463749999999999929e+01 4.515650000000000119e+01 5.876930000000000121e+01
3.468939999999999912e+01 4.416320000000000334e+01 3.910210000000000008e+01
4.512369999999999948e+01 8.574759999999999494e+00 4.548100000000000165e+01
1.402480000000000082e+01 3.633140000000000214e+01 1.697340000000000160e+01
2.953089999999999993e+00 5.407939999999999969e+01 4.295539999999999736e+01
2.044590000000000174e+01 3.592600000000000193e+01 9.525669999999999504e+01
4.914470000000000027e+01 3.655639999999999645e+01 2.749210000000000065e+01
4.962530000000000285e+01 1.122949999999999893e+00 3.546470000000000056e+01
5.080559999999999832e+01 4.874569999999999936e+01 2.639590000000000103e+01
1.674620000000000175e+01 4.902289999999999992e+01 4.859969999999999857e+01
4.712859999999999872e+01 6.344730000000000203e+00 6.419639999999999702e+01
4.087270000000000181e+01 2.445739999999999981e+01 3.649900000000000233e+01
1.138900000000000023e+00 5.429879999999999995e+01 3.085650000000000048e+01
3.122569999999999979e+01 4.739280000000000115e+01 4.711240000000000094e+01
3.574380000000000024e+01 9.259219999999999118e+00 5.782009999999999650e+01
2.909590000000000032e+01 1.279030000000000022e+01 4.438340000000000174e+01
3.480180000000000007e+01 4.198310000000000208e+00 2.832359999999999900e+01
4.254629999999999690e+00 5.770650000000000501e-01 2.724510000000000076e+01
1.867409999999999926e+01 5.033720000000000283e+01 3.162839999999999918e+01
2.742610000000000170e+01 6.241600000000000037e+00 2.446229999999999905e+01
1.822129999999999939e+01 5.097059999999999746e+01 5.543610000000000326e+01
4.960829999999999984e+01 1.655940000000000012e+01 4.610340000000000060e+01
1.317750000000000021e+01 8.620829999999999771e+00 3.991539999999999822e+01
3.496170000000000044e+01 2.038050000000000139e+01 3.016039999999999921e+01
2.539229999999999876e+01 5.258659999999999712e+01 3.367750000000000199e+01
2.862709999999999866e+01 3.105599999999999916e+00 4.524410000000000309e+01
3.210419999999999874e+01 6.357059999999999933e-01 2.551989999999999981e+01
2.879570000000000007e+01 4.310580000000000211e+01 2.314460000000000051e+01
6.803970000000000296e-01 1.424890000000000079e+01 3.784859999999999758e+01
1.449469999999999992e+01 3.213029999999999831e+01 2.733609999999999829e+01
2.178509999999999991e+01 4.332609999999999673e+01 4.335110000000000241e+01
4.617360000000000042e+01 4.499810000000000088e+01 6.061260000000000048e+01
2.006500000000000128e+01 3.869740000000000180e+00 4.370409999999999684e+01
9.390269999999999229e+00 1.564980000000000082e+01 5.731110000000000326e+01
7.768659999999999677e+00 3.148639999999999972e+01 3.350379999999999825e+01
4.144429999999999836e+01 1.602019999999999911e+01 2.651640000000000086e+01
3.314189999999999969e+00 1.658160000000000167e+01 4.187369999999999948e+01
5.386809999999999832e+01 4.443919999999999959e+01 2.824790000000000134e+01
9.509230000000000516e+00 2.275090000000000146e+01 6.172710000000000008e+01
4.082509999999999906e+01 5.309420000000000250e+00 4.708780000000000143e+01
1.105719999999999992e+01 5.234000000000000341e+01 6.335020000000000095e+01
5.254429999999999978e+01 3.455960000000000143e+00 5.550019999999999953e+01
6.352970000000000006e+00 1.967160000000000153e+01 5.564009999999999678e+01
1.475150000000000006e+01 5.072160000000000224e+00 4.342969999999999686e+01
4.844769999999999754e+01 5.179149999999999920e+01 4.714209999999999923e+01
4.732829999999999870e+01 1.874429999999999907e+01 5.141890000000000072e+01
5.445750000000000313e+01 4.510589999999999833e+01 3.680080000000000240e+01
5.443119999999999692e+01 1.819099999999999895e+01 3.468110000000000070e+01
3.330989999999999895e+01 2.108930000000000149e+01 5.665449999999999875e+01
2.918280000000000030e+01 5.944079999999999586e+00 3.539829999999999899e+01
9.048719999999999430e+00 3.593840000000000146e+01 3.656860000000000355e+01
4.079999999999999716e+01 7.300349999999999895e+00 3.934440000000000026e+01
1.309290000000000020e+01 3.085739999999999839e+01 5.194250000000000256e+01
2.405160000000000053e+01 5.148250000000000171e+01 2.635140000000000171e+01
5.227069999999999794e+01 2.730039999999999978e+01 4.052230000000000132e+01
1.557729999999999926e+01 4.668780000000000285e+01 2.970250000000000057e+01
3.850950000000000273e+01 3.945969999999999800e+01 4.423740000000000094e+01
5.470649999999999835e+01 3.690149999999999864e+01 2.627540000000000120e+01
5.240120000000000289e+01 5.401570000000000249e+01 5.176080000000000325e+01
4.736679999999999779e+00 1.190900000000000070e+01 3.558970000000000056e+01
1.327870000000000061e+01 2.677789999999999893e+01 2.433599999999999852e+01
2.197340000000000160e+01 7.002309999999999590e+00 3.764860000000000184e+01
4.228629999999999889e+00 5.383790000000000298e+00 4.112189999999999657e+01
5.535220000000000340e+01 1.425179999999999891e+00 4.890859999999999985e+01
4.913920000000000243e+01 3.256229999999999958e+00 3.063670000000000115e+01
3.011060000000000159e+01 4.062899999999999956e+00 4.076120000000000232e+01
5.255300000000000082e+00 2.584469999999999956e+01 4.950240000000000151e+01
1.337079999999999913e+01 1.581010000000000026e+01 6.398490000000000322e+01
3.539119999999999777e+01 4.678649999999999665e+01 3.425150000000000006e+01
1.360270000000000046e+01 1.419890000000000008e+01 7.526420000000000243e+01
1.877789999999999893e+01 3.737389999999999990e+00 5.336070000000000135e+01
4.662039999999999651e+01 5.032690000000000197e+01 6.155349999999999966e+01
5.657200000000000273e+01 1.547719999999999985e+01 6.191089999999999804e+01
2.752749999999999986e+01 4.216810000000000258e+01 5.143659999999999854e+01
3.471560000000000201e+00 7.418639999999999901e+00 5.114929999999999666e+01
5.378739999999999810e+01 3.773369999999999891e+01 3.963490000000000180e+01
2.011060000000000159e+01 1.466699999999999982e+01 4.507280000000000086e+01
1.879019999999999868e+01 2.145510000000000161e+01 3.938640000000000185e+01
4.157249999999999801e+01 4.100789999999999935e+01 2.991740000000000066e+01
2.461809999999999832e+01 5.135589999999999833e+01 4.019259999999999877e+01
3.988100000000000023e+01 5.580809999999999604e+00 5.230160000000000053e+01
6.578570000000000029e+00 4.620649999999999835e+01 5.967519999999999669e+01
1.057349999999999923e+01 3.952279999999999660e+01 5.439180000000000348e+01
4.195349999999999824e+01 4.906309999999999860e+01 3.010439999999999827e+01
4.176449999999999818e+01 3.186789999999999790e+00 3.571750000000000114e+01
4.717929999999999779e+01 4.882970000000000255e+01 4.246220000000000283e+01
4.106560000000000343e+01 4.896869999999999834e+01 5.748669999999999902e+01
4.630899999999999750e+01 4.228790000000000049e+01 2.733869999999999933e+01
1.729159999999999897e+01 5.527109999999999701e+01 2.978310000000000102e+01
2.716959999999999908e+01 3.514439999999999742e+01 5.112210000000000321e+01
4.557269999999999754e+01 5.606739999999999924e+01 4.186280000000000001e+01
1.181230000000000047e+01 5.390079999999999671e+01 3.362480000000000047e+01
4.899490000000000123e+01 3.633379999999999654e+01 4.112409999999999854e+01
4.658520000000000039e+01 3.943690000000000140e+01 3.656649999999999778e+01
4.267560000000000286e+01 3.352669999999999817e+01 2.417500000000000071e+01
2.453979999999999961e+01 3.880490000000000350e+01 2.608089999999999975e+01
5.581629999999999825e+01 4.803150000000000119e+01 4.658129999999999882e+01
5.505299999999999727e+01 2.529670000000000130e+01 4.483389999999999986e+01
2.722790000000000177e+01 3.412720000000000198e+01 2.781749999999999901e+01
5.571509999999999962e+01 5.527579999999999671e+01 5.543399999999999750e+01
3.499430000000000263e+01 2.100710000000000122e+01 4.152750000000000341e+01
5.307500000000000284e+01 5.109530000000000172e+01 3.093039999999999878e+01
5.668079999999999785e+01 7.036780000000000257e+00 3.100750000000000028e+01
4.845009999999999906e+01 4.087740000000000151e+01 4.899929999999999808e+01
1.066539999999999999e+01 8.058710000000000040e-01 4.272050000000000125e+01
5.955199999999999903e-04 1.665020000000000167e+01 4.596659999999999968e+01
2.970439999999999969e+01 3.742470000000000141e+01 3.122019999999999840e+01
3.723530000000000229e+01 3.957909999999999684e+01 2.677260000000000062e+01
2.572609999999999886e+01 3.827949999999999875e+01 3.495629999999999882e+01
1.016910000000000025e+01 5.062570000000000014e+00 7.132680000000000575e+01
8.600099999999999412e+00 5.570439999999999969e+01 3.797129999999999939e+01
3.299110000000000298e+01 9.084730000000000416e+00 2.573570000000000135e+01
5.109320000000000306e+01 8.170159999999999201e+00 3.234810000000000230e+01
4.995130000000000337e+01 4.722480000000000189e+01 6.800709999999999411e+01
8.641159999999999286e+00 4.971929999999999694e+01 3.088589999999999947e+01
1.177749999999999986e+01 5.321490000000000009e+01 4.567170000000000130e+01
5.640959999999999752e+01 2.365549999999999997e+01 3.537729999999999819e+01
4.043719999999999715e+01 5.225570000000000270e+00 6.912690000000000623e+01
3.536200000000000188e+01 5.201480000000000103e+01 3.606029999999999802e+01
1.519880000000000031e+01 2.772419999999999973e+01 3.402969999999999828e+01
4.903220000000000312e+01 6.240459999999999674e+00 4.807300000000000040e+01
1.532099999999999973e+01 3.314529999999999976e+00 3.149170000000000158e+01
5.319950000000000045e+01 1.275270000000000081e+01 4.557009999999999650e+01
3.552550000000000097e+01 2.879729999999999990e+01 5.768750000000000000e+01
7.053110000000000213e+00 3.443780000000000285e+01 4.768399999999999750e+01
5.036249999999999716e+01 5.539289999999999736e+01 4.363719999999999999e+01
9.935269999999999158e+00 4.254469999999999885e+01 4.778260000000000218e+01
7.083140000000000214e+00 5.154319999999999879e+01 6.010079999999999956e+01
2.088650000000000162e+01 3.641749999999999687e+01 3.526930000000000121e+01
2.368270000000000053e+01 4.545060000000000144e+01 2.403119999999999834e+01
2.030099999999999838e+01 2.653760000000000119e+01 5.571520000000000294e+01
4.633529999999999660e+01 3.937489999999999668e+01 4.453300000000000125e+01
3.622590000000000288e+01 5.130169999999999675e+01 5.654659999999999798e+01
4.520839999999999748e+01 5.175809999999999889e+01 3.870530000000000115e+01
3.671130000000000138e+01 3.492730000000000246e+01 2.523969999999999914e+01
2.576330000000000098e+01 3.086909999999999954e+01 3.917999999999999972e+01
4.404099999999999682e+01 2.541839999999999833e+01 2.558079999999999998e+01
3.503940000000000055e+01 4.503879999999999661e+00 4.026089999999999947e+01
3.749779999999999802e+01 5.667980000000000018e+01 4.188430000000000319e+01
2.459250000000000114e+01 1.602540000000000120e+01 3.227900000000000347e+01
4.613940000000000197e+01 3.411480000000000068e+00 3.824589999999999890e+01
5.158169999999999789e+01 4.091049999999999898e+01 3.563040000000000163e+01
4.826970000000000027e+01 1.413250000000000028e+01 6.409109999999999729e+01
4.367819999999999681e+01 5.636549999999999727e+01 5.929639999999999844e+01
4.058689999999999998e+01 5.656010000000000204e+00 2.752649999999999864e+01
3.558440000000000225e+01 3.784040000000000248e+01 5.387290000000000134e+01
2.781319999999999837e+01 2.855839999999999890e+01 3.506860000000000355e+01
3.781779999999999831e+01 1.670820000000000149e+01 4.399580000000000268e+01
1.453880000000000017e+01 1.605000000000000071e+01 5.856600000000000250e+01
2.806500000000000128e+01 1.208169999999999966e+01 6.539140000000000441e+01
2.372030000000000172e+01 1.735569999999999879e+01 4.754489999999999839e+01
3.431659999999999933e+00 3.004009999999999891e+01 4.092540000000000333e+01
4.813069999999999737e+01 2.971689999999999898e+01 2.581279999999999930e+01
2.570459999999999923e+01 3.561379999999999768e+01 4.596849999999999881e+01
1.719449999999999867e-01 5.518280000000000030e+01 8.886469999999999914e+01
3.049520000000000053e+01 3.425310000000000077e+00 6.543449999999999989e+01
3.499060000000000059e+00 5.528139999999999787e+01 5.235620000000000118e+01
2.279840000000000089e+01 3.524009999999999820e+01 6.433320000000000505e+01
5.278009999999999735e+01 4.545479999999999876e+01 5.394579999999999842e+01
1.689770000000000039e+01 3.621690000000000254e+01 5.845839999999999748e+01
5.503090000000000259e+01 5.152890000000000015e+01 5.947249999999999659e+01
1.393319999999999936e+01 5.091149999999999665e+01 7.552500000000000568e+01
2.455620000000000047e+01 1.555289999999999928e+01 6.331710000000000349e+01
4.549530000000000030e+01 1.664450000000000074e+01 6.040409999999999968e+01
2.652629999999999910e+01 4.947950000000000159e+01 4.499159999999999826e+01
4.810719999999999885e+01 4.406479999999999819e+01 5.582430000000000092e+01
4.002069999999999794e+01 3.054060000000000130e+01 6.604470000000000596e+01
5.201039999999999708e+01 1.241399999999999970e+01 5.442680000000000007e+01
4.323720000000000141e+01 2.266310000000000002e+01 6.651250000000000284e+01
5.854409999999999670e+00 2.603450000000000042e+00 4.980579999999999785e+01
2.021519999999999939e+01 3.656450000000000244e+01 7.142220000000000368e+01
5.637220000000000120e+00 6.137760000000000105e+00 5.728920000000000101e+01
5.403390000000000271e+01 2.859140000000000015e+01 4.891790000000000305e+01
1.875339999999999918e+01 2.251000000000000156e+01 5.260649999999999693e+01
2.015800000000000125e+01 4.109020000000000294e+01 7.874200000000000443e+01
5.259620000000000317e+01 8.099539999999999296e+00 5.799900000000000233e+01
2.357250000000000156e+01 4.719010000000000105e+01 3.594570000000000221e+01
3.765620000000000189e+00 4.083650000000000091e+01 2.101089999999999947e+01
5.349260000000000304e+01 2.586850000000000094e+01 5.352049999999999841e+01
2.813569999999999993e+01 1.800949999999999918e+01 4.502349999999999852e+01
1.322310000000000052e+01 2.283640000000000114e+01 3.907379999999999853e+01
2.755039999999999978e+01 1.861149999999999949e+01 8.194289999999999452e+01
3.487639999999999674e+01 1.444340000000000046e+01 5.952490000000000236e+01
1.871209999999999951e+01 1.880150000000000077e+01 5.688230000000000075e+01
2.589859999999999829e+01 5.437339999999999662e+01 6.243430000000000035e+01
2.697550000000000026e+01 2.457450000000000045e+01 4.952120000000000033e+01
3.957450000000000045e+01 1.941130000000000067e+01 6.476069999999999993e+01
4.457719999999999771e+01 3.742819999999999681e+01 6.038739999999999952e+01
1.523300000000000054e+01 5.795320000000000249e+00 4.929930000000000234e+01
3.129769999999999897e+01 2.229019999999999868e+01 6.160329999999999728e+01
3.168390000000000128e+01 3.036499999999999844e+01 5.222330000000000183e+01
2.896120000000000161e+01 4.680069999999999908e+01 5.403419999999999845e+01
2.442589999999999861e+01 2.740170000000000172e+01 4.318739999999999668e+01
3.537049999999999805e+00 2.114189999999999969e+01 5.105400000000000205e+01
3.538669999999999760e+01 3.745810000000000173e+01 6.350769999999999982e+01
2.722589999999999932e+01 4.922599999999999909e+01 6.275880000000000081e+01
5.417029999999999745e+01 1.859489999999999910e+01 6.865049999999999386e+01
2.295860000000000056e+01 3.123069999999999879e+01 5.612810000000000343e+01
3.890620000000000189e+00 3.722259999999999991e+01 3.444409999999999883e+01
2.609909999999999997e+01 4.635779999999999745e+01 5.840409999999999968e+01
5.230360000000000298e+01 3.308969999999999967e+00 4.502329999999999899e+01
1.998560000000000159e+01 2.885330000000000084e+01 3.330530000000000257e+01
2.615080000000000027e+01 4.087550000000000239e+01 4.507719999999999771e+01
1.894119999999999848e+01 5.288969999999999949e+00 5.848380000000000223e+01
6.603030000000000399e+00 4.627759999999999962e+01 3.976950000000000074e+01
2.518299999999999983e+01 3.909640000000000271e+01 5.522160000000000224e+01
1.401679999999999993e+01 1.363620000000000054e+01 3.924629999999999797e+01
2.932509999999999906e+01 5.369570000000000221e+01 7.165439999999999543e+01
7.606539999999999857e+00 5.357789999999999964e+01 5.544330000000000069e+01
2.437239999999999895e+01 7.086549999999999905e+00 5.927250000000000085e+01
2.238230000000000075e+01 4.396690000000000254e+01 5.106060000000000088e+01
2.131940000000000168e+01 1.417849999999999966e+01 5.562259999999999849e+01
1.646600000000000064e+00 1.875369999999999848e+01 5.794239999999999924e+01
7.484510000000000218e+00 7.073470000000000368e+00 6.681499999999999773e+01
5.228229999999999933e+01 5.000560000000000116e+01 2.104319999999999879e+01
4.079200000000000159e+01 3.630599999999999739e+01 5.697240000000000038e+01
4.507300000000000040e+01 3.387709999999999866e+01 2.938279999999999959e+01
1.765099999999999980e+01 8.314629999999999521e-01 6.148169999999999646e+01
2.405229999999999890e+01 1.358360000000000056e+01 5.115220000000000056e+01
1.530959999999999965e+01 3.233579999999999899e+01 6.184279999999999688e+01
1.068950000000000067e+01 2.570250000000000057e+01 5.038569999999999993e+01
3.266400000000000148e+01 5.426659999999999684e+01 5.943630000000000280e+01
1.373530000000000051e+01 2.814300000000000068e+01 3.990789999999999793e+01
4.881689999999999685e+01 1.644200000000000106e+00 7.301170000000000471e+01
2.335519999999999996e+01 7.670989999999999753e+00 6.875159999999999627e+01
1.657029999999999959e+01 1.185640000000000072e+01 5.606459999999999866e+01
2.779200000000000159e+01 5.539410000000000167e+01 5.745000000000000284e+01
4.155219999999999914e+01 3.201279999999999859e+01 5.347209999999999752e+01
2.912590000000000146e+01 3.350319999999999965e+01 4.235049999999999670e+01
1.633640000000000114e+01 1.274639999999999951e+01 3.027609999999999957e+01
1.199610000000000021e+01 3.441779999999999973e+01 4.526259999999999906e+01
4.500580000000000069e+01 2.534769999999999968e+01 4.815679999999999694e+01
3.275030000000000285e+01 4.765109999999999957e+00 5.701339999999999719e+01
4.393169999999999931e+01 7.914480000000000182e+00 5.985090000000000288e+01
2.862460000000000093e+01 3.067119999999999891e+01 6.357809999999999917e+01
1.755170000000000030e+01 4.107209999999999894e+01 6.101509999999999678e+01
3.334279999999999688e+01 4.557350000000000279e+01 6.418120000000000402e+01
1.452430000000000021e+01 4.710520000000000351e+01 5.376659999999999684e+01
3.407139999999999702e+01 3.225690000000000168e+01 4.772079999999999700e+01
2.381500000000000128e+01 5.311460000000000292e+00 7.334350000000000591e+01
2.401760000000000161e+01 1.654159999999999897e+01 7.849490000000000123e+01
7.113419999999999632e+00 2.832319999999999993e+01 6.110229999999999961e+01
3.629789999999999850e+00 3.499620000000000175e+00 6.780939999999999657e+01
2.754230000000000089e+01 4.012870000000000381e+00 5.609029999999999916e+01
4.614220000000000432e+00 2.878800000000000026e+01 7.219599999999999795e+01
1.167799999999999949e+00 2.412300000000000111e+01 5.641100000000000136e+01
8.256229999999999958e-01 6.646609999999999907e+00 6.050119999999999720e+01
2.652540000000000120e+01 2.987740000000000151e+01 5.173610000000000042e+01
1.910379999999999967e+01 2.330110000000000170e+01 5.981329999999999814e+01
4.080879999999999797e+01 2.832600000000000051e+01 5.769819999999999993e+01
1.132590000000000074e+01 2.218639999999999901e+01 5.430539999999999878e+01
2.392329999999999846e+00 2.067869999999999919e+01 6.725190000000000623e+01
2.523280000000000101e+01 2.357870000000000132e+01 7.529749999999999943e+01
1.698479999999999990e+01 1.736759999999999948e+01 9.698909999999999343e+01
5.408059999999999690e+01 5.588960000000000150e+01 6.670510000000000161e+01
1.736139999999999972e+01 1.999309999999999832e+01 6.836790000000000589e+01
1.809380000000000166e+01 4.098299999999999699e+01 6.986979999999999791e+01
2.670690000000000097e+01 1.984019999999999939e+01 2.710610000000000142e+01
4.720040000000000191e+01 8.834149999999999503e-01 6.345329999999999870e+01
3.391389999999999816e+01 5.013340000000000174e+01 2.634900000000000020e+01
2.646730000000000160e+01 9.912300000000000111e+00 4.820980000000000132e+01
3.079619999999999891e+01 3.514320000000000022e+01 6.143529999999999802e+01
5.225589999999999691e+01 1.762529999999999930e+01 6.380729999999999791e+01
3.377490000000000236e+01 2.549569999999999936e+01 5.369839999999999947e+01
2.222240000000000038e+01 2.235610000000000142e+01 4.836919999999999931e+01
1.463189999999999991e+01 4.235479999999999734e+01 6.612669999999999959e+01
2.818750000000000000e+01 3.945159999999999911e+01 5.933639999999999759e+01
8.568559999999999510e-01 2.553389999999999915e+01 6.492090000000000316e+01
3.904910000000000281e+01 8.300069999999999837e+00 6.192770000000000152e+01
3.605230000000000246e+01 1.447230000000000061e+01 5.102770000000000294e+01
1.161519999999999975e+01 3.531479999999999819e+01 5.747599999999999909e+01
5.038509999999999600e+00 3.083990000000000009e+01 5.118719999999999715e+01
4.135500000000000398e+00 1.650270000000000081e+01 6.456390000000000384e+01
3.204299999999999926e+01 5.095759999999999934e+01 6.343430000000000035e+01
2.938719999999999999e+01 5.494489999999999696e+01 6.643370000000000175e+01
4.293990000000000151e+01 2.350509999999999877e+01 5.717390000000000327e+01
5.462109999999999843e+01 5.387109999999999843e+01 4.100160000000000338e+01
1.456419999999999959e+01 1.927110000000000056e+01 7.357219999999999516e+01
2.119300000000000139e+01 8.786640000000000228e+00 7.656319999999999482e+01
5.310340000000000060e+01 3.666550000000000153e+01 5.736469999999999914e+01
4.368489999999999895e+01 4.100069999999999659e+00 5.602680000000000149e+01
2.261919999999999931e+01 2.533139999999999858e+01 6.333209999999999695e+01
1.872990000000000066e+01 1.577679999999999971e+01 3.999170000000000158e+01
2.524149999999999849e+01 1.248300000000000054e+01 5.867980000000000018e+01
3.997529999999999717e+01 1.655330000000000013e+01 5.991700000000000159e+01
1.507590000000000074e+01 4.926259999999999906e+01 6.227859999999999729e+01
1.671229999999999905e+01 4.717960000000000065e+01 6.671139999999999759e+01
3.869239999999999924e+01 1.052180000000000071e+01 5.371909999999999741e+01
9.748499999999999943e-01 5.248940000000000161e+00 7.240940000000000509e+01
1.631119999999999948e+01 2.204609999999999914e+01 7.772560000000000002e+01
3.197790000000000177e+01 1.698549999999999827e+01 5.349240000000000350e+01
3.977170000000000272e+01 3.591349999999999909e+01 6.643179999999999552e+01
2.309669999999999845e+01 4.027470000000000283e+01 6.287960000000000349e+01
5.356980000000000075e+01 4.126030000000000086e+01 5.047650000000000148e+01
5.541340000000000288e+01 9.922380000000000422e+00 7.438330000000000553e+01
3.388900000000000290e+01 2.386309999999999931e+00 6.162360000000000326e+01
6.405070000000000485e-01 1.868470000000000075e+00 3.357240000000000180e+01
4.499940000000000140e+01 5.180899999999999750e+01 5.612780000000000058e+01
2.016059999999999874e+01 2.417239999999999966e+01 4.375260000000000105e+01
1.015569999999999951e+01 4.240509999999999735e+01 5.913559999999999661e+01
1.380760000000000076e+01 4.862619999999999720e+01 4.420870000000000033e+01
3.249940000000000140e+01 5.244509999999999650e+01 4.788960000000000150e+01
3.621209999999999951e+01 8.245570000000000732e+00 7.023149999999999693e+01
5.096079999999999899e+01 5.334949999999999903e+01 6.277539999999999765e+01
1.641140000000000043e+01 5.172950000000000159e+01 3.623129999999999740e+01
1.278500000000000014e+01 2.724149999999999849e+01 6.762260000000000559e+01
2.754169999999999874e+01 2.320309999999999917e+01 3.639410000000000167e+01
2.988510000000000133e+01 3.767730000000000246e+01 3.837939999999999685e+01
5.406439999999999912e+01 1.330840000000000023e+00 7.174179999999999779e+01
2.415510000000000090e+01 3.065490000000000137e+01 6.120830000000000126e+01
5.088960000000000150e+00 4.289999999999999858e+01 4.998310000000000031e+01
2.574470000000000169e+01 4.692040000000000077e+01 6.737030000000000030e+01
1.366479999999999961e+01 2.395919999999999916e+01 5.891360000000000241e+01
4.282229999999999848e+01 1.230330000000000013e+01 5.663519999999999754e+01
3.930719999999999992e+00 4.446739999999999782e+01 5.526169999999999760e+01
3.953029999999999688e+01 3.231519999999999726e+01 4.846309999999999718e+01
2.283699999999999974e+01 1.891339999999999932e+01 9.438710000000000377e+01
2.733099999999999863e+00 1.591559999999999953e+01 5.032439999999999714e+01
2.126060000000000016e+01 2.810129999999999839e+01 6.751470000000000482e+01
4.784490000000000265e+01 3.244920000000000027e+00 5.257379999999999853e+01
1.844600000000000151e+01 4.021379999999999910e+01 5.089110000000000156e+01
5.144779999999999909e+00 1.979260000000000019e+01 7.169299999999999784e+01
4.339690000000000225e+01 3.997979999999999734e+01 7.734420000000000073e+01
2.207580000000000098e+01 1.466430000000000078e+01 7.112959999999999638e+01
3.391949999999999932e+01 3.392459999999999809e+01 7.840789999999999793e+01
2.680699999999999861e+00 3.940529999999999688e+01 5.649300000000000210e+01
3.058490000000000109e+01 2.055940000000000012e+01 4.924830000000000041e+01
2.900949999999999918e+01 4.507469999999999644e+00 7.376179999999999382e+01
1.464700000000000024e+01 1.109350000000000058e+01 5.114920000000000044e+01
3.068870000000000076e+01 1.455510000000000081e+00 8.088970000000000482e+01
3.358539999999999992e+01 3.787310000000000088e+01 6.854370000000000118e+01
9.940350000000000463e+00 3.562500000000000000e+01 6.682240000000000180e+01
7.404779999999999696e+00 3.164809999999999945e+01 5.611050000000000182e+01
1.489840000000000053e+01 2.076739999999999853e+01 3.409499999999999886e+01
3.365460000000000207e+01 3.812310000000000088e+01 4.614390000000000214e+01
4.097229999999999706e+01 3.973769999999999669e+01 5.321880000000000166e+01
4.326200000000000045e+00 2.520700000000000074e+01 3.732379999999999853e+01
5.620960000000000178e+01 2.894829999999999970e+01 3.727510000000000190e+01
1.056230000000000047e+01 2.042060000000000031e+01 4.268370000000000175e+01
3.260549999999999926e+01 2.764000000000000057e+01 6.194959999999999667e+01
5.542379999999999995e+01 5.569079999999999586e+00 5.159790000000000276e+01
5.205930000000000035e+01 4.917940000000000111e+01 3.959069999999999823e+01
5.461869999999999692e+01 5.517069999999999652e+01 7.626869999999999550e+01
5.462510000000000332e+01 1.224610000000000021e+01 2.417849999999999966e+01
3.643589999999999662e+01 5.253869999999999862e+01 6.620189999999999486e+01
2.791509999999999891e+01 5.467869999999999919e+01 4.621229999999999905e+01
1.579679999999999929e+01 2.856840000000000046e+01 5.742379999999999995e+01
4.281329999999999814e+01 5.347249999999999659e+01 9.974979999999999336e+01
4.372370000000000090e+01 4.232589999999999719e+01 7.252320000000000277e+01
2.963520000000000110e+01 2.161329999999999885e+01 4.132410000000000139e+01
8.160970000000000724e+00 5.012599999999999767e+01 4.805140000000000100e+01
4.690720000000000312e+01 4.557560000000000144e+01 5.077709999999999724e+01
2.180010000000000048e+01 4.739209999999999923e+01 4.702550000000000097e+01
5.538089999999999691e+01 3.219530000000000314e+01 5.977270000000000039e+01
3.331990000000000229e-01 8.783790000000000209e-01 8.038830000000000098e+01
4.721390000000000242e+01 1.509319999999999951e+01 5.541239999999999810e+01
4.937470000000000248e+00 4.495609999999999928e+01 7.853040000000000020e+01
3.941270000000000095e+01 4.829090000000000060e+01 6.758240000000000691e+01
2.747190000000000154e+01 1.303469999999999906e+00 9.843770000000000664e+01
3.522429999999999950e+01 2.243779999999999930e+01 6.536530000000000484e+01
2.096470000000000056e+01 3.161410000000000053e+01 8.863720000000000709e+01
1.807730000000000103e+01 1.180569999999999986e+01 7.328650000000000375e+01
1.254219999999999935e+01 2.216550000000000153e+01 6.664919999999999334e+01
2.869549999999999912e+01 3.579890000000000327e+01 7.890569999999999595e+01
5.532699999999999818e+01 4.705630000000000024e+01 6.893770000000000664e+01
2.879599999999999937e+01 3.965019999999999811e+01 7.546359999999999957e+01
4.252940000000000254e+01 7.668840000000000323e+00 8.236079999999999757e+01
3.714399999999999835e+01 1.138390000000000057e+01 6.593609999999999616e+01
4.782039999999999935e+01 4.302720000000000056e+01 6.530440000000000111e+01
4.066230000000000189e+01 4.960510000000000197e+00 1.000229999999999961e+02
3.615460000000000207e+01 2.600130000000000052e+01 8.782420000000000471e+01
1.631429999999999936e+00 3.418529999999999802e+01 6.399179999999999779e+01
7.313790000000000013e+00 1.291690000000000005e+01 8.411050000000000182e+01
1.424130000000000074e+01 1.516610000000000014e+01 9.282110000000000127e+01
4.903679999999999950e+01 3.573710000000000164e+00 1.046189999999999998e+02
5.230689999999999884e+01 2.558699999999999974e+01 6.431499999999999773e+01
2.429690000000000083e+01 4.333509999999999707e+01 7.618739999999999668e+01
5.617430000000000234e+01 3.720810000000000173e+01 5.281689999999999685e+01
1.622250000000000014e+01 4.299499999999999744e+01 9.208570000000000277e+01
2.130199999999999960e+01 4.420340000000000202e+01 6.649769999999999470e+01
4.627100000000000080e+01 2.816059999999999874e+01 7.317719999999999914e+01
9.470029999999999504e+00 3.790370000000000061e+01 6.186480000000000246e+01
3.650390000000000157e+01 2.523600000000000065e+01 8.267770000000000152e+01
3.058859999999999957e+01 7.619460000000000122e+00 7.769670000000000698e+01
3.029710000000000036e+01 5.497670000000000101e+01 8.514539999999999509e+01
2.788169999999999860e+01 2.985180000000000078e+01 8.441809999999999548e+01
2.807519999999999882e+01 4.689639999999999986e+01 8.773739999999999384e+01
3.606949999999999790e+01 5.163949999999999818e+01 1.009369999999999976e+02
5.475579999999999892e+00 1.694900000000000073e+00 8.066280000000000427e+01
3.333200000000000074e+01 4.243189999999999884e+01 7.698860000000000525e+01
5.658140000000000214e+01 1.046570000000000000e+01 6.420520000000000493e+01
2.361060000000000159e+01 5.621070000000000277e+01 7.829309999999999548e+01
3.839379999999999882e+01 4.779529999999999745e+01 7.706990000000000407e+01
5.196060000000000123e+00 3.871909999999999741e+01 1.023050000000000068e+02
3.928820000000000334e+01 4.560860000000000269e+01 7.223000000000000398e+01
1.607620000000000005e+01 3.737100000000000222e+01 9.227840000000000487e+01
1.483629999999999960e+01 5.475999999999999801e+01 7.932489999999999952e+01
2.017460000000000164e+01 2.507420000000000115e+01 7.520720000000000027e+01
4.697610000000000241e+01 3.217099999999999937e+01 5.242830000000000013e+01
7.966719999999999580e+00 5.050730000000000075e+01 6.718609999999999616e+01
8.644750000000000156e+00 1.762419999999999831e+01 6.224989999999999668e+01
2.270850000000000080e+01 2.549909999999999854e+01 8.323799999999999955e+01
2.894610000000000127e+01 3.974380000000000024e+01 7.015689999999999316e+01
2.087770000000000081e+01 2.092500000000000071e+01 2.401980000000000004e+01
1.406450000000000067e+01 3.754070000000000107e+01 7.458369999999999322e+01
4.854780000000000229e+01 2.967010000000000147e+01 4.764909999999999712e+01
2.294460000000000122e+01 5.469050000000000011e+01 1.009419999999999931e+02
2.414570000000000149e+01 3.772270000000000323e+01 9.183799999999999386e+01
5.479270000000000351e+01 2.123179999999999978e+01 5.138640000000000185e+01
2.797319999999999851e+01 3.253649999999999665e+01 7.171210000000000662e+01
5.438060000000000116e+01 3.099950000000000117e+01 7.114660000000000650e+01
1.793140000000000001e+01 8.581889999999999574e+00 6.909709999999999752e+01
5.395420000000000016e+01 1.008289999999999909e+00 1.061110000000000042e+02
3.038599999999999923e+01 4.475019999999999953e+01 6.865819999999999368e+01
8.759780000000000344e-01 5.182670000000000243e+01 6.716800000000000637e+01
3.897019999999999840e+01 3.314350000000000129e+00 7.653570000000000562e+01
4.312069999999999936e+01 5.142929999999999779e+01 6.557659999999999911e+01
4.752159999999999940e+01 4.126789999999999736e+01 8.672620000000000573e+01
2.156429999999999847e+00 2.769999999999999929e+01 6.018820000000000192e+01
3.965540000000000020e+01 5.617609999999999815e+01 1.049320000000000022e+02
1.409859999999999935e+01 1.339920000000000044e+01 8.071349999999999625e+01
3.644129999999999825e+01 4.876520000000000010e+01 8.702719999999999345e+01
1.508569999999999922e+01 2.324759999999999849e+01 8.722270000000000323e+01
2.669950000000000045e+01 1.169389999999999930e+01 7.047620000000000573e+01
9.451090000000000657e+00 2.901879999999999882e+01 9.072339999999999804e+01
3.041069999999999851e+01 3.342159999999999798e+01 8.716009999999999991e+01
9.607229999999999492e+00 5.508319999999999794e+01 8.084120000000000061e+01
3.754999999999999716e+01 4.110399999999999920e+01 6.991009999999999991e+01
4.503269999999999662e+00 1.185720000000000063e+01 6.708379999999999654e+01
3.773890000000000100e+01 5.881960000000000299e+00 8.415149999999999864e+01
2.130059999999999931e+01 9.311809999999999476e+00 8.937539999999999907e+01
7.307089999999999641e+00 4.811710000000000065e+01 9.983259999999999934e+01
2.487530000000000019e+00 5.364710000000000178e+01 6.222540000000000049e+01
1.901480000000000103e+01 3.989189999999999969e+01 8.460219999999999629e+01
3.283930000000000149e+01 1.404979999999999940e+01 6.435330000000000439e+01
4.794839999999999947e+01 4.636330000000000240e+01 8.094459999999999411e+01
4.913929999999999865e+01 1.088889999999999958e+01 8.599280000000000257e+01
1.616560000000000130e+01 1.099370000000000047e+01 6.467770000000000152e+01
2.727390000000000114e+01 5.081660000000000110e+01 8.386990000000000123e+01
1.690769999999999840e+01 3.162839999999999918e+01 8.535639999999999361e+01
3.644809999999999661e+01 5.575710000000000122e+01 7.053449999999999420e+01
3.701239999999999952e+01 3.974479999999999791e+01 5.913179999999999836e+01
5.567170000000000130e+01 4.095490000000000208e+01 5.970539999999999736e+01
3.288900000000000290e+01 3.260549999999999926e+01 6.978579999999999472e+01
4.684620000000000317e+01 4.137239999999999895e+01 8.134759999999999991e+01
5.080949999999999633e+00 4.946170000000000044e+01 7.560049999999999670e+01
5.472359999999999758e+01 4.025000000000000000e+01 8.049150000000000205e+01
1.035769999999999946e+01 3.802819999999999823e+01 8.616360000000000241e+01
4.687169999999999703e+01 1.119539999999999935e+01 9.324160000000000537e+01
3.568569999999999709e+01 3.321289999999999765e+01 9.319410000000000593e+01
3.405250000000000199e+01 2.531820000000000093e+01 7.469920000000000471e+01
1.786289999999999978e+01 5.989620000000000388e+00 7.963160000000000593e+01
3.229659999999999798e+01 1.238119999999999976e+01 8.525289999999999679e+01
1.749119999999999919e+01 2.788240000000000052e+01 7.107980000000000587e+01
6.068810000000000038e-01 1.117670000000000030e+01 7.925430000000000064e+01
4.945499999999999829e+01 3.019810000000000016e+01 9.925119999999999720e+01
3.845419999999999838e+00 1.356409999999999982e+01 9.646949999999999648e+01
5.624750000000000227e+01 3.898340000000000316e+01 6.458570000000000277e+01
5.474179999999999779e+01 5.434539999999999793e+01 8.401470000000000482e+01
2.003389999999999915e+01 5.001749999999999829e+01 9.204890000000000327e+01
3.524009999999999820e+01 3.129670000000000130e+01 8.777670000000000528e+01
3.517909999999999826e+01 2.849749999999999872e+01 6.669159999999999400e+01
3.580839999999999890e+01 1.219059999999999988e+01 7.417279999999999518e+01
3.290979999999999794e+00 1.186359999999999992e+01 8.780849999999999511e+01
2.864999999999999858e+01 9.535389999999999588e+00 8.212789999999999679e+01
4.626780000000000115e+01 1.855959999999999965e+01 8.936129999999999995e+01
3.702230000000000132e+01 3.646439999999999770e+01 8.226600000000000534e+01
5.621039999999999992e+01 4.949770000000000181e+01 8.198390000000000555e+01
2.264020000000000010e+01 1.221289999999999942e+01 8.519440000000000168e+01
2.634540000000000148e+01 6.878470000000000084e+00 6.436499999999999488e+01
5.005729999999999791e+01 1.921460000000000112e-01 8.355389999999999873e+01
3.523409999999999798e+01 5.347500000000000142e+01 8.518439999999999657e+01
4.986530000000000129e-01 5.008169999999999789e+01 9.011490000000000578e+01
3.255830000000000268e+01 5.127119999999999678e+00 4.865149999999999864e+01
5.066279999999999717e+01 5.249710000000000321e+00 8.161010000000000275e+01
3.146699999999999875e+01 1.687049999999999983e+01 2.878659999999999997e+01
2.150659999999999794e+00 2.405359999999999943e+01 7.335179999999999723e+01
3.769180000000000064e+01 1.598320000000000007e+01 9.145520000000000493e+01
2.514059999999999917e+01 1.119899999999999984e+01 9.227379999999999427e+01
4.414579999999999949e+00 1.431859999999999999e+01 7.194280000000000541e+01
2.704589999999999961e+01 4.727830000000000155e+01 7.522239999999999327e+01
4.148259999999999792e+01 1.251900000000000013e+01 8.446710000000000207e+01
1.530940000000000012e+01 3.631969999999999743e+01 8.691179999999999950e+01
3.374909999999999854e+00 3.110109999999999886e+01 7.684420000000000073e+01
4.682789999999999964e+01 6.591409999999999769e+00 7.394310000000000116e+01
4.468119999999999692e+01 2.921199999999999974e+01 9.072289999999999566e+01
1.795429999999999993e+01 1.449329999999999963e+01 8.416559999999999775e+01
6.459890000000000354e-01 4.304659999999999798e+01 4.702320000000000277e+01
4.949790000000000134e+01 5.386769999999999925e+01 7.621949999999999648e+01
3.712239999999999895e+01 2.482529999999999859e+01 9.956239999999999668e+01
1.129630000000000045e+01 5.676029999999999687e-01 5.558019999999999783e+01
4.006529999999999814e-02 3.313920000000000243e+01 4.945640000000000214e+01
5.340270000000000294e+00 1.904400000000000048e+01 7.784629999999999939e+01
4.084920000000000329e+01 2.770899999999999963e+01 1.028700000000000045e+02
5.063700000000000045e+01 8.609859999999999403e+00 7.719599999999999795e+01
1.998000000000000043e+01 2.170019999999999882e+01 8.533849999999999625e+01
4.870530000000000115e+01 2.755709999999999837e+01 8.780010000000000048e+01
5.199740000000000251e+00 1.382869999999999955e+01 7.912900000000000489e+01
2.897660000000000124e+01 2.490050000000000097e+01 7.123180000000000689e+01
5.136429999999999829e+00 5.493439999999999657e+01 6.857110000000000127e+01
4.541250000000000142e+01 2.188569999999999993e+01 6.156130000000000280e+01
1.679400000000000048e+01 2.412679999999999936e+01 9.548399999999999466e+01
2.508389999999999986e+01 3.610399999999999920e+01 6.917159999999999798e+01
2.754339999999999833e+01 3.701140000000000185e+01 8.418120000000000402e+01
3.605499999999999972e+01 4.425999999999999801e+01 8.455589999999999407e+01
4.774320000000000164e+01 3.550880000000000081e+01 6.703130000000000166e+01
4.239159999999999684e+01 3.027870000000000061e+01 7.639910000000000423e+01
3.445969999999999800e+01 5.141279999999999717e+01 7.883029999999999404e+01
8.947960000000000136e+00 5.309109999999999729e+01 7.599169999999999447e+01
1.386350000000000016e+01 5.523830000000000240e+01 9.264669999999999561e+01
1.829939999999999856e+01 3.295259999999999678e+01 6.618699999999999761e+01
1.248300000000000054e+01 3.024340000000000117e+01 7.804389999999999361e+01
6.678079999999999572e+00 3.802170000000000272e+01 7.089279999999999404e+01
3.412740000000000151e+01 4.303529999999999944e+01 9.298799999999999955e+01
3.194960000000000022e+01 4.461359999999999815e+01 8.161960000000000548e+01
5.400460000000000349e+01 2.582900000000000063e+01 7.210049999999999670e+01
1.612559999999999860e+01 4.241810000000000258e+01 7.507640000000000668e+01
3.215070000000000050e+01 1.538020000000000032e+01 9.324079999999999302e+01
1.202790000000000070e+01 1.913050000000000139e+01 8.863989999999999725e+01
3.395439999999999969e+01 5.178849999999999909e+01 7.357429999999999382e+01
4.137969999999999970e+01 4.936659999999999826e+01 1.026650000000000063e+02
4.675379999999999825e+01 5.432639999999999958e+01 8.043359999999999843e+01
2.649139999999999873e+01 2.095850000000000080e+01 6.401919999999999789e+01
8.882260000000000488e+00 3.798539999999999850e+01 7.575369999999999493e+01
1.002730000000000032e+01 2.164229999999999876e+01 7.133710000000000662e+01
1.503989999999999938e+01 8.003700000000000259e+00 1.025300000000000011e+02
4.819299999999999784e+01 3.879959999999999809e+01 5.673919999999999675e+01
5.111789999999999878e+01 9.648400000000000531e+00 6.294870000000000232e+01
7.359939999999999927e+00 4.764470000000000094e-01 7.276529999999999632e+01
5.663280000000000314e+01 5.029050000000000153e+01 7.685599999999999454e+01
2.468059999999999832e+01 1.871890000000000143e+01 7.313819999999999766e+01
4.602219999999999800e+01 5.652929999999999922e+01 6.887470000000000425e+01
1.062599999999999945e+01 3.086779999999999902e+01 6.404949999999999477e+01
8.050779999999999603e+00 3.341980000000000217e+01 7.855910000000000082e+01
2.259369999999999834e+01 3.652279999999999660e+01 8.677349999999999852e+01
1.976490000000000080e+01 1.542919999999999980e+01 6.600300000000000011e+01
3.842889999999999873e+01 2.831650000000000134e+01 7.342950000000000443e+01
5.627060000000000173e+01 3.435660000000000025e+01 7.495340000000000202e+01
2.685170000000000101e+01 3.081449999999999889e+01 7.929689999999999372e+01
2.120439999999999969e+01 5.363020000000000209e+01 7.015229999999999677e+01
1.082290000000000063e+01 1.107109999999999950e+01 9.326090000000000657e+01
2.527420000000000044e+01 5.036760000000000304e+01 7.135150000000000148e+01
4.964979999999999905e+01 3.192569999999999908e+01 8.067239999999999611e+01
1.611329999999999885e+01 5.159029999999999916e+01 7.045399999999999352e+01
1.315789999999999971e+01 5.587449999999999761e+01 6.934829999999999472e+01
1.745260000000000034e+00 3.021379999999999910e+01 6.767829999999999302e+01
2.669869999999999877e+01 2.893499999999999872e+01 6.834950000000000614e+01
3.839950000000000330e+01 4.041850000000000165e+01 7.881770000000000209e+01
4.255160000000000053e+01 2.201699999999999946e+01 7.556489999999999441e+01
4.639209999999999923e+01 2.428750000000000142e+01 5.328810000000000002e+01
1.533130000000000104e+00 2.805890000000000128e+01 9.629630000000000223e+01
3.216409999999999769e+01 4.642289999999999850e+01 7.345239999999999725e+01
1.204990000000000006e+00 4.230630000000000024e+01 6.834929999999999950e+01
2.922929999999999851e+01 3.625659999999999883e+01 9.142359999999999332e+01
5.098429999999999751e+01 2.285450000000000159e+01 6.903199999999999648e+01
1.138410000000000011e+01 4.754970000000000141e+01 8.554470000000000596e+01
2.973939999999999984e+01 4.895139999999999958e+01 7.956210000000000093e+01
1.205349999999999966e+01 4.598940000000000339e+01 7.523539999999999850e+01
7.998719999999999608e+00 4.733200000000000074e+01 7.165370000000000061e+01
1.870990000000000109e+01 3.635529999999999973e+01 7.689459999999999695e+01
3.721580000000000155e+01 2.859090000000000242e-01 9.703199999999999648e+01
2.855910000000000082e+01 8.332529999999999451e-03 7.617319999999999425e+01
1.188710000000000022e+01 4.554760000000000275e+01 9.505459999999999354e+01
4.152250000000000085e+01 4.186419999999999675e+01 6.135860000000000269e+01
2.122670000000000101e+01 5.479489999999999839e+01 6.465389999999999304e+01
4.662850000000000250e+01 3.303379999999999939e+01 6.260179999999999723e+01
5.070660000000000167e+01 2.974729999999999919e+01 6.083350000000000080e+01
4.690939999999999799e+01 1.681970000000000098e+01 7.255089999999999861e+01
5.557419999999999760e+01 5.339309999999999690e+01 9.720720000000000027e+01
3.633149999999999835e+01 3.334879999999999711e+01 7.361650000000000205e+01
1.060360000000000014e+01 4.299489999999999590e+00 5.167949999999999733e+01
4.225450000000000017e+01 2.711410000000000053e+01 6.952060000000000173e+01
9.617710000000000647e+00 2.706230000000000047e+01 7.199460000000000548e+01
2.486969999999999903e+00 5.163159999999999883e+01 1.007409999999999997e+02
4.918189999999999884e+01 1.965390000000000015e+01 8.475469999999999970e+01
6.300419999999999909e+00 3.530729999999999791e+01 8.330459999999999354e+01
1.267120000000000068e+01 8.115990000000000038e+00 8.039979999999999905e+01
3.184949999999999903e+01 2.140080000000000027e+01 1.048370000000000033e+02
8.491989999999999483e+00 2.121109999999999829e+01 8.153520000000000323e+01
2.113560000000000016e+01 7.560789999999999456e-01 7.393609999999999616e+01
4.143310000000000315e+01 4.862780000000000058e+01 8.824769999999999470e+01
3.600909999999999656e+01 3.424699999999999989e+01 9.980159999999999343e+01
2.880610000000000070e+01 5.317349999999999710e+01 9.689190000000000680e+01
4.442770000000000152e+01 3.973149999999999693e+01 6.749800000000000466e+01
7.221950000000000314e-01 3.638309999999999889e+01 9.076900000000000546e+01
7.782320000000000348e+00 2.219889999999999830e+01 9.060219999999999629e+01
4.844120000000000203e+01 4.619709999999999894e+01 1.051610000000000014e+02
4.352089999999999748e+01 2.906589999999999918e+01 6.248349999999999937e+01
2.169290000000000163e+01 3.111970000000000169e+01 9.776789999999999736e+01
4.377519999999999811e+01 3.542519999999999669e+01 7.479259999999999309e+01
4.918970000000000198e+01 2.825929999999999964e+01 5.574510000000000076e+01
3.102329999999999899e+01 2.567310000000000159e+01 8.279099999999999682e+01
4.893399999999999750e+01 1.135820000000000007e+01 1.029530000000000030e+02
5.557090000000000174e+01 3.329879999999999995e+01 8.672129999999999939e+01
4.520700000000000074e+01 3.207549999999999812e+01 1.022099999999999937e+02
2.390630000000000166e+01 1.782369999999999877e+01 1.045720000000000027e+02
4.982169999999999987e+01 1.266000000000000014e+01 8.101330000000000098e+01
4.059499999999999886e+01 3.610360000000000014e+01 9.302750000000000341e+01
1.233910000000000018e+01 2.487140000000000128e+01 8.033870000000000289e+01
5.430519999999999925e+01 1.850390000000000157e+01 8.577400000000000091e+01
5.516259999999999941e+00 1.092950000000000088e+01 9.232980000000000587e+01
5.154220000000000113e+01 5.291329999999999956e+01 9.203440000000000509e+01
1.545590000000000019e+00 2.867160000000000153e+01 8.526300000000000523e+01
4.546159999999999712e+01 4.305060000000000286e+01 9.512439999999999429e+01
3.461269999999999669e+01 9.816309999999999647e+00 9.446540000000000248e+01
4.550039999999999907e+01 5.455680000000000263e+01 9.534850000000000136e+01
1.125990000000000002e+01 4.484519999999999840e+01 3.767569999999999908e+01
2.672899999999999920e+01 1.526999999999999913e+00 8.741970000000000596e+01
4.533709999999999951e+01 1.353299999999999947e+01 6.849859999999999616e+01
1.717960000000000065e+01 1.254669999999999952e+01 8.915089999999999293e+01
3.008930000000000149e+01 1.158719999999999928e+01 1.049090000000000060e+02
3.718010000000000304e+01 9.052250000000000796e+00 9.913849999999999341e+01
3.708950000000000102e+01 1.068599999999999994e+01 8.628979999999999961e+01
7.921680000000000277e+00 5.177819999999999823e+01 8.474339999999999407e+01
5.798840000000000217e+00 3.105829999999999913e+01 8.684669999999999845e+01
4.080639999999999823e+00 4.650979999999999670e+00 1.005949999999999989e+02
2.345769999999999911e+01 1.989130000000000109e+01 8.893070000000000164e+01
5.058330000000000126e+01 3.987709999999999866e+01 1.031080000000000041e+02
1.341119999999999912e+01 2.763670000000000115e+01 8.509090000000000487e+01
5.150670000000000215e+01 2.558859999999999957e+01 9.239199999999999591e+01
5.137610000000000099e+01 3.927530000000000143e+01 6.666750000000000398e+01
2.671079999999999899e+01 2.359929999999999950e+01 8.054890000000000327e+01
7.264750000000000263e+00 2.960610000000000142e+01 1.005879999999999939e+02
4.269550000000000267e+01 5.086129999999999995e+01 7.843649999999999523e+01
1.550980000000000025e+01 5.416310000000000180e+00 9.761039999999999850e+01
1.042900000000000027e+01 5.310779999999999745e+01 1.005840000000000032e+02
4.447429999999999950e+01 5.284830000000000183e+01 1.059020000000000010e+02
3.460649999999999782e+00 5.504059999999999953e+00 9.353539999999999566e+01
5.147919999999999874e+01 4.040440000000000254e+01 7.183150000000000546e+01
5.251530000000000342e+01 4.352020000000000266e+01 8.763670000000000471e+01
4.584620000000000317e+01 1.668270000000000053e+01 8.157359999999999900e+01
5.191430000000000211e-01 4.252770000000000294e+01 7.637699999999999534e+01
4.007880000000000109e+01 1.269969999999999999e+01 7.766039999999999566e+01
3.586090000000000089e+01 1.438630000000000031e+01 9.795149999999999579e+01
2.455760000000000076e+01 2.795270000000000010e+01 8.766970000000000596e+01
3.172810000000000130e+01 2.249719999999999942e+01 8.683750000000000568e+01
5.479619999999999891e+01 4.467179999999999751e+01 1.068810000000000002e+02
3.863669999999999760e+01 9.007360000000000255e+00 9.057319999999999993e+01
5.584570000000000078e+01 1.515470000000000006e+01 7.274970000000000425e+01
4.424880000000000280e+01 4.607300000000000040e+01 1.002210000000000036e+02
9.174390000000000711e+00 4.297990000000000066e+01 8.388549999999999329e+01
4.748420000000000130e+01 3.848870000000000147e+01 9.678149999999999409e+01
3.678349999999999653e+01 2.238179999999999836e+01 9.396970000000000312e+01
2.219500000000000028e+01 1.334970000000000034e+01 9.618760000000000332e+01
4.755570000000000164e+01 4.889719999999999800e+01 7.637319999999999709e+01
2.594249999999999901e+01 2.777319999999999922e+01 9.743160000000000309e+01
3.302179999999999893e+01 3.862460000000000004e+00 7.005310000000000059e+01
4.063559999999999661e+01 2.536599999999999966e+01 9.030339999999999634e+01
5.472469999999999857e+01 4.554610000000000269e+01 9.565290000000000248e+01
4.171520000000000294e+01 1.980460000000000065e+01 8.327660000000000196e+01
5.306349999999999767e+01 4.085499999999999687e+01 9.806539999999999679e+01
3.290970000000000173e+00 4.917999999999999972e+01 8.551019999999999754e+01
2.597769999999999868e+01 1.613380000000000081e+01 8.630490000000000350e+01
3.026340000000000074e+01 1.190770000000000017e+01 7.485779999999999745e+01
6.285260000000000291e-01 4.094859999999999900e+01 8.782429999999999382e+01
4.861379999999999768e+01 2.468580000000000041e+01 8.330899999999999750e+01
1.518520000000000003e+01 3.922769999999999868e+00 9.248779999999999291e+01
1.590339999999999954e+01 1.894129999999999825e+01 1.016020000000000039e+02
3.171340000000000003e+01 4.032459999999999667e+01 8.931810000000000116e+01
2.755349999999999966e+01 2.287089999999999890e+01 8.996580000000000155e+01
4.882569999999999766e+01 4.503020000000000067e+01 7.265600000000000591e+01
3.267880000000000251e+01 1.784969999999999857e+01 8.362630000000000052e+01
2.926190000000000069e+01 1.352549999999999919e+01 8.950900000000000034e+01
3.694409999999999883e+01 2.023000000000000043e+01 8.068200000000000216e+01
5.615180000000000149e+01 1.682760000000000034e+01 9.910349999999999682e+01
1.100549999999999962e+01 1.694209999999999994e+01 8.377119999999999322e+01
2.160879999999999868e+01 5.667609999999999815e+01 8.651819999999999311e+01
3.911330000000000240e+01 3.617739999999999956e+00 8.911860000000000070e+01
4.232019999999999982e+01 7.603509999999999991e+00 7.701309999999999434e+01
5.278889999999999816e+01 1.222550000000000026e+00 9.069589999999999463e+01
4.361590000000000344e+01 1.660369999999999990e+01 7.660349999999999682e+01
4.405480000000000018e+01 3.006130000000000191e+00 1.032620000000000005e+02
1.732019999999999982e+01 3.212830000000000297e+01 8.009159999999999968e+01
3.640509999999999735e+01 1.685940000000000083e+01 7.152819999999999823e+01
8.031470000000000553e+00 3.865520000000000067e+01 9.119610000000000127e+01
5.447249999999999659e+01 1.544359999999999999e+01 8.130450000000000443e+01
4.633539999999999992e+01 1.598649999999999949e+01 1.035750000000000028e+02
2.023260000000000147e+01 3.947599999999999909e+01 9.927150000000000318e+01
4.756600000000000250e+01 3.618560000000000088e+01 8.862930000000000064e+01
4.919500000000000028e+01 1.952949999999999875e+01 9.369389999999999930e+01
1.652740000000000009e+01 2.238379999999999814e+00 7.596349999999999625e+01
5.045810000000000350e+00 4.176499999999999879e+00 7.589900000000000091e+01
6.036380000000000301e+00 4.227149999999999963e+00 8.542950000000000443e+01
2.550989999999999824e+01 2.234140000000000015e+01 9.865250000000000341e+01
4.976469999999999771e+01 1.958330000000000126e+01 7.656550000000000011e+01
3.377079999999999860e+00 4.788819999999999766e+01 9.415019999999999811e+01
4.523190000000000310e+01 1.340620000000000012e+01 8.853690000000000282e+01
4.941859999999999786e+01 5.470940000000000225e+01 1.032590000000000003e+02
5.038349999999999795e+01 3.242150000000000176e+01 8.608050000000000068e+01
5.202960000000000207e+01 1.108009999999999984e+01 9.026090000000000657e+01
3.979959999999999809e+01 4.504260000000000019e+01 8.124469999999999459e+01
4.898250000000000171e+01 3.022950000000000159e+01 9.401380000000000337e+01
4.821920000000000073e+01 5.650110000000000099e+01 8.884550000000000125e+01
5.742670000000000385e+00 1.034580000000000055e+01 1.004530000000000030e+02
1.595739999999999981e+01 5.248199999999999932e+01 9.990089999999999293e+01
5.325680000000000414e-01 2.762170000000000059e+01 8.021179999999999666e+01
3.842010000000000147e+00 2.105799999999999983e+01 9.391200000000000614e+01
1.475079999999999991e+01 8.133760000000000545e+00 6.011899999999999977e+01
8.409470000000000667e+00 5.360529999999999973e+01 8.982739999999999725e+01
5.341740000000000066e+01 5.100399999999999778e+01 1.076140000000000043e+02
2.430079999999999885e+01 4.263459999999999894e+01 9.421439999999999770e+01
3.612160000000000082e+01 3.949210000000000065e+01 8.664740000000000464e+01
2.143149999999999916e-02 3.925090000000000146e+01 7.253669999999999618e+01
4.913329999999999842e+01 3.219010000000000105e+01 7.092239999999999611e+01
5.297729999999999961e+01 4.515690000000000026e+01 8.246729999999999450e+01
4.247899999999999920e+01 3.565859999999999985e+01 9.845629999999999882e+01
5.086610000000000298e+00 4.467150000000000176e+01 8.723579999999999757e+01
3.223680000000000234e+01 3.348049999999999926e+01 1.034300000000000068e+02
3.574029999999999774e+01 2.944409999999999883e+01 9.719450000000000500e+01
5.434790000000000276e+01 6.141160000000000174e+00 8.966089999999999804e+01
4.406669999999999732e+01 4.182900000000000063e+01 1.027939999999999969e+02
1.212290000000000090e+00 2.256530000000000058e+01 7.819740000000000180e+01
1.125220000000000020e+01 5.073279999999999745e+01 9.540579999999999927e+01
4.915409999999999613e+00 2.099340000000000117e+01 8.574530000000000030e+01
2.407359999999999900e+01 1.150300000000000011e+01 8.022050000000000125e+01
4.667329999999999757e+01 6.328389999999999738e+00 8.534610000000000696e+01
5.493079999999999785e+01 6.466020000000000323e+00 9.711610000000000298e+01
3.320280000000000342e+01 4.272780000000000200e+01 9.805899999999999750e+01
4.453300000000000125e+01 1.400849999999999973e+01 1.079249999999999972e+02
4.511730000000000018e+01 1.957039999999999935e+01 9.740420000000000300e+01
2.913550000000000040e+01 4.206110000000000326e+01 8.513089999999999691e+01
1.268270000000000053e+01 2.444330000000000069e+01 9.217130000000000223e+01
1.905580000000000140e+01 4.417589999999999861e+01 8.781659999999999400e+01
2.351000000000000156e+01 4.622840000000000060e+01 9.030929999999999325e+01
6.232529999999999681e+00 4.304650000000000176e+01 6.888880000000000337e+01
4.081170000000000186e+01 2.849780000000000157e+01 8.140389999999999304e+01
5.617239999999999789e+00 3.391199999999999903e+01 9.126260000000000616e+01
4.496829999999999927e+01 8.126429999999999154e+00 6.907150000000000034e+01
3.037359999999999971e+01 3.083800000000000097e+01 9.834950000000000614e+01
5.557990000000000208e+01 1.854149999999999920e+01 9.368590000000000373e+01
5.476639999999999731e+01 3.202709999999999724e+01 9.847299999999999898e+01
3.969169999999999732e+01 3.668180000000000263e+01 7.157720000000000482e+01
5.007469999999999999e+01 2.490709999999999980e+01 7.540519999999999357e+01
4.028909999999999769e+01 1.516900000000000048e+01 6.796790000000000020e+01
4.573940000000000339e+00 1.286810000000000009e+00 8.982139999999999702e+01
9.255760000000000431e+00 4.747610000000000241e+01 9.032779999999999632e+01
2.616740000000000066e+01 2.182420000000000027e+00 9.318219999999999459e+01
4.154699999999999704e+01 5.212850000000000250e+01 9.223489999999999611e+01
4.677089999999999748e+01 5.148799999999999955e+01 6.952849999999999397e+01
1.342280000000000051e+01 3.056909999999999883e+01 7.275480000000000302e+01
9.160149999999999793e+00 4.220109999999999673e+01 9.815120000000000289e+01
3.728190000000000026e+01 2.082610000000000028e+01 7.525020000000000664e+01
2.820929999999999893e+01 2.006119999999999948e+01 6.919519999999999982e+01
5.050999999999999801e+01 2.205180000000000007e+01 6.086889999999999645e+01
4.117269999999999897e+01 2.006729999999999947e+01 8.948499999999999943e+01
1.001999999999999957e+01 8.265629999999999811e+00 8.507139999999999702e+01
2.946480000000000210e+00 2.633749999999999858e+01 1.008559999999999945e+02
4.489670000000000272e+01 5.533559999999999590e+00 9.457009999999999650e+01
2.137869999999999848e+01 2.878010000000000090e+01 7.914109999999999445e+01
4.096699999999999875e+01 1.683879999999999910e+01 1.024030000000000058e+02
4.015509999999999735e+01 2.220570000000000022e+01 1.046219999999999999e+02
2.819490000000000052e+01 4.099389999999999645e+01 9.779970000000000141e+01
1.539409999999999989e+01 3.980739999999999945e+00 7.092919999999999447e+01
2.077289999999999992e+01 4.329200000000000159e+00 9.043640000000000612e+01
4.443889999999999674e+01 4.048790000000000333e+00 8.948659999999999570e+01
2.240830000000000055e+01 2.698420000000000130e+01 9.369360000000000355e+01
8.407949999999999591e+00 1.242539999999999978e+01 7.516079999999999472e+01
5.591409999999999769e+01 6.450490000000000279e+00 8.172150000000000603e+01
4.759819999999999851e+01 2.076219999999999999e+01 1.015669999999999931e+02
5.584089999999999776e+01 1.477759999999999962e+01 8.942980000000000018e+01
5.183339999999999748e+01 2.734969999999999857e+01 7.974819999999999709e+01
4.393330000000000268e+01 2.409789999999999921e+01 8.070659999999999457e+01
1.979190000000000116e-01 2.503509999999999991e+01 9.228690000000000282e+01
5.224210000000000065e+01 3.600099999999999767e+01 7.809900000000000375e+01
1.083060000000000045e+01 8.089169999999999305e+00 9.815949999999999420e+01
3.167749999999999844e+01 2.881729999999999947e+01 7.833459999999999468e+01
5.462080000000000268e+01 1.830290000000000106e+01 7.695869999999999322e+01
4.994100000000000250e+01 3.552660000000000196e+01 9.336929999999999552e+01
1.650710000000000122e+01 4.809279999999999688e+01 8.481860000000000355e+01
4.888799999999999812e+01 3.637819999999999965e+01 7.403400000000000603e+01
5.227770000000000294e+01 4.741539999999999822e+01 9.112940000000000396e+01
3.269919999999999760e+01 4.776830000000000354e+01 9.083289999999999509e+01
3.826109999999999900e+01 4.368619999999999948e+01 6.533870000000000289e+01
3.136769999999999925e+01 3.558330000000000126e+01 9.597509999999999764e+01
5.115290000000000248e+01 2.429939999999999856e+01 9.886140000000000327e+01
5.435210000000000008e+01 4.648010000000000019e+01 7.421680000000000632e+01
3.870539999999999736e+01 4.091649999999999920e+01 9.100109999999999388e+01
5.210119999999999862e+01 4.879149999999999920e+01 9.926470000000000482e+01
7.433169999999999611e+00 9.618869999999999365e+00 3.980749999999999744e+01
3.040319999999999823e+01 3.514920000000000044e+01 2.294660000000000011e+01
7.926950000000000385e-01 2.091709999999999958e+00 6.350710000000000122e+01
4.029480000000000217e+01 4.514979999999999905e+01 3.312409999999999854e+01
4.545600000000000307e+00 3.229440000000000310e+01 2.852209999999999823e+01
4.607419999999999760e+01 2.182760000000000034e+01 7.122209999999999752e+01
2.282629999999999981e+01 3.608890000000000242e+01 1.969050000000000011e+01
6.200339999999999741e+00 2.031490000000000151e+01 2.737000000000000099e+01
1.992699999999999960e+01 5.349909999999999854e+01 4.033050000000000068e+01
4.324399999999999977e+01 2.028170000000000073e+01 4.856280000000000285e+01
2.044040000000000035e+01 3.448980000000000246e+01 4.413900000000000290e+01
4.088170000000000215e+01 2.795009999999999906e+01 4.599430000000000263e+01
3.109240000000000137e+01 4.065590000000000259e+01 4.237210000000000321e+01
9.389950000000000685e+00 7.302529999999999966e+00 7.610639999999999361e+01
1.619579999999999842e+01 2.830560000000000187e+00 3.664549999999999841e+01
2.235300000000000153e+01 4.649410000000000309e+01 2.921689999999999898e+01
2.204769999999999897e+01 2.241890000000000072e+01 3.092689999999999984e+01
9.798719999999999430e+00 1.617610000000000170e+01 2.858549999999999969e+01
1.619450000000000145e+01 3.594830000000000325e+01 4.011599999999999966e+01
2.895370000000000132e+01 4.152100000000000080e+01 1.577970000000000006e+01
1.953330000000000055e+01 4.344400000000000261e+01 9.614910000000000423e+01
5.548930000000000007e+01 1.648270000000000124e+01 5.406309999999999860e+01
2.597700000000000031e+01 8.713300000000000267e+00 2.891789999999999949e+01
1.813370000000000104e+01 5.336370000000000147e+01 8.364230000000000587e+01
4.666499999999999915e+01 1.058489999999999931e+01 2.589539999999999864e+01
4.370770000000000266e+01 2.645179999999999865e+00 3.061599999999999966e+01
5.298160000000000025e+01 2.071000000000000085e+01 1.033409999999999940e+02
2.259860000000000113e+01 4.802439999999999998e+01 5.457209999999999894e+01
4.224179999999999779e+01 3.577020000000000266e+01 4.531430000000000291e+01
3.543180000000000263e+01 2.562170000000000059e+00 5.256640000000000157e+01
5.421309999999999718e+01 1.646430000000000060e+00 3.774580000000000268e+01
5.546929999999999694e+01 5.808740000000000236e+00 4.140590000000000259e+01
6.258079999999999643e+00 3.082959999999999923e+01 9.548690000000000566e+01
5.849779999999999980e+00 1.859019999999999895e+00 4.457770000000000010e+01
2.153960000000000008e+01 7.790790000000000326e+00 3.273400000000000176e+01
3.963309999999999889e+01 3.240979999999999706e+01 8.488639999999999475e+01
6.154639999999999667e+00 8.222519999999999385e+00 3.054879999999999995e+01
4.402140000000000220e-02 1.834819999999999851e+01 2.585940000000000083e+01
2.049670000000000059e+01 4.855239999999999867e+01 9.680939999999999657e+01
1.605590000000000117e+01 1.710559999999999903e+01 2.587509999999999977e+01
3.896490000000000009e+01 3.928920000000000101e+01 2.071000000000000085e+01
2.193629999999999924e+01 3.041479999999999961e+00 8.205150000000000432e+01
4.868910000000000338e+01 2.353249999999999886e+01 3.861410000000000053e+01
4.991510000000000247e+01 1.086500000000000021e+01 3.720150000000000290e+01
4.297160000000000224e+01 1.476829999999999998e+01 3.218370000000000175e+01
3.066110000000000113e+01 4.632820000000000249e+01 3.137340000000000018e+01
1.188729999999999976e+01 3.825659999999999883e+01 9.632510000000000616e+01
4.333729999999999905e+01 4.362210000000000321e+01 8.990560000000000684e+01
5.105080000000000240e+01 2.414420000000000144e+01 3.106869999999999976e+01
4.025650000000000261e+01 1.969040000000000035e+01 3.306000000000000227e+01
1.290029999999999966e+01 4.040500000000000114e+01 3.852629999999999910e+01
4.123490000000000322e+01 2.506299999999999883e+01 3.071219999999999928e+01
1.132789999999999964e+01 4.582070000000000221e+01 3.247659999999999769e+01
3.969789999999999708e+01 4.066369999999999862e+01 9.910529999999999973e+01
4.175160000000000338e+01 4.754639999999999844e+01 4.955230000000000246e+01
3.852000000000000313e+01 3.584179999999999922e+01 3.602049999999999841e+01
4.612720000000000198e+01 8.381119999999999237e+00 3.972829999999999728e+01
2.179820000000000135e+01 1.588750000000000107e+00 3.932439999999999714e+01
4.251230000000000331e+01 5.605519999999999925e+01 7.701049999999999329e+01
1.971240000000000103e+00 3.916700000000000159e+01 1.096860000000000070e+02
2.793609999999999971e+01 4.238250000000000028e+01 2.962140000000000128e+01
3.396719999999999828e+01 3.356920000000000215e+01 5.636489999999999867e+01
1.036170000000000080e+01 4.111899999999999977e+01 3.032689999999999841e+01
1.347470000000000034e+01 8.518879999999999342e+00 8.936440000000000339e+01
1.780379999999999896e+01 7.409510000000000263e-01 9.854579999999999984e+01
9.873189999999999245e+00 9.555790000000000006e+00 5.225240000000000151e+01
3.498629999999999995e+01 3.576789999999999736e+01 3.182989999999999853e+01
3.997079999999999700e+01 4.453009999999999735e+01 4.522970000000000113e+01
3.258109999999999928e+01 4.308120000000000260e+01 5.942199999999999704e+01
1.541339999999999932e+01 4.748819999999999908e+01 3.920530000000000115e+01
4.947189999999999799e+01 1.665970000000000084e+01 3.675390000000000157e+01
4.566910000000000025e+01 4.722259999999999991e+01 2.556009999999999849e+01
3.625450000000000061e-01 2.355260000000000176e+01 8.676109999999999900e+01
1.830120000000000147e+01 4.322990000000000066e+01 2.385979999999999990e+01
2.698939999999999984e+01 4.624600000000000044e+00 8.334350000000000591e+01
3.941060000000000230e+01 4.511780000000000257e+01 5.391810000000000258e+01
4.458220000000000027e+01 1.383070000000000022e+01 4.715740000000000265e+01
4.872149999999999892e+01 5.552450000000000330e+01 2.780120000000000147e+01
4.571840000000000259e+01 2.296880000000000166e+01 3.401689999999999969e+01
2.633429999999999893e+01 5.609089999999999776e+01 3.773790000000000333e+01
1.543369999999999909e+00 7.217060000000000031e+00 8.608679999999999666e+01
4.298299999999999699e+01 3.717179999999999751e+01 3.310900000000000176e+01
3.488859999999999673e+01 1.409249999999999936e+01 3.551389999999999958e+01
5.200009999999999799e+00 2.998400000000000176e+01 2.023000000000000043e+01
4.974869999999999948e+01 5.225460000000000349e+01 3.544369999999999976e+01
3.859199999999999875e+01 2.353399999999999892e+01 2.634900000000000020e+01
3.481739999999999924e+01 4.808550000000000324e+00 7.972610000000000241e+01
4.862010000000000076e+01 3.096659999999999968e+01 4.229160000000000252e+01
3.293059999999999832e+01 1.822840000000000060e+01 6.781000000000000227e+01
1.043629999999999924e+01 5.125009999999999621e+00 6.252369999999999806e+01
1.424109999999999943e+01 2.066710000000000136e+01 2.178249999999999886e+01
4.965979999999999706e+01 1.285829999999999984e+01 2.986909999999999954e+01
1.281869999999999976e+01 5.950320000000000054e-01 6.401879999999999882e+01
3.914569999999999794e+01 2.979550000000000054e+01 3.850070000000000192e+01
5.969199999999999839e+00 3.636639999999999873e+01 2.519340000000000046e+01
1.295069999999999943e+01 3.937149999999999750e+01 4.418580000000000041e+01
6.677039999999999864e+00 4.222030000000000172e+01 2.578290000000000148e+01
2.891169999999999973e+01 2.562330000000000041e+01 4.474329999999999785e+01
1.763729999999999976e+01 4.025039999999999907e+01 3.576129999999999853e+01
1.372759999999999980e+00 3.977170000000000272e+01 3.024050000000000082e+01
4.158910000000000196e+01 6.269310000000000160e-01 7.163490000000000180e+01
4.061740000000000350e+01 5.451019999999999754e+01 3.747330000000000183e+01
2.266199999999999903e+01 5.186599999999999966e+01 8.080339999999999634e+01
4.710849999999999937e+01 5.112800000000000011e+01 1.098040000000000020e+02
3.271309999999999718e+01 2.897820000000000107e+01 4.354520000000000124e+01
3.128689999999999927e+01 1.134249999999999936e+01 2.027779999999999916e+01
3.640990000000000038e+01 5.209009999999999962e+01 4.443370000000000175e+01
3.834530000000000172e+01 4.030349999999999966e+01 3.891029999999999944e+01
4.596139999999999759e+01 3.739580000000000126e+01 5.211719999999999686e+01
1.218550000000000022e+00 3.751180000000000092e+01 8.393030000000000257e+01
4.265440000000000254e+01 4.300500000000000256e+01 3.769599999999999795e+01
1.844269999999999854e+01 3.928840000000000288e+01 4.546139999999999759e+01
2.701310000000000144e+01 2.359299999999999997e+01 3.108579999999999899e+01
4.725719999999999743e+01 3.264330000000000354e+01 3.513700000000000045e+01
5.353640000000000043e+01 1.657890000000000086e+00 9.617369999999999663e+01
3.319969999999999999e+01 3.022759999999999891e+01 3.403439999999999799e+01
3.994259999999999877e+01 5.274830000000000041e+01 4.825319999999999965e+01
1.349460000000000015e+01 3.592040000000000077e+01 3.150390000000000157e+01
2.059039999999999893e+01 3.257359999999999900e+01 3.908019999999999783e+01
5.212689999999999912e+01 2.038370000000000104e+01 2.673629999999999995e+01
5.253029999999999688e+01 9.581810000000000827e+00 4.987559999999999860e+01
5.453739999999999810e+01 3.619369999999999976e+01 9.543259999999999366e+01
4.875709999999999766e-01 3.134750000000000014e+01 3.204809999999999803e+01
6.884450000000000180e+00 1.619099999999999895e+01 3.282379999999999853e+01
9.625420000000000087e+00 1.040910000000000046e+01 5.737310000000000088e+01
8.479200000000000514e+00 5.288819999999999766e+01 2.639839999999999876e+01
4.285220000000000340e+01 3.366259999999999764e+01 8.906749999999999545e+01
2.630819999999999936e+00 3.411399999999999721e+01 4.437449999999999761e+01
1.600590000000000046e+01 2.472279999999999944e+01 1.010019999999999953e+02
1.154780000000000051e+01 7.971219999999999750e+00 2.344750000000000156e+01
6.881310000000000038e+00 1.292839999999999989e+01 4.422050000000000125e+01
3.541749999999999687e+01 2.290609999999999857e+01 4.921970000000000312e+01
9.334120000000000417e+00 4.247240000000000038e+01 7.836260000000000048e+01
3.568800000000000239e+01 4.699000000000000199e+01 4.349280000000000257e+01
1.931180000000000163e+01 1.863909999999999911e+01 8.100520000000000209e+01
4.808350000000000080e+01 2.094269999999999854e+00 9.715229999999999677e+01
1.583130000000000059e+01 5.428139999999999787e+01 4.859219999999999828e+01
2.629650000000000176e+01 5.177400000000000091e+01 5.378479999999999706e+01
1.977850000000000108e+01 4.442340000000000089e+01 3.856340000000000146e+01
3.411599999999999966e+01 4.652600000000000335e+01 5.532180000000000319e+01
5.411269999999999669e+01 1.195369999999999955e+01 9.887990000000000634e+01
3.524369999999999692e+01 1.105949999999999989e+01 3.106619999999999848e+01
4.350970000000000226e+01 4.842040000000000077e+01 8.328810000000000002e+01
2.805499999999999972e+01 1.960960000000000036e+01 9.430849999999999511e+01
3.916689999999999827e+01 1.134239999999999959e+01 2.175700000000000145e+01
3.408089999999999975e+01 5.234550000000000125e+01 9.400660000000000593e+01
3.732659999999999911e+01 5.563900000000000290e+01 9.049769999999999470e+01
8.905939999999999301e+00 2.022839999999999971e+00 3.212819999999999965e+01
1.082910000000000039e+01 4.757840000000000202e+01 2.162500000000000000e+01
3.131309999999999860e+01 3.866440000000000055e+01 5.083370000000000033e+01
