21.292  4.52977  48.6394  
33.016  14.7321  27.7714  
9.0528  15.8866  30.2219  
7.51877  51.6129  52.0194  
26.0344  21.492  38.541  
23.1762  3.62715  43.3775  
40.791  0.074526  39.8429  
6.93667  16.9244  40.6052  
32.4053  27.843  35.1905  
53.67  44.6564  41.8184  
11.1038  35.2279  47.782  
25.2067  8.22267  31.2664  
22.1259  52.8425  37.0253  
23.7979  11.0042  53.6608  
35.3734  6.70779  44.2932  
8.13325  26.0357  46.3697  
37.1154  29.2572  45.0824  
50.4047  48.3532  43.5517  
56.5523  49.4804  54.6191  
15.4211  23.2735  28.2436  
10.3363  21.3298  46.242  
38.7483  2.84619  53.111  
5.2177  38.1366  42.5131  
50.315  23.6611  45.0782  
28.6909  2.54784  19.2358  
42.8074  6.26284  62.0655  
54.0387  17.1873  51.9808  
44.5712  31.1112  42.0527  
13.6261  18.6239  31.1074  
42.0709  50.1501  30.2493  
34.2539  23.5398  32.2524  
54.2581  33.7692  41.5088  
53.8368  20.5596  47.8676  
6.83041  11.9951  19.6209  
50.2644  2.91384  58.8209  
19.7438  9.71873  26.2156  
43.8782  1.76906  20.8558  
46.9987  27.6315  19.4761  
52.813  19.6584  33.2279  
26.5164  56.4245  33.6271  
23.1435  1.26065  52.8646  
30.5605  6.39914  52.4681  
0.651746  49.7104  35.9681  
16.7723  3.11442  51.7078  
30.4329  34.4381  38.2628  
15.101  27.1299  34.0892  
44.5023  53.69  53.1022  
29.426  40.1594  36.4129  
35.8281  0.999466  57.2554  
19.974  11.5862  42.1474  
3.11094  10.9634  49.4768  
36.8077  51.7266  32.7881  
2.93776  56.6498  44.9364  
32.5645  14.7217  50.0748  
40.5482  35.3812  40.3326  
49.1574  35.5516  40.3596  
32.4884  2.18449  44.1193  
11.128  38.6985  52.7184  
38.2596  45.2893  36.5508  
3.27241  40.8701  51.4117  
48.8658  30.3887  53.4199  
14.8375  22.0369  49.0478  
20.0242  40.8513  39.2781  
10.4306  39.716  40.7796  
16.725  11.0917  33.3636  
41.7503  25.924  43.7112  
28.3999  11.4073  51.0497  
31.5845  38.059  31.4013  
46.3926  1.48268  46.2244  
8.36971  44.8928  62.0007  
37.2514  20.7651  58.3102  
31.3823  21.5471  25.9005  
14.7262  54.5879  51.2654  
29.1223  47.7488  32.3388  
44.6595  10.4827  47.5892  
12.9598  51.4439  29.451  
0.345297  52.4296  40.9607  
7.46248  41.7879  91.5452  
49.3429  39.1611  30.5018  
49.5831  5.1796  41.3291  
9.13613  52.7614  39.0581  
11.5061  44.6164  41.8903  
50.9189  5.13039  54.0012  
40.5781  14.465  42.2858  
5.44793  42.8368  36.6582  
17.2997  48.2632  44.3409  
36.9368  11.712  51.155  
28.2392  5.22522  41.7164  
47.5245  34.9716  45.6429  
41.973  50.3706  43.9864  
24.7884  44.6446  32.0793  
16.5639  17.953  20.851  
10.0208  55.9761  53.6014  
49.536  19.6423  41.5056  
10.4559  14.5196  51.8484  
52.8128  50.6893  33.2003  
28.4762  4.63831  24.9918  
44.3604  1.01201  27.7852  
29.9065  14.3517  23.9018  
26.5142  27.3804  38.0366  
13.8087  9.82067  20.2368  
4.24001  25.0962  42.662  
13.8383  55.099  45.9397  
39.4494  55.1276  50.0466  
18.2754  2.80705  32.4219  
5.89897  18.4512  57.3751  
3.77757  5.6899  33.2316  
36.6617  37.3679  33.475  
14.5638  0.188819  21.2718  
21.5194  9.27405  35.1585  
14.4667  19.1179  67.4121  
43.7891  4.61033  54.0138  
16.5912  48.0676  59.1131  
4.03886  55.9443  59.1871  
8.91058  34.7555  55.6693  
14.3679  2.39526  36.2992  
49.0193  52.1023  36.6866  
54.5478  18.1575  43.3527  
50.0873  39.0945  46.9866  
6.50467  23.9383  30.0239  
39.2145  25.7298  58.4967  
55.7122  3.65362  52.2297  
29.6144  51.2284  40.5516  
19.9555  16.1216  35.75  
17.2971  27.9012  42.4295  
46.2969  23.7418  34.4051  
52.8355  28.401  44.2437  
2.05489  38.4013  29.9842  
37.2092  41.5724  48.701  
15.6407  56.1453  28.181  
0.886417  53.7429  51.511  
8.36696  31.3615  39.8511  
36.0578  56.4502  29.9929  
19.7449  6.83044  40.2276  
55.5621  7.9699  41.3714  
55.4947  0.820559  47.769  
29.4678  2.39053  37.2426  
40.1956  13.3008  47.2909  
6.3405  26.6323  37.9797  
14.8765  16.9296  58.8226  
40.3434  20.9999  44.6746  
16.5719  12.7329  66.4214  
28.4569  1.5177  51.699  
46.9715  1.73245  51.3406  
54.7258  12.4096  49.715  
27.3281  42.1935  46.3248  
3.58678  6.698  52.6849  
56.1458  35.0617  50.633  
13.4872  15.0672  35.1243  
16.5859  19.5246  41.3484  
42.1004  39.3552  48.8739  
17.282  53.2371  42.3966  
44.8443  9.69901  52.6954  
6.44064  45.2116  69.5982  
10.836  32.161  23.9666  
51.6965  52.9633  41.3302  
29.579  0.982339  28.9719  
48.5654  47.9262  48.3736  
38.3381  52.9933  58.549  
7.82407  47.324  23.3871  
36.1554  7.10277  31.6349  
27.3474  33.2379  47.5286  
41.983  55.4767  45.0453  
7.62339  11.4333  41.6416  
27.2854  35.8387  27.3355  
53.8428  23.5898  28.2348  
54.4576  29.9065  35.9378  
42.3355  21.5488  15.4451  
56.2635  44.7374  51.5539  
52.1625  46.4873  29.0679  
11.2027  24.7835  37.5901  
8.53217  52.7578  66.4205  
35.4424  18.2953  35.4117  
24.9242  45.9974  24.6324  
6.28361  51.0911  30.0943  
47.4594  48.7888  54.227  
8.02996  3.78225  51.1645  
6.09514  25.2044  24.4689  
39.3872  0.803565  25.6171  
51.1964  28.5335  28.1889  
44.4041  24.9008  27.5536  
3.54268  54.4378  64.1926  
47.0296  46.9649  36.4128  
21.7333  54.7627  32.2269  
1.4957  0.463834  34.4357  
45.5271  44.7528  68.086  
19.6444  24.6571  31.0779  
6.98049  9.23265  35.6419  
45.2454  4.48584  37.9329  
42.2835  5.35009  70.8691  
45.4699  6.25337  44.442  
15.9104  14.4951  40.3819  
10.608  6.03539  34.9282  
3.6219  27.9629  32.7842  
45.0985  55.9802  37.1733  
40.5531  30.6972  48.8398  
0.235856  45.082  46.0173  
51.235  0.738545  44.5342  
8.25581  43.28  53.8609  
4.95854  50.7399  56.5745  
31.1425  9.91399  41.0077  
32.5966  55.6875  39.5782  
11.4198  29.6335  48.7314  
56.3997  39.6469  34.7532  
36.7204  51.4349  63.7498  
34.9817  31.952  27.7162  
16.1273  31.5191  22.453  
6.25526  50.0116  35.5347  
22.0346  21.2549  25.9665  
30.1695  55.5153  47.4884  
37.6595  48.8157  40.5665  
50.7249  10.3239  40.25  
42.5588  43.0258  44.711  
3.28477  31.8564  47.9853  
56.4979  6.15007  63.6422  
51.4998  7.08642  61.932  
9.06686  1.65293  29.0805  
28.8219  46.534  49.35  
27.6269  16.1462  43.6382  
46.2719  15.6059  48.5778  
18.9501  20.8136  46.1194  
29.7527  16.8149  58.2921  
23.2693  21.532  53.5841  
2.43884  29.2814  55.8557  
6.18339  30.0802  52.2128  
21.7334  41.9376  47.1145  
54.7146  56.5892  74.815  
33.1963  1.84345  65.4361  
55.8125  48.5  59.767  
22.0032  36.4379  59.0365  
49.5527  50.6449  59.0486  
15.486  40.2101  55.3607  
0.983586  45.7686  69.624  
14.0246  1.09049  67.6745  
32.9245  19.5064  61.4244  
55.891  25.3798  54.1888  
26.5374  52.9894  44.6535  
45.5909  51.9034  62.1476  
39.1248  35.6445  60.6938  
51.3682  10.8162  54.0679  
43.9081  10.8073  80.362  
5.56415  52.4307  47.0214  
27.1538  39.0103  66.5283  
8.43542  5.27662  85.2188  
51.0681  26.3553  56.111  
13.3657  18.978  53.3602  
21.8013  55.576  61.4038  
51.9772  11.9439  59.6077  
20.9953  47.0336  47.8721  
24.8975  53.2742  26.8168  
1.07226  27.4125  46.1553  
28.4359  20.9971  55.2647  
18.1457  49.8749  20.9029  
28.1865  15.5495  79.1821  
32.5106  11.8988  65.1296  
21.0638  23.5739  58.4897  
25.862  4.86661  66.8226  
24.9945  13.8426  47.73  
47.2413  23.293  58.1119  
41.0592  42.293  56.2354  
15.5897  3.53229  58.822  
34.2778  22.7195  71.7489  
35.837  18.9256  42.6857  
20.3441  47.7637  53.0455  
22.5314  34.1024  50.6016  
4.89129  25.5947  58.6198  
30.8466  34.2478  55.77  
21.9766  43.9157  70.3532  
56.6415  14.2528  60.4398  
31.797  21.7869  45.7352  
1.32636  23.0981  49.3694  
25.2152  52.7316  58.2293  
47.1682  7.45638  64.9694  
44.3916  38.8217  33.6717  
19.3537  37.9972  43.7045  
21.8058  7.4558  60.4261  
4.07479  46.4949  59.5573  
25.397  48.1799  60.8006  
12.7431  10.8277  42.7817  
33.7252  4.89907  70.1591  
7.37993  3.77613  59.5302  
27.2224  12.3152  64.7526  
21.2478  45.7181  58.4544  
29.2641  25.677  58.2621  
2.05834  16.8024  64.6115  
16.8948  3.13193  79.579  
7.1942  3.67767  45.6165  
39.2124  31.7018  53.8776  
36.5307  33.327  37.2577  
21.7966  7.71575  68.4101  
17.1711  12.9184  56.2854  
16.7582  35.8447  58.4279  
1.66359  33.8946  58.0353  
32.0794  55.2391  54.3409  
21.8311  17.7646  49.6991  
43.932  53.7725  71.0342  
18.5768  8.27609  64.5089  
22.5393  20.0605  62.4474  
20.7933  2.92964  57.6925  
34.4646  37.1659  48.8222  
19.8408  29.5065  51.6452  
22.9338  24.5327  45.5695  
7.05555  33.7129  44.6308  
42.6758  26.1843  50.7991  
35.5395  6.51563  50.5088  
54.6331  12.8338  44.2151  
31.0016  29.0658  54.6901  
22.1099  40.2913  66.4917  
35.9072  47.1253  60.4548  
13.967  36.2205  63.1989  
32.0127  27.2196  46.2999  
24.8861  3.04355  74.3145  
17.7381  18.4017  71.8591  
9.93105  25.8312  57.3654  
6.64443  2.25393  77.4635  
29.7292  6.9243  57.8922  
56.3171  24.7753  63.3907  
4.73824  32.6356  62.1879  
2.47452  9.72005  60.4657  
23.2614  33.9134  43.2973  
16.5675  30.8704  55.7855  
43.9392  27.1099  55.9322  
8.97019  21.597  54.4888  
3.38011  13.1274  68.5685  
30.8454  24.0548  63.2036  
26.4364  55.3613  85.7382  
3.07229  7.81926  75.0352  
17.9228  17.6142  63.6375  
23.6096  37.9194  54.2982  
32.6236  14.5681  44.519  
1.29691  2.10212  66.8621  
46.592  44.9079  41.6853  
22.08  12.1466  58.1641  
32.5989  39.2679  60.7249  
5.17902  15.9867  50.9912  
36.1066  22.2441  53.1905  
23.8371  25.9941  50.6881  
16.7074  33.3735  66.8632  
30.3469  44.1965  54.1368  
54.9272  32.0807  67.0747  
33.6258  4.52075  60.8186  
32.2663  14.8845  37.0061  
13.9566  31.7504  40.4381  
4.33291  37.4675  55.2115  
6.86631  18.6357  62.7045  
24.7887  56.586  66.0329  
28.6252  5.3913  71.4064  
43.072  34.0165  57.4224  
43.3243  54.6556  58.2701  
8.40755  13.3862  70.3056  
26.6042  7.48911  62.3985  
47.6682  44.8989  58.5395  
44.3401  10.3477  71.2932  
19.6152  29.7226  63.9849  
14.5831  5.65469  40.8793  
31.6695  12.0865  57.0367  
40.5746  12.3897  54.9696  
17.3662  52.1368  62.604  
13.4427  41.5741  64.8864  
44.991  2.92045  58.7334  
3.99797  9.14394  65.3849  
9.35803  29.0209  70.3851  
26.9006  21.2863  43.7445  
35.4646  35.2303  53.6477  
22.9424  41.2558  61.2825  
52.5408  45.1705  61.7779  
53.0517  9.19582  70.9893  
30.3116  52.0281  58.3674  
10.0614  39.5312  35.8958  
46.6039  55.1434  66.2356  
17.3269  24.19  38.6263  
15.5238  49.6128  53.8855  
11.034  47.5103  51.4281  
25.0034  50.0981  48.8235  
35.0717  9.74287  60.7325  
52.8041  54.8212  58.933  
10.105  52.0557  44.2023  
14.8547  32.05  75.4426  
23.1366  30.4739  33.9919  
34.4882  46.8051  32.5814  
1.3473  2.18288  78.4021  
28.6443  38.9835  53.9763  
13.1906  43.8655  59.9022  
23.4016  52.4858  53.2204  
9.6105  21.6185  66.8132  
41.8529  16.3962  51.2703  
3.30166  41.1378  58.9416  
34.4852  34.02  44.3926  
19.8797  22.5193  101.438  
6.67522  8.91072  46.2052  
28.4195  28.7875  50.1121  
48.9139  3.15342  67.9362  
22.7812  28.7811  42.2946  
8.88243  16.7815  74.3971  
37.7521  48.5218  55.4816  
25.3861  23.8565  65.0796  
26.5071  40.8037  71.5702  
1.34844  39.6999  65.9243  
33.8452  26.152  67.0394  
16.0494  11.6714  80.6128  
21.2997  10.1403  47.1909  
29.0424  10.7043  72.2869  
27.9191  33.6566  65.3564  
17.3805  27.6336  59.7799  
12.0705  28.4407  61.3843  
16.1787  27.4175  47.8242  
30.0269  31.4382  43.3831  
29.2147  38.0492  48.7221  
46.1011  32.711  30.2755  
46.8433  10.6987  37.6295  
6.37319  25.1096  51.1743  
35.9918  27.4422  54.8488  
0.132265  56.5773  55.7394  
44.1723  54.9155  31.9678  
4.70666  3.72515  70.6988  
7.14677  47.5641  40.1888  
37.6336  56.0081  66.2636  
22.3499  54.9336  42.071  
11.3745  30.0232  54.431  
50.2477  39.513  94.8259  
41.8555  2.55465  66.1145  
31.9265  19.9627  51.0395  
12.2946  47.5417  46.2553  
51.1237  44.7426  51.9517  
20.288  41.3816  52.2217  
53.5871  35.7925  59.0734  
48.9466  10.7072  74.0064  
48.7418  15.5115  62.5245  
7.67297  47.4822  74.0831  
40.7408  44.1972  61.36  
18.9771  21.5985  80.2586  
41.1756  22.1343  64.6378  
19.95  31.0683  75.3539  
14.2376  15.7993  74.7536  
7.92136  21.6275  72.0511  
18.0906  37.5654  90.0386  
52.9422  45.5237  67.0187  
37.3314  42.405  72.5527  
48.5323  50.982  81.844  
32.9266  21.7197  81.0498  
46.9018  36.9344  66.4936  
35.6438  32.403  76.9323  
49.7753  31.1625  90.8264  
51.8065  39.1834  72.1704  
10.4324  11.0974  80.1885  
10.9158  19.3757  101.816  
31.4746  38.1571  86.2721  
52.0339  27.157  61.3366  
22.6946  39.479  87.9357  
51.864  35.0482  54.1142  
32.9031  43.528  97.146  
19.8294  36.7071  69.7319  
50.0158  19.8019  65.5384  
8.74405  40.4267  68.1621  
36.8707  18.3606  79.6287  
24.5399  12.1728  69.5977  
46.0302  2.07723  72.2974  
26.074  30.9035  69.3229  
26.0456  46.3565  86.8207  
18.4227  53.6332  94.6334  
56.118  5.39265  87.0368  
35.3018  39.6335  65.4091  
8.40004  7.39356  76.4655  
27.6769  1.72925  78.6727  
34.4003  53.6839  75.0144  
51.9103  54.3173  99.6642  
38.868  48.1091  67.6521  
19.3644  24.5777  88.277  
9.97644  55.3435  79.7129  
19.2579  22.3927  74.9772  
44.0483  38.3463  53.9323  
3.26855  40.5898  74.9311  
10.5266  14.8281  60.8391  
23.3337  23.7727  96.9132  
23.2958  33.8337  72.4565  
50.2065  55.716  29.0103  
18.4604  39.5999  73.8891  
49.0398  30.2829  47.7892  
6.28258  56.6811  96.7815  
24.5598  39.0583  82.8088  
0.562644  22.6834  58.3627  
31.705  34.0399  61.1447  
53.9553  30.0059  74.1707  
15.546  11.3653  72.0053  
44.7702  15.1112  83.8381  
27.4887  49.1766  65.8045  
51.1828  49.3584  70.3061  
22.8815  56.0741  70.973  
43.0502  47.6014  64.2788  
38.2702  27.2432  84.5407  
4.34199  27.4432  63.3756  
16.3611  16.4369  94.9965  
20.4826  5.90545  76.4914  
36.716  49.3119  77.5339  
10.4685  27.9917  91.3998  
26.6675  17.6868  74.5659  
15.9702  17.0771  79.7272  
22.2221  28.9398  88.2975  
1.34747  52.7323  75.2228  
28.3636  42.0352  62.0966  
10.7768  8.93863  71.9521  
38.0137  3.24498  73.1126  
12.5229  39.6377  89.0203  
29.609  34.2559  92.1373  
6.08957  40.3537  63.5041  
22.5596  45.5629  79.4206  
26.3875  4.1487  86.4069  
55.4124  51.2467  90.7531  
52.4774  9.27569  87.3746  
19.4914  13.1782  51.2466  
33.0696  1.10677  78.9369  
23.934  46.099  93.2213  
38.3463  54.9804  71.3994  
36.1772  32.0055  63.2116  
56.6204  40.8738  70.8495  
30.2722  31.8558  72.307  
49.0068  30.4357  79.3475  
9.20223  52.3319  72.0058  
47.0019  38.8679  90.4334  
21.9706  31.1872  79.9793  
34.5375  13.359  85.9536  
24.9007  28.023  83.0674  
37.6528  27.8838  79.1922  
19.7851  53.4723  80.4757  
22.975  5.75771  93.7071  
24.7751  26.9485  60.5748  
53.4085  10.1698  81.9481  
32.1314  6.75424  80.3366  
31.2625  0.329781  101.034  
49.6801  41.4619  67.8614  
3.14404  53.9482  85.2495  
30.8786  47.1151  69.5828  
31.8348  36.6473  77.6325  
38.8317  27.4194  63.5001  
34.6177  56.6361  84.259  
0.288122  12.231  72.7284  
35.8323  54.3951  101.222  
54.3559  14.8548  94.8383  
39.5868  33.3605  73.6161  
4.61295  49.2009  78.1859  
33.391  14.6034  80.7299  
31.3367  17.9563  71.0537  
49.3504  1.92399  76.3483  
37.8631  52.4712  85.5521  
2.6924  44.0731  79.0092  
40.276  10.9789  60.341  
48.8008  8.90499  79.2226  
4.19584  55.5148  28.3489  
2.95077  23.9577  72.361  
40.0687  21.1379  91.7339  
29.6687  1.40763  96.1964  
4.23061  25.7736  77.146  
25.4469  51.7765  72.9451  
35.4248  9.79782  69.187  
20.98  40.4865  78.745  
1.30794  28.9001  70.8271  
51.6728  53.6553  67.3769  
44.2452  36.1843  94.1004  
16.2629  7.14587  98.3503  
55.2227  40.4156  61.36  
45.979  53.6997  77.8617  
41.6811  32.2096  91.5184  
14.6448  5.104  64.1309  
51.6062  32.1928  62.5326  
55.8908  20.3327  71.8812  
47.7818  47.7626  93.9053  
56.0317  55.3053  81.6445  
24.5466  22.7426  74.8292  
52.4849  46.9791  91.4651  
7.46186  15.6046  79.7556  
33.572  21.7271  86.2221  
5.37478  55.8277  73.3116  
46.7886  17.9118  57.9353  
27.6386  6.31331  96.4298  
24.0294  25.8946  70.1019  
27.8127  36.2981  74.044  
34.4036  45.0032  80.2803  
46.1757  33.0028  62.5228  
45.3958  27.9595  90.4793  
30.5599  52.1351  71.3108  
7.24444  51.7224  82.5197  
53.402  56.3351  90.3111  
23.9971  32.2624  61.8622  
14.4483  29.4997  83.0718  
9.90108  33.4248  60.8671  
29.556  46.3618  78.7862  
35.239  44.3241  68.1647  
55.2357  20.3476  66.4218  
17.0081  44.5031  72.5995  
25.1204  12.463  86.9154  
8.82398  26.1457  74.9448  
29.5827  54.4123  66.5622  
53.6671  50.4001  81.4071  
44.6848  47.5583  80.6068  
18.9767  26.8964  72.1843  
21.3529  44.5409  88.4952  
9.12931  26.6514  65.6725  
32.7562  56.568  92.542  
49.0841  39.6797  52.3369  
49.1249  15.5182  53.4935  
4.79617  56.1143  89.917  
55.2206  52.6124  63.2778  
24.3463  23.1207  80.5285  
53.6515  1.17532  69.6545  
14.7786  30.0575  70.502  
18.238  33.2862  83.3145  
26.5372  43.9916  82.3909  
25.2924  15.6451  60.9313  
44.5512  26.4071  72.7864  
2.73913  34.7896  66.4952  
33.7542  24.9273  76.6758  
17.6873  54.9803  70.8174  
53.385  1.19211  85.3972  
25.138  54.1853  80.5914  
42.859  28.3798  99.4501  
14.8165  46.189  67.8726  
18.1334  6.48781  71.992  
5.52838  32.8359  70.691  
33  31.4277  67.708  
29.8505  44.1114  73.9369  
51.0794  22.2653  73.2986  
0.660379  17.5626  56.4129  
5.93067  46.6433  89.53  
18.2455  50.4402  67.7135  
7.17627  37.7331  72.7727  
27.6279  39.1558  89.8249  
45.7484  12.3988  66.3602  
22.0302  3.34663  89.2129  
25.584  49.6913  77.7996  
12.7652  52.5087  76.0376  
10.7979  44.6122  77.4509  
16.8394  38.0823  81.4118  
36.8652  49.533  92.8249  
34.5382  13.7209  72.9476  
9.67392  44.0934  82.6476  
43.0652  39.9674  68.022  
23.2637  48.8736  69.0826  
47.8715  24.474  63.2107  
52.2249  33.9837  71.1087  
47.2009  15.8336  74.3708  
4.0291  53.4887  101.968  
43.1384  30.5725  70.0387  
14.5628  8.14472  56.6405  
38.9044  12.2471  89.596  
11.4569  29.2725  78.4652  
39.371  41.165  88.5796  
0.639196  7.21625  79.8348  
3.44926  28.2789  102.038  
9.35001  2.24566  89.3876  
38.4489  15.8591  98.9942  
12.3209  15.2349  86.9352  
21.9635  54.6892  88.789  
40.3308  50.8146  81.1409  
38.8824  20.1126  71.2828  
48.5945  50.9736  87.1959  
41.6888  39.9374  80.941  
14.7193  12.0845  98.7665  
4.88569  18.47  91.3597  
40.6732  52.013  90.1645  
47.7318  19.5267  70.36  
13.0054  20.6266  93.9948  
41.0519  38.5406  72.6687  
43.7458  28.6401  64.8455  
29.6131  30.5153  82.3024  
2.52314  23.1587  91.0641  
1.05766  34.7565  86.6912  
15.4685  24.9233  92.5837  
34.1086  49.8034  88.2419  
42.7458  13.1314  75.5561  
54.4594  22.5521  103.268  
43.1296  39.8766  98.6597  
46.7316  17.2198  91.586  
24.1027  13.9433  95.1136  
45.5219  43.0317  83.551  
8.2114  36.7099  81.3815  
33.2349  8.32242  85.3895  
14.655  42.3509  101.695  
34.8349  42.2225  85.3406  
9.76871  38.5612  29.4738  
14.7411  8.06113  92.3315  
41.6136  14.7291  63.908  
12.194  2.47842  82.5778  
28.9976  43.2728  93.2966  
2.88598  14.6379  96.6432  
37.0464  3.28703  91.1045  
14.0314  0.741714  87.4103  
35.8274  48.3091  101.117  
47.6107  52.8853  95.7525  
8.10273  27.0929  96.354  
0.870001  21.8989  99.067  
16.6692  25.3846  98.0311  
55.6046  41.9856  93.9661  
1.21602  37.978  78.9378  
15.7752  13.218  90.5962  
9.95172  19.8132  89.3505  
43.9984  45.9825  75.5874  
4.56046  18.1005  100.118  
10.8434  55.6017  102.321  
11.595  23.3854  98.2443  
49.6512  5.71096  97.7932  
53.1354  40.4563  80.4069  
46.5752  50.2802  104.314  
53.9836  22.326  90.4007  
0.0636637  49.6813  85.8304  
40.9312  6.16261  81.8334  
44.2118  42.847  88.4169  
35.3285  19.6044  101.378  
38.873  22.1068  86.4985  
21.4978  18.8692  94.2757  
47.3292  43.7139  97.9646  
55.1308  16.4457  75.8111  
1.55026  31.22  95.1765  
16.7147  53.3781  89.437  
53.974  8.85793  96.5982  
43.5826  49.2362  108.365  
4.03086  50.9791  92.0296  
55.2449  48.3969  73.6037  
32.4903  25.5049  89.6905  
22.0272  14.9158  73.2914  
54.2817  25.3919  83.0277  
29.5785  13.757  95.1985  
48.7321  34.0964  95.6483  
23.3928  21.0595  90.0498  
15.0579  47.6386  76.5412  
20.8662  11.2686  77.6612  
26.4656  17.7769  87.0949  
6.9114  31.2607  80.9837  
49.1916  34.9913  87.3053  
10.5072  10.0783  85.357  
27.4395  8.86633  101.178  
27.5336  25.0834  91.5995  
17.3845  31.5834  99.289  
49.3059  38.8847  76.9237  
29.1098  22.4092  96.0541  
38.2666  16.2106  93.5182  
44.5412  23.7934  81.816  
43.532  12.3919  102.366  
11.1649  22.6603  84.5033  
0.627619  4.76158  96.7585  
28.7822  8.6427  88.092  
43.3371  22.3633  69.5429  
9.35976  48.2692  85.818  
49.7566  22.1316  81.4643  
50.9988  6.16879  105.342  
14.0544  41.7676  84.311  
41.3955  19.2787  82.5251  
5.34217  41.2622  82.7112  
1.53164  3.56659  91.627  
20.0709  16.6503  103.7  
12.8392  55.4901  107.165  
36.1639  35.6239  96.1427  
2.48013  23.0341  81.522  
26.9939  6.19802  81.4864  
7.04493  10.1985  93.2566  
51.2134  17.8867  88.8288  
16.1586  36.5514  99.2701  
2.82513  17.6041  82.364  
30.3365  13.0074  100.283  
44.2815  24.1724  94.5958  
15.5461  43.6724  95.7097  
5.59864  27.2093  89.2376  
35.9212  37.6184  105.992  
33.8119  41.5161  76.3702  
1.37268  10.4257  99.6764  
41.1448  55.5681  101.374  
16.9464  54.4693  100.79  
6.21876  49.3228  97.6894  
1.56863  32.9804  81.448  
0.924882  30.3087  89.8944  
12.3558  9.47216  61.1357  
22.0839  34.4613  96.6619  
10.0091  39.1736  76.9869  
41.7369  34.9438  82.8238  
33.657  34.1254  88.6795  
1.63855  44.6837  86.5094  
47.0532  33.8789  70.8281  
44.5168  48.1777  89.6165  
32.9522  33.6954  102.015  
9.70838  47.6564  66.3789  
45.2018  2.81141  88.7779  
36.3218  8.36123  92.5669  
2.40341  35.9239  97.7652  
16.1812  24.3949  84.0288  
54.2736  29.8003  79.6311  
54.0766  5.13698  101.212  
18.1505  4.23536  105.036  
24.9984  11.2788  81.2247  
44.5663  2.77841  83.6305  
20.2091  1.3102  97.39  
33.8758  52.5285  96.4733  
26.3513  42.8256  102.764  
46.2459  43.1881  104.023  
29.0854  36.0661  82.1375  
27.5684  27.7767  100.318  
12.0601  46.8897  93.6218  
3.93155  41.0704  95.2976  
9.58212  4.17171  94.1877  
42.6282  26.9615  77.8162  
26.8316  35.6437  99.2952  
36.8915  4.62681  85.6563  
23.1912  51.9097  93.3702  
44.2307  12.9299  88.644  
9.75766  35.7363  86.6322  
39.3669  47.1909  73.2608  
49.568  27.1212  74.7883  
33.4853  17.0219  66.0152  
38.9598  49.2636  105.497  
30.4425  49.0673  98.5762  
31.3212  54.3187  87.8577  
48.1842  55.1101  90.3619  
46.2154  48.6204  71.6307  
14.7454  37.1709  76.639  
39.1876  44.4096  99.7581  
41.9023  18.6057  60.1827  
28.0016  19.6249  82.3894  
50.6193  19.0062  77.1524  
26.8799  30.1398  94.6034  
5.80282  11.4223  87.7892  
36.9049  42.7363  92.9192  
47.7852  20.5057  97.2917  
18.2482  32.6305  88.374  
51.1405  17.8829  104.236  
21.5211  10.9664  90.9699  
32.6345  44.8534  89.6755  
9.94358  4.71371  68.8316  
18.7904  0.738172  83.7914  
31.7983  17.3145  88.2582  
2.85501  25.5253  95.7067  
11.6879  14.6249  66.4222  
54.7549  15.2796  81.2464  
34.2117  21.6676  96.5261  
49.9451  17.1601  83.537  
53.5769  27.4017  88.5224  
39.205  29.1708  95.176  
12.8784  31.5952  87.9127  
42.486  32.3283  78.0728  
54.5716  13.9018  89.5251  
31.3591  29.5759  77.1741  
6.53299  26.1815  84.0279  
41.7214  7.0332  94.2409  
18.2648  48.3063  80.9071  
44.2467  40.7542  76.426  
41.486  0.488428  91.8029  
25.1316  55.2568  97.5723  
40.0846  39.7366  63.792  
22.7612  13.139  100.429  
53.3862  37.9552  85.4933  
54.3174  45.7394  78.4934  
36.4369  24.918  93.2092  
43.7175  0.900665  107.157  
11.5234  10.5315  48.3165  
53.7158  38.009  26.9534  
6.1955  8.24412  57.0666  
20.9877  21.9539  35.446  
2.09338  46.8585  25.2873  
38.5225  18.0632  66.5414  
50.2739  20.8044  17.7497  
2.97057  41.6183  26.1138  
16.5066  47.8336  31.3661  
0.235443  7.6315  20.6594  
3.60913  21.9144  21.4672  
40.2849  21.3935  50.1709  
15.7884  32.8973  35.3351  
7.87779  6.94834  100.705  
12.648  3.24701  45.1721  
10.8774  13.6981  22.4089  
33.984  38.0397  40.6422  
36.99  53.3178  37.9884  
13.9051  36.3175  43.4189  
49.7746  15.9852  30.348  
3.97683  44.2964  99.9946  
5.14745  19.9198  47.5932  
39.7055  35.0506  29.4167  
16.9747  55.6648  76.3243  
52.8827  18.2383  25.566  
1.2614  1.88275  21.0778  
43.7833  27.767  85.4677  
11.3926  0.51681  58.7291  
12.5597  6.74446  24.3182  
49.996  40.7657  41.7872  
46.7308  12.1473  26.9465  
50.7666  33.7271  27.5799  
5.33303  38.4144  87.3215  
3.30361  48.9449  44.0074  
20.5007  40.1519  25.7165  
22.3784  30.0308  102.07  
55.7297  53.8232  29.8332  
21.4073  5.41117  28.3179  
40.719  7.20897  105.921  
21.9082  3.21286  23.6374  
43.201  47.0652  48.3326  
30.9425  9.17739  93.0512  
37.3945  9.86981  27.024  
34.3507  3.79972  25.8905  
44.7268  17.8934  43.2557  
25.2343  36.2561  38.8031  
33.6423  26.6795  99.2653  
39.1045  35.4465  87.799  
1.72528  35.9551  38.242  
40.6702  10.3237  38.8746  
53.6448  11.7805  23.333  
47.2344  17.1647  36.2169  
16.5139  45.3869  39.9689  
13.72  48.9919  88.1536  
42.3991  46.7491  53.7103  
44.7821  34.0981  36.589  
37.6109  42.826  43.6473  
51.9367  8.26901  31.7452  
41.9543  55.9404  80.6344  
47.4764  15.0986  96.0651  
15.9786  42.7545  28.0945  
22.8052  45.117  37.5871  
56.5023  33.1348  23.6324  
41.8297  54.4257  95.9371  
17.7669  38.498  94.9527  
12.7718  6.64222  51.6817  
27.1148  51.403  35.6295  
24.0797  31.006  28.9001  
30.0873  46.6384  58.8347  
22.6263  50.8078  23.4834  
54.5915  36.8007  46.0703  
17.471  49.5102  36.7981  
49.275  12.5171  103.05  
13.6763  47.0113  24.4783  
17.1243  5.2005  88.4267  
36.7117  38.8296  57.2336  
40.8259  18.7501  28.1721  
50.2075  4.43751  22.0313  
33.942  42.697  29.0753  
39.4546  27.5751  33.4197  
2.62149  15.5126  87.5588  
17.2647  36.3819  26.0519  
29.8983  5.27483  32.2094  
14.5753  53.9803  37.6179  
29.8825  43.0852  41.6037  
40.6126  37.582  24.0902  
38.6015  16.4249  75.0174  
55.9172  24.7265  23.1505  
32.4662  10.7373  77.0572  
7.85121  13.3388  56.3887  
23.0664  12.9849  38.277  
1.63497  4.1633  26.0312  
12.5533  54.6622  63.4466  
46.042  26.2053  46.8804  
22.1938  49.0149  29.7447  
20.7961  15.0904  24.3689  
26.6426  15.0247  28.3803  
40.0373  23.6032  23.9992  
5.89629  31.9378  26.4715  
9.10999  28.1512  32.5993  
34.294  53.0874  50.0112  
27.7896  24.447  29.2869  
38.5422  3.02039  78.346  
49.154  3.58357  81.4253  
38.7954  39.7456  37.9194  
8.54717  19.2373  26.0053  
33.1626  47.3  42.6568  
35.5809  9.963  35.8215  
42.2388  34.9897  45.6751  
47.0607  34.1956  76.159  
34.7827  21.7032  20.9919  
5.47331  14.6813  24.0728  
13.6978  37.7219  32.4695  
23.7896  55.0379  20.6966  
3.49554  7.67555  84.6959  
46.7484  11.2857  32.6848  
35.1589  45.1385  51.9366  
11.1936  20.2846  41.1666  
53.4193  1.11654  25.3749  
55.4205  44.6837  36.6974  
40.8004  5.43018  42.1897  
54.306  42.2284  88.8841  
6.60912  35.1328  36.0327  
8.09214  33.5015  31.1558  
8.45086  6.64064  63.8948  
51.2422  43.4283  34.0183  
36.3108  39.3503  99.7255  
2.17867  40.0897  46.3227  
33.0892  17.3049  93.461  
42.7895  45.6861  33.4115  
7.42677  14.4302  35.3106  
27.2214  16.124  38.2238  
17.1252  45.8172  85.5178  
20.1032  36.3188  35.8752  
11.5181  17.7769  82.4347  
45.2062  10.2121  97.3425  
28.6553  11.2978  15.2833  
2.06822  10.1048  28.2089  
32.0828  8.45802  22.6821  
33.5229  48.2261  47.942  
33.4834  29.4155  86.1158  
14.496  16.2084  26.1555  
46.2617  32.2762  83.7724  
15.7003  9.67793  85.8938  
3.02521  19.9302  42.6532  
53.4542  20.5693  95.5811  
47.4226  8.10907  89.355  
18.6602  26.3613  24.0892  
25.4397  40.5057  28.358  
18.2646  39.572  32.3227  
