0  0  0.000181646  0.000181557  0.000801082
0  1  5.15277e-05  5.14194e-05  0.000203872
0  1.42173  2.77347  4.27503
1  0  0.000180752  0.000180577  0.000793745
1  1  5.159e-05  5.14827e-05  0.000202559
1  1.44979  3.19521  4.27503
2  0  0.000175506  0.000175287  0.000775109
2  1  4.9832e-05  4.97291e-05  0.000195435
2  1.49304  3.85538  4.27503
3  0  0.000178774  0.000178708  0.000786414
3  1  5.10482e-05  5.0986e-05  0.000199435
3  1.52842  4.40505  4.27503
4  0  0.000179042  0.000178946  0.000788938
4  1  5.04122e-05  5.036e-05  0.000199358
4  1.54284  4.65948  4.27503
5  0  0.000181376  0.00018139  0.000795662
5  1  5.22726e-05  5.22139e-05  0.000203182
5  1.52997  4.53616  4.27503
6  0  0.000182877  0.000182778  0.000803446
6  1  5.30659e-05  5.30233e-05  0.000204697
6  1.48771  4.00651  4.27503
7  0  0.000185881  0.000185748  0.00081488
7  1  5.4009e-05  5.39724e-05  0.000207383
7  1.42321  3.17397  4.27503
8  0  0.000179873  0.000179764  0.00080025
8  1  5.14838e-05  5.14492e-05  0.000200564
8  1.35966  2.37705  4.27503
9  0  0.000182704  0.000182567  0.000806926
9  1  5.29525e-05  5.2947e-05  0.000202728
9  1.32881  2.07529  4.27503
10  0  0.000184021  0.000183866  0.000807173
10  1  5.3985e-05  5.39975e-05  0.000204188
10  1.34486  2.45808  4.27503
11  0  0.00018205  0.000181745  0.000795683
11  1  5.27426e-05  5.27409e-05  0.00020227
11  1.38927  3.21295  4.27503
12  0  0.000187725  0.000187425  0.000813903
12  1  5.537e-05  5.53086e-05  0.000208631
12  1.43022  3.84065  4.27503
13  0  0.000200578  0.000200334  0.000842052
13  1  6.21221e-05  6.20725e-05  0.000224672
13  1.4483  4.0683  4.27503
14  0  0.000189962  0.000189689  0.000812064
14  1  5.74668e-05  5.73928e-05  0.000212476
14  1.44033  3.88781  4.27503
15  0  0.000190699  0.000190532  0.000809757
15  1  5.85753e-05  5.85065e-05  0.000214348
15  1.41161  3.40997  4.27503
16  0  0.000192008  0.000191769  0.000808962
16  1  6.09442e-05  6.08625e-05  0.000215857
16  1.37208  2.79148  4.27503
17  0  0.000190316  0.000190057  0.000818051
17  1  5.78905e-05  5.78058e-05  0.00021271
17  1.33692  2.24851  4.27503
18  0  0.000197721  0.000197426  0.000840114
18  1  6.16348e-05  6.15519e-05  0.000222653
18  1.32344  2.02795  4.27503
19  0  0.000195149  0.000194957  0.000829289
19  1  6.09432e-05  6.08302e-05  0.000220479
19  1.3397  2.25185  4.27503
20  0  0.000188526  0.00018823  0.000810602
20  1  5.7499e-05  5.7371e-05  0.000210743
20  1.37555  2.78055  4.27503
21  0  0.000178071  0.000177878  0.000776877
21  1  5.28223e-05  5.27606e-05  0.000197817
21  1.40995  3.31669  4.27503
22  0  0.000174043  0.000173968  0.00077095
22  1  5.01816e-05  5.01026e-05  0.000193381
22  1.42631  3.63387  4.27503
23  0  0.000174716  0.000174641  0.000775422
23  1  5.02233e-05  5.015e-05  0.000193906
23  1.41819  3.64896  4.27503
24  0  0.000171421  0.000171434  0.000771515
24  1  4.86167e-05  4.85544e-05  0.000190581
24  1.3865  3.36458  4.27503
25  0  0.000177009  0.000176899  0.000788207
25  1  5.1415e-05  5.13975e-05  0.000196855
25  1.33847  2.8557  4.27503
26  0  0.000177394  0.000177226  0.000788159
26  1  5.11581e-05  5.1108e-05  0.000197594
26  1.28952  2.31335  4.27503
27  0  0.000178004  0.000177736  0.000796352
27  1  5.12241e-05  5.11727e-05  0.00019805
27  1.26026  2.01552  4.27503
28  0  0.000174995  0.000174891  0.000783522
28  1  5.0263e-05  5.0246e-05  0.000194484
28  1.26486  2.16376  4.27503
29  0  0.000163896  0.000163764  0.000750511
29  1  4.618e-05  4.61208e-05  0.000181794
29  1.29935  2.70261  4.27503
30  0  0.000166105  0.000166043  0.000753965
30  1  4.64587e-05  4.64228e-05  0.000184037
30  1.3422  3.3186  4.27503
31  0  0.000164848  0.000164784  0.000747185
31  1  4.70775e-05  4.70198e-05  0.000182931
31  1.3699  3.67912  4.27503
32  0  0.00016938  0.00016913  0.00075005
32  1  4.89968e-05  4.89587e-05  0.000188128
32  1.37238  3.66131  4.27503
33  0  0.000163578  0.000163372  0.000733777
33  1  4.73923e-05  4.73526e-05  0.000181805
33  1.35368  3.35071  4.27503
34  0  0.000162609  0.000162411  0.000730851
34  1  4.69299e-05  4.68872e-05  0.000180885
34  1.32504  2.92477  4.27503
35  0  0.000155129  0.000154766  0.000716029
35  1  4.25899e-05  4.25445e-05  0.000171587
35  1.29982  2.57773  4.27503
36  0  0.000160981  0.00016079  0.000740641
36  1  4.4066e-05  4.40481e-05  0.000179013
36  1.2899  2.47466  4.27503
37  0  0.000162172  0.000162067  0.000733538
37  1  4.69591e-05  4.69194e-05  0.000181415
37  1.30007  2.67676  4.27503
38  0  0.000158011  0.000157769  0.000718006
38  1  4.45531e-05  4.45159e-05  0.000175376
38  1.32421  3.08645  4.27503
39  0  0.000155914  0.000155657  0.000708451
39  1  4.33112e-05  4.32637e-05  0.000172949
39  1.34953  3.51293  4.27503
40  0  0.000159627  0.000159465  0.00072028
40  1  4.49764e-05  4.49321e-05  0.000177056
40  1.3643  3.79259  4.27503
41  0  0.000160807  0.000160572  0.000720002
41  1  4.5973e-05  4.59012e-05  0.000178998
41  1.36195  3.84225  4.27503
42  0  0.000163879  0.00016351  0.000727726
42  1  4.81299e-05  4.80936e-05  0.000183066
42  1.34191  3.66131  4.27503
43  0  0.000165219  0.000164864  0.000733477
43  1  4.84679e-05  4.8409e-05  0.00018503
43  1.30931  3.32207  4.27503
44  0  0.000165564  0.000165236  0.000728879
44  1  4.86101e-05  4.8582e-05  0.000185213
44  1.27392  2.95663  4.27503
45  0  0.00017055  0.000170146  0.000735965
45  1  5.07887e-05  5.07561e-05  0.000191531
45  1.24752  2.72188  4.27503
46  0  0.000173937  0.000173588  0.000745653
46  1  5.29651e-05  5.29145e-05  0.000196319
46  1.23879  2.72604  4.27503
47  0  0.000176644  0.000176406  0.00075496
47  1  5.38568e-05  5.3789e-05  0.000198996
47  1.24856  2.95958  4.27503
48  0  0.000170138  0.000169924  0.000740877
48  1  5.00087e-05  4.9981e-05  0.000190761
48  1.26933  3.29334  4.27503
49  0  0.000166498  0.000166333  0.000735663
49  1  4.72433e-05  4.72107e-05  0.00018565
49  1.28899  3.54512  4.27503
50  0  0.000166332  0.000166338  0.000736219
50  1  4.72245e-05  4.7202e-05  0.000185298
50  1.29658  3.57263  4.27503
51  0  0.000166881  0.000166746  0.000738478
51  1  4.73874e-05  4.73884e-05  0.000186152
51  1.28841  3.35548  4.27503
52  0  0.000161474  0.000161321  0.000724735
52  1  4.52966e-05  4.52982e-05  0.000180101
52  1.27006  3.00426  4.27503
53  0  0.000163182  0.000163026  0.000727431
53  1  4.59532e-05  4.59402e-05  0.000181309
53  1.25274  2.69134  4.27503
54  0  0.000160493  0.00016028  0.00072358
54  1  4.41792e-05  4.41531e-05  0.000177866
54  1.24744  2.56729  4.27503
55  0  0.000163945  0.000163852  0.000738734
55  1  4.56825e-05  4.56579e-05  0.000181119
55  1.25906  2.69014  4.27503
56  0  0.000166761  0.000166625  0.000741432
56  1  4.6641e-05  4.66422e-05  0.000184109
56  1.28261  2.98358  4.27503
57  0  0.000164367  0.000164051  0.000724784
57  1  4.71779e-05  4.71737e-05  0.000181203
57  1.30603  3.28407  4.27503
58  0  0.000170985  0.000170698  0.000745156
58  1  4.9416e-05  4.94157e-05  0.000188465
58  1.31881  3.46228  4.27503
59  0  0.000174842  0.00017459  0.000752448
59  1  5.12166e-05  5.12123e-05  0.000192923
59  1.31703  3.4826  4.27503
60  0  0.000179718  0.000179403  0.000762394
60  1  5.46421e-05  5.46515e-05  0.000199867
60  1.30182  3.36482  4.27503
61  0  0.000178023  0.000177795  0.000760437
61  1  5.43534e-05  5.4365e-05  0.000198418
61  1.27799  3.15901  4.27503
62  0  0.00017835  0.000178085  0.000756443
62  1  5.3714e-05  5.37189e-05  0.00019887
62  1.25384  2.95298  4.27503
63  0  0.000173834  0.000173517  0.000736467
63  1  5.22968e-05  5.22717e-05  0.000193214
63  1.23803  2.84043  4.27503
64  0  0.000176708  0.000176437  0.000742522
64  1  5.39806e-05  5.39657e-05  0.000196662
64  1.23505  2.86522  4.27503
65  0  0.000178977  0.000178769  0.000751106
65  1  5.50493e-05  5.50631e-05  0.000200395
65  1.24379  3.00084  4.27503
66  0  0.000171242  0.000171  0.000733868
66  1  5.03439e-05  5.03209e-05  0.0001902
66  1.25882  3.16778  4.27503
67  0  0.000163162  0.000162993  0.000716844
67  1  4.72068e-05  4.71668e-05  0.000181501
67  1.27326  3.27322  4.27503
68  0  0.000161377  0.000161109  0.000716616
68  1  4.53225e-05  4.53224e-05  0.000178899
68  1.28147  3.25256  4.27503
69  0  0.00016263  0.000162399  0.000725695
69  1  4.54767e-05  4.55005e-05  0.000180264
69  1.28088  3.09154  4.27503
70  0  0.000160284  0.000160122  0.000718701
70  1  4.48069e-05  4.47869e-05  0.000178233
70  1.27379  2.84431  4.27503
71  0  0.000159933  0.000159755  0.000720281
71  1  4.41536e-05  4.41461e-05  0.000177382
71  1.26706  2.62264  4.27503
72  0  0.000159018  0.000158745  0.000718379
72  1  4.39473e-05  4.39026e-05  0.000175882
72  1.26806  2.53845  4.27503
73  0  0.000157116  0.000156807  0.000714785
73  1  4.29538e-05  4.29118e-05  0.000172964
73  1.28004  2.64262  4.27503
74  0  0.00016087  0.000160675  0.000733176
74  1  4.3753e-05  4.36934e-05  0.000177209
74  1.29956  2.88738  4.27503
75  0  0.000167388  0.000167176  0.000747302
75  1  4.69936e-05  4.6909e-05  0.000185549
75  1.31777  3.14282  4.27503
76  0  0.000164993  0.000164663  0.000742517
76  1  4.63462e-05  4.62305e-05  0.00018227
76  1.32624  3.28426  4.27503
77  0  0.000168686  0.000168379  0.000750183
77  1  4.75759e-05  4.74752e-05  0.000186647
77  1.32253  3.275  4.27503
78  0  0.00017031  0.000170062  0.000760354
78  1  4.83768e-05  4.82993e-05  0.000188616
78  1.31033  3.16496  4.27503
79  0  0.000168514  0.000168366  0.000753621
79  1  4.74547e-05  4.73595e-05  0.000186229
79  1.29582  3.03241  4.27503
80  0  0.000169772  0.000169527  0.000757082
80  1  4.79522e-05  4.78573e-05  0.00018823
80  1.28455  2.94014  4.27503
81  0  0.00016571  0.000165563  0.000738941
81  1  4.69896e-05  4.69345e-05  0.000183765
81  1.27997  2.92284  4.27503
82  0  0.000169642  0.000169492  0.000746295
82  1  4.84813e-05  4.84116e-05  0.000187937
82  1.28243  2.97917  4.27503
83  0  0.000165638  0.000165453  0.000735432
83  1  4.67282e-05  4.66791e-05  0.000183049
83  1.28949  3.07484  4.27503
84  0  0.000167864  0.000167752  0.000741038
84  1  4.78712e-05  4.78762e-05  0.000185927
84  1.29756  3.16071  4.27503
85  0  0.000161797  0.00016161  0.000722853
85  1  4.59402e-05  4.59052e-05  0.000180153
85  1.30322  3.188  4.27503
86  0  0.000162855  0.000162733  0.000729513
86  1  4.56306e-05  4.56002e-05  0.000182119
86  1.30449  3.12663  4.27503
87  0  0.000167022  0.000166751  0.000748743
87  1  4.71889e-05  4.71279e-05  0.000186713
87  1.30172  2.98394  4.27503
88  0  0.000171003  0.000170752  0.000769469
88  1  4.89523e-05  4.8914e-05  0.000191676
88  1.29721  2.80078  4.27503
89  0  0.000170415  0.000170184  0.000760949
89  1  4.9686e-05  4.96083e-05  0.00019119
89  1.29444  2.63609  4.27503
90  0  0.000168194  0.000167889  0.000764327
90  1  4.70816e-05  4.70163e-05  0.000187116
90  1.29745  2.55347  4.27503
91  0  0.000163117  0.000162726  0.000754233
91  1  4.49598e-05  4.48968e-05  0.000180355
91  1.30887  2.59478  4.27503
92  0  0.000166534  0.000166154  0.000763108
92  1  4.70504e-05  4.69595e-05  0.000184575
92  1.32747  2.74733  4.27503
93  0  0.000173426  0.000173174  0.000779895
93  1  5.05267e-05  5.04431e-05  0.000192932
93  1.3474  2.93487  4.27503
94  0  0.000181405  0.000181134  0.000804049
94  1  5.24104e-05  5.23199e-05  0.000202235
94  1.36084  3.05551  4.27503
95  0  0.000176346  0.00017596  0.000791318
95  1  5.0673e-05  5.06214e-05  0.000195836
95  1.36292  3.05333  4.27503
96  0  0.000174889  0.000174435  0.000786406
96  1  4.93327e-05  4.92639e-05  0.000194527
96  1.35505  2.95789  4.27503
97  0  0.000174101  0.00017365  0.000774812
97  1  5.06358e-05  5.057e-05  0.000193063
97  1.34355  2.8548  4.27503
98  0  0.000174641  0.000174266  0.000785581
98  1  5.00979e-05  5.00132e-05  0.000194105
98  1.33552  2.82377  4.27503
99  0  0.00017468  0.00017415  0.000785148
99  1  4.9707e-05  4.96148e-05  0.000193888
99  1.33459  2.88756  4.27503
